No.                	Time               	Voltage[ V ]       	Current[ mA ]      	Active Power[ W ]  	Apparent Power[ VA ]	Reactive Power[ Var ]	Power Factor[ PF ] 	Frequency[ Hz ]    	Watt Hours[ Wh ]   	CO2[ g ]           	Cost[ Dollar ]     
1                  	2021-01-27 20:16:49	215.6000           	22.4500            	2.8160             	4.8402             	3.9395             	0.5810             	60.0100            	0.0000             	0.0000             	0.0000             
2                  	2021-01-27 20:16:51	215.5000           	22.4000            	2.8170             	4.8272             	3.9220             	0.5830             	60.0100            	0.0000             	0.0000             	0.0000             
3                  	2021-01-27 20:16:52	215.5000           	22.4000            	2.8060             	4.8272             	3.9289             	0.5810             	60.0100            	0.0000             	0.0000             	0.0000             
4                  	2021-01-27 20:16:53	215.5000           	22.0800            	2.7720             	4.7582             	3.8693             	0.5820             	60.0100            	0.0000             	0.0000             	0.0000             
5                  	2021-01-27 20:16:54	215.6000           	22.0600            	2.7690             	4.7561             	3.8676             	0.5820             	60.0100            	0.0000             	0.0000             	0.0000             
6                  	2021-01-27 20:16:55	215.6000           	21.8900            	2.7620             	4.7195             	3.8277             	0.5850             	60.0000            	0.0000             	0.0000             	0.0000             
7                  	2021-01-27 20:16:56	215.7000           	21.9300            	2.7670             	4.7303             	3.8398             	0.5840             	60.0000            	0.0000             	0.0000             	0.0000             
8                  	2021-01-27 20:16:57	215.5000           	23.1900            	2.9320             	4.9974             	4.0495             	0.5860             	60.0200            	0.0000             	0.0000             	0.0000             
9                  	2021-01-27 20:16:58	215.5000           	25.0300            	3.1590             	5.3940             	4.3747             	0.5850             	60.0200            	0.0000             	0.0000             	0.0000             
10                 	2021-01-27 20:16:59	215.4000           	21.8900            	2.7600             	4.7151             	3.8241             	0.5850             	60.0100            	0.0000             	0.0000             	0.0000             
11                 	2021-01-27 20:17:00	215.4000           	24.5100            	3.0860             	5.2795             	4.2856             	0.5840             	60.0000            	0.0000             	0.0000             	0.0000             
12                 	2021-01-27 20:17:02	215.5000           	22.2400            	2.7900             	4.7927             	3.8940             	0.5830             	60.0000            	0.0000             	0.0000             	0.0000             
13                 	2021-01-27 20:17:03	215.4000           	22.8300            	2.8800             	4.9176             	3.9883             	0.5850             	60.0000            	0.0000             	0.0000             	0.0000             
14                 	2021-01-27 20:17:04	215.3000           	22.4600            	2.8320             	4.8356             	3.9219             	0.5850             	60.0000            	0.0000             	0.0000             	0.0000             
15                 	2021-01-27 20:17:05	215.3000           	22.1500            	2.7920             	4.7689             	3.8677             	0.5850             	59.9900            	0.0000             	0.0000             	0.0000             
16                 	2021-01-27 20:17:06	215.3000           	21.0400            	2.6370             	4.5299             	3.6837             	0.5820             	59.9800            	0.0000             	0.0000             	0.0000             
17                 	2021-01-27 20:17:07	215.3000           	22.1500            	2.7910             	4.7689             	3.8677             	0.5850             	59.9900            	0.0000             	0.0000             	0.0000             
18                 	2021-01-27 20:17:08	215.5000           	22.1000            	2.7930             	4.7626             	3.8591             	0.5860             	59.9900            	0.0000             	0.0000             	0.0000             
19                 	2021-01-27 20:17:10	215.5000           	27.0700            	3.4530             	5.8336             	4.7058             	0.5910             	59.9900            	0.0000             	0.0000             	0.0000             
20                 	2021-01-27 20:17:11	215.4000           	33.5000            	4.2600             	7.2159             	5.8261             	0.5900             	59.9900            	0.0000             	0.0000             	0.0000             
21                 	2021-01-27 20:17:12	215.6000           	28.1100            	3.5940             	6.0605             	4.8844             	0.5920             	59.9900            	0.0000             	0.0000             	0.0000             
22                 	2021-01-27 20:17:13	215.7000           	33.9800            	4.3610             	7.3295             	5.8963             	0.5940             	59.9900            	0.0000             	0.0000             	0.0000             
23                 	2021-01-27 20:17:14	215.6000           	33.6900            	4.3250             	7.2636             	5.8379             	0.5950             	59.9900            	0.0000             	0.0000             	0.0000             
24                 	2021-01-27 20:17:15	215.7000           	33.8300            	4.3500             	7.2971             	5.8595             	0.5960             	60.0000            	0.0000             	0.0000             	0.0000             
25                 	2021-01-27 20:17:16	215.8000           	37.9300            	4.8350             	8.1853             	6.6088             	0.5900             	60.0000            	0.0000             	0.0000             	0.0000             
26                 	2021-01-27 20:17:17	215.6000           	38.6800            	4.9120             	8.3394             	6.7454             	0.5880             	60.0000            	0.0000             	0.0000             	0.0000             
27                 	2021-01-27 20:17:19	215.8000           	39.1600            	4.9790             	8.4507             	6.8293             	0.5890             	60.0000            	0.0000             	0.0000             	0.0000             
28                 	2021-01-27 20:17:20	215.6000           	38.1600            	4.8460             	8.2273             	6.6547             	0.5880             	60.0100            	0.0000             	0.0000             	0.0000             
29                 	2021-01-27 20:17:21	215.5000           	33.6500            	4.3280             	7.2516             	5.8229             	0.5960             	60.0100            	0.0000             	0.0000             	0.0000             
30                 	2021-01-27 20:17:22	215.6000           	33.6600            	4.3280             	7.2571             	5.8273             	0.5960             	60.0100            	0.0000             	0.0000             	0.0000             
31                 	2021-01-27 20:17:23	215.7000           	39.7800            	5.0580             	8.5805             	6.9342             	0.5890             	60.0100            	0.0000             	0.0000             	0.0000             
32                 	2021-01-27 20:17:24	215.5000           	38.2100            	4.8750             	8.2343             	6.6423             	0.5910             	60.0100            	0.0000             	0.0000             	0.0000             
33                 	2021-01-27 20:17:25	215.4000           	32.6400            	4.1990             	7.0307             	5.6403             	0.5970             	60.0100            	0.0000             	0.0000             	0.0000             
34                 	2021-01-27 20:17:26	215.3000           	32.6600            	4.2070             	7.0317             	5.6359             	0.5980             	60.0100            	0.0000             	0.0000             	0.0000             
35                 	2021-01-27 20:17:27	215.4000           	32.5700            	4.1920             	7.0156             	5.6282             	0.5970             	60.0000            	0.0000             	0.0000             	0.0000             
36                 	2021-01-27 20:17:28	215.5000           	32.5600            	4.1940             	7.0167             	5.6291             	0.5970             	60.0000            	0.0000             	0.0000             	0.0000             
37                 	2021-01-27 20:17:29	215.7000           	32.4400            	4.1690             	6.9973             	5.6239             	0.5950             	59.9800            	0.0000             	0.0000             	0.0000             
38                 	2021-01-27 20:17:30	215.6000           	32.3300            	4.1570             	6.9703             	5.5971             	0.5960             	59.9900            	0.0000             	0.0000             	0.0000             
39                 	2021-01-27 20:17:32	215.6000           	32.4300            	4.1880             	6.9919             	5.6040             	0.5980             	59.9900            	0.0000             	0.0000             	0.0000             
40                 	2021-01-27 20:17:33	215.5000           	33.7100            	4.3330             	7.2645             	5.8333             	0.5960             	59.9900            	0.0000             	0.0000             	0.0000             
41                 	2021-01-27 20:17:34	215.5000           	33.6100            	4.3250             	7.2430             	5.8106             	0.5970             	59.9900            	0.0000             	0.0000             	0.0000             
42                 	2021-01-27 20:17:35	215.6000           	39.6500            	5.0550             	8.5485             	6.8959             	0.5910             	59.9800            	0.0000             	0.0000             	0.0000             
43                 	2021-01-27 20:17:36	215.7000           	39.6700            	5.0590             	8.5568             	6.9025             	0.5910             	59.9800            	0.0000             	0.0000             	0.0000             
44                 	2021-01-27 20:17:37	215.5000           	34.2600            	4.4000             	7.3830             	5.9339             	0.5950             	59.9800            	0.0000             	0.0000             	0.0000             
45                 	2021-01-27 20:17:38	215.6000           	32.5900            	4.2030             	7.0264             	5.6316             	0.5980             	59.9800            	0.0000             	0.0000             	0.0000             
46                 	2021-01-27 20:17:39	215.5000           	33.0900            	4.2510             	7.1309             	5.7260             	0.5960             	59.9800            	0.0000             	0.0000             	0.0000             
47                 	2021-01-27 20:17:40	215.4000           	32.8400            	4.2170             	7.0737             	5.6853             	0.5950             	59.9800            	0.0000             	0.0000             	0.0000             
48                 	2021-01-27 20:17:41	215.5000           	32.4000            	4.1520             	6.9822             	5.6169             	0.5940             	59.9800            	0.0000             	0.0000             	0.0000             
49                 	2021-01-27 20:17:42	215.4000           	32.3800            	4.1630             	6.9747             	5.6005             	0.5960             	59.9800            	0.0000             	0.0000             	0.0000             
50                 	2021-01-27 20:17:44	215.5000           	32.3600            	4.1610             	6.9736             	5.5997             	0.5960             	59.9800            	0.0000             	0.0000             	0.0000             
51                 	2021-01-27 20:17:45	215.4000           	32.3800            	4.1650             	6.9747             	5.6005             	0.5960             	59.9900            	0.0000             	0.0000             	0.0000             
52                 	2021-01-27 20:17:46	215.5000           	33.5200            	4.2870             	7.2236             	5.8164             	0.5930             	60.0000            	0.0000             	0.0000             	0.0000             
53                 	2021-01-27 20:17:47	215.7000           	38.1400            	4.8640             	8.2268             	6.6363             	0.5910             	59.9900            	0.0000             	0.0000             	0.0000             
54                 	2021-01-27 20:17:48	215.6000           	38.3400            	4.8800             	8.2661             	6.6741             	0.5900             	60.0000            	0.0000             	0.0000             	0.0000             
55                 	2021-01-27 20:17:49	215.2000           	33.3100            	4.2680             	7.1683             	5.7614             	0.5950             	60.0000            	0.0000             	0.0000             	0.0000             
56                 	2021-01-27 20:17:50	215.6000           	32.9000            	4.2240             	7.0932             	5.7010             	0.5950             	60.0000            	0.0000             	0.0000             	0.0000             
57                 	2021-01-27 20:17:52	215.7000           	34.2200            	4.3900             	7.3813             	5.9380             	0.5940             	60.0100            	0.0000             	0.0000             	0.0000             
58                 	2021-01-27 20:17:53	215.5000           	34.2200            	4.3870             	7.3744             	5.9325             	0.5940             	60.0000            	0.0000             	0.0000             	0.0000             
59                 	2021-01-27 20:17:54	215.4000           	33.7700            	4.3450             	7.2741             	5.8355             	0.5970             	60.0000            	0.0000             	0.0000             	0.0000             
60                 	2021-01-27 20:17:55	215.4000           	32.5000            	4.1730             	7.0005             	5.6265             	0.5950             	60.0000            	0.0000             	0.0000             	0.0000             
61                 	2021-01-27 20:17:56	215.5000           	32.3500            	4.1570             	6.9714             	5.5979             	0.5960             	60.0000            	0.0000             	0.0000             	0.0000             
62                 	2021-01-27 20:17:57	215.6000           	34.6700            	4.4470             	7.4749             	6.0133             	0.5940             	60.0000            	0.0000             	0.0000             	0.0000             
63                 	2021-01-27 20:17:58	215.4000           	33.7400            	4.3340             	7.2676             	5.8358             	0.5960             	60.0000            	0.0000             	0.0000             	0.0000             
64                 	2021-01-27 20:17:59	215.5000           	39.6500            	5.0530             	8.5446             	6.8927             	0.5910             	60.0000            	0.0000             	0.0000             	0.0000             
65                 	2021-01-27 20:18:00	215.6000           	39.9000            	5.0810             	8.6024             	6.9456             	0.5900             	60.0100            	0.0000             	0.0000             	0.0000             
66                 	2021-01-27 20:18:01	215.5000           	34.2900            	4.3950             	7.3895             	5.9446             	0.5940             	60.0100            	0.0000             	0.0000             	0.0000             
67                 	2021-01-27 20:18:02	215.5000           	32.8800            	4.2190             	7.0856             	5.6949             	0.5950             	60.0100            	0.0000             	0.0000             	0.0000             
68                 	2021-01-27 20:18:03	215.4000           	32.9400            	4.2280             	7.0953             	5.7027             	0.5950             	60.0100            	0.0000             	0.0000             	0.0000             
69                 	2021-01-27 20:18:05	215.5000           	33.9800            	4.3700             	7.3227             	5.8800             	0.5960             	60.0100            	0.0000             	0.0000             	0.0000             
70                 	2021-01-27 20:18:06	215.5000           	33.8200            	4.3460             	7.2882             	5.8523             	0.5960             	60.0200            	0.0000             	0.0000             	0.0000             
71                 	2021-01-27 20:18:07	215.4000           	33.8300            	4.3370             	7.2870             	5.8567             	0.5950             	60.0200            	0.0000             	0.0000             	0.0000             
72                 	2021-01-27 20:18:08	215.4000           	32.5700            	4.1750             	7.0156             	5.6438             	0.5940             	60.0200            	0.0000             	0.0000             	0.0000             
73                 	2021-01-27 20:18:09	215.5000           	32.6700            	4.1920             	7.0404             	5.6585             	0.5950             	60.0200            	0.0000             	0.0000             	0.0000             
74                 	2021-01-27 20:18:10	215.5000           	32.6400            	4.1950             	7.0339             	5.6481             	0.5960             	60.0300            	0.0000             	0.0000             	0.0000             
75                 	2021-01-27 20:18:11	215.5000           	38.1700            	4.8840             	8.2256             	6.6233             	0.5930             	60.0200            	0.0000             	0.0000             	0.0000             
76                 	2021-01-27 20:18:12	215.4000           	38.2200            	4.8810             	8.2326             	6.6350             	0.5920             	60.0200            	0.0000             	0.0000             	0.0000             
77                 	2021-01-27 20:18:14	215.5000           	32.6600            	4.1970             	7.0382             	5.6516             	0.5960             	60.0200            	0.0000             	0.0000             	0.0000             
78                 	2021-01-27 20:18:15	215.6000           	32.6600            	4.1870             	7.0415             	5.6646             	0.5940             	60.0100            	0.0000             	0.0000             	0.0000             
79                 	2021-01-27 20:18:16	215.3000           	32.7400            	4.2040             	7.0489             	5.6602             	0.5960             	60.0200            	0.0000             	0.0000             	0.0000             
80                 	2021-01-27 20:18:17	215.2000           	32.5200            	4.1680             	6.9983             	5.6247             	0.5950             	60.0100            	0.0000             	0.0000             	0.0000             
81                 	2021-01-27 20:18:18	215.1000           	32.2100            	4.1390             	6.9284             	5.5582             	0.5970             	60.0100            	0.0000             	0.0000             	0.0000             
82                 	2021-01-27 20:18:19	215.4000           	33.7400            	4.3290             	7.2676             	5.8412             	0.5950             	60.0100            	0.0000             	0.0000             	0.0000             
83                 	2021-01-27 20:18:20	215.4000           	32.3000            	4.1450             	6.9574             	5.5867             	0.5960             	60.0200            	0.0000             	0.0000             	0.0000             
84                 	2021-01-27 20:18:21	215.4000           	32.3100            	4.1450             	6.9596             	5.5936             	0.5950             	60.0300            	0.0000             	0.0000             	0.0000             
85                 	2021-01-27 20:18:22	215.4000           	32.3000            	4.1520             	6.9574             	5.5867             	0.5960             	60.0300            	0.0000             	0.0000             	0.0000             
86                 	2021-01-27 20:18:23	215.2000           	38.0300            	4.8610             	8.1841             	6.5838             	0.5940             	60.0200            	0.0000             	0.0000             	0.0000             
87                 	2021-01-27 20:18:24	215.2000           	37.9100            	4.8500             	8.1582             	6.5630             	0.5940             	60.0300            	0.0000             	0.0000             	0.0000             
88                 	2021-01-27 20:18:26	215.3000           	32.9300            	4.2300             	7.0898             	5.6930             	0.5960             	60.0300            	0.0000             	0.0000             	0.0000             
89                 	2021-01-27 20:18:27	215.5000           	32.8200            	4.2230             	7.0727             	5.6793             	0.5960             	60.0300            	0.0000             	0.0000             	0.0000             
90                 	2021-01-27 20:18:28	215.5000           	32.7500            	4.2240             	7.0576             	5.6567             	0.5980             	60.0300            	0.0000             	0.0000             	0.0000             
91                 	2021-01-27 20:18:29	215.6000           	32.5400            	4.1830             	7.0156             	5.6334             	0.5960             	60.0300            	0.0000             	0.0000             	0.0000             
92                 	2021-01-27 20:18:30	215.4000           	32.4600            	4.1780             	6.9919             	5.6092             	0.5970             	60.0300            	0.0000             	0.0000             	0.0000             
93                 	2021-01-27 20:18:31	215.3000           	33.7700            	4.3480             	7.2707             	5.8328             	0.5970             	60.0200            	0.0000             	0.0000             	0.0000             
94                 	2021-01-27 20:18:32	215.6000           	33.8600            	4.3490             	7.3002             	5.8674             	0.5950             	60.0200            	0.0000             	0.0000             	0.0000             
95                 	2021-01-27 20:18:33	215.3000           	33.8300            	4.3440             	7.2836             	5.8486             	0.5960             	60.0400            	0.0000             	0.0000             	0.0000             
96                 	2021-01-27 20:18:35	215.3000           	39.8800            	5.0800             	8.5862             	6.9262             	0.5910             	60.0100            	0.0000             	0.0000             	0.0000             
97                 	2021-01-27 20:18:36	215.3000           	39.8900            	5.0880             	8.5883             	6.9217             	0.5920             	60.0100            	0.0000             	0.0000             	0.0000             
98                 	2021-01-27 20:18:37	215.4000           	39.0100            	4.9590             	8.4028             	6.7905             	0.5890             	60.0100            	0.0000             	0.0000             	0.0000             
99                 	2021-01-27 20:18:38	214.1000           	32.9800            	4.2380             	7.0610             	5.6488             	0.6000             	60.0100            	0.0000             	0.0000             	0.0000             
100                	2021-01-27 20:18:39	214.1000           	33.0900            	4.2470             	7.0846             	5.6730             	0.5990             	60.0000            	0.0000             	0.0000             	0.0000             
101                	2021-01-27 20:18:40	214.0000           	33.0800            	4.2430             	7.0791             	5.6686             	0.5990             	60.0000            	0.0000             	0.0000             	0.0000             
102                	2021-01-27 20:18:41	213.9000           	32.8100            	4.2040             	7.0181             	5.6249             	0.5980             	60.0100            	0.0000             	0.0000             	0.0000             
103                	2021-01-27 20:18:42	212.8000           	32.8400            	4.1860             	6.9884             	5.6011             	0.5980             	60.0100            	0.0000             	0.0000             	0.0000             
104                	2021-01-27 20:18:44	212.8000           	32.9200            	4.2040             	7.0054             	5.6095             	0.5990             	60.0100            	0.0000             	0.0000             	0.0000             
105                	2021-01-27 20:18:45	212.9000           	34.2600            	4.3760             	7.2940             	5.8406             	0.5990             	60.0000            	0.0000             	0.0000             	0.0000             
106                	2021-01-27 20:18:46	212.8000           	40.2500            	5.0890             	8.5652             	6.8904             	0.5940             	60.0000            	0.0000             	0.0000             	0.0000             
107                	2021-01-27 20:18:47	212.8000           	40.1200            	5.0660             	8.5375             	6.8744             	0.5930             	60.0000            	0.0000             	0.0000             	0.0000             
108                	2021-01-27 20:18:48	212.8000           	39.1400            	4.9350             	8.3290             	6.7127             	0.5920             	59.9900            	0.0000             	0.0000             	0.0000             
109                	2021-01-27 20:18:49	212.8000           	38.6000            	4.8460             	8.2141             	6.6381             	0.5890             	59.9900            	0.0000             	0.0000             	0.0000             
110                	2021-01-27 20:18:50	212.9000           	33.5600            	4.2480             	7.1449             	5.7478             	0.5940             	59.9900            	0.0000             	0.0000             	0.0000             
111                	2021-01-27 20:18:51	213.1000           	34.6700            	4.3960             	7.3882             	5.9435             	0.5940             	59.9900            	0.0000             	0.0000             	0.0000             
112                	2021-01-27 20:18:52	213.1000           	34.7000            	4.3910             	7.3946             	5.9541             	0.5930             	59.9900            	0.0000             	0.0000             	0.0000             
113                	2021-01-27 20:18:54	213.1000           	33.1200            	4.1880             	7.0579             	5.6830             	0.5930             	60.0000            	0.0000             	0.0000             	0.0000             
114                	2021-01-27 20:18:55	213.3000           	33.1100            	4.1870             	7.0624             	5.6918             	0.5920             	60.0000            	0.0000             	0.0000             	0.0000             
115                	2021-01-27 20:18:56	213.1000           	33.1300            	4.1890             	7.0600             	5.6847             	0.5930             	60.0000            	0.0000             	0.0000             	0.0000             
116                	2021-01-27 20:18:57	213.1000           	35.1200            	4.4410             	7.4841             	6.0262             	0.5930             	60.0100            	0.0000             	0.0000             	0.0000             
117                	2021-01-27 20:18:58	213.0000           	34.2200            	4.3610             	7.2889             	5.8420             	0.5980             	60.0100            	0.0000             	0.0000             	0.0000             
118                	2021-01-27 20:18:59	213.1000           	39.7000            	5.0220             	8.4601             	6.8121             	0.5930             	60.0100            	0.0000             	0.0000             	0.0000             
119                	2021-01-27 20:19:00	213.1000           	38.4100            	4.8860             	8.1852             	6.5726             	0.5960             	60.0000            	0.0000             	0.0000             	0.0000             
120                	2021-01-27 20:19:01	213.2000           	33.4400            	4.2740             	7.1294             	5.7089             	0.5990             	60.0000            	0.0000             	0.0000             	0.0000             
121                	2021-01-27 20:19:02	213.2000           	34.5600            	4.4220             	7.3682             	5.8946             	0.6000             	60.0000            	0.0000             	0.0000             	0.0000             
122                	2021-01-27 20:19:03	213.3000           	34.5500            	4.4100             	7.3695             	5.9066             	0.5980             	60.0100            	0.0000             	0.0000             	0.0000             
123                	2021-01-27 20:19:05	212.9000           	33.1900            	4.2500             	7.0662             	5.6476             	0.6010             	60.0100            	0.0000             	0.0000             	0.0000             
124                	2021-01-27 20:19:06	213.5000           	34.0800            	4.3550             	7.2761             	5.8317             	0.5980             	60.0100            	0.0000             	0.0000             	0.0000             
125                	2021-01-27 20:19:07	213.4000           	34.0700            	4.3520             	7.2705             	5.8273             	0.5980             	60.0100            	0.0000             	0.0000             	0.0000             
126                	2021-01-27 20:19:08	213.1000           	32.8400            	4.1910             	6.9982             	5.6090             	0.5980             	60.0000            	0.0000             	0.0000             	0.0000             
127                	2021-01-27 20:19:09	213.4000           	32.7100            	4.1860             	6.9803             	5.5895             	0.5990             	60.0100            	0.0000             	0.0000             	0.0000             
128                	2021-01-27 20:19:10	213.3000           	32.8000            	4.1870             	6.9962             	5.6075             	0.5980             	60.0100            	0.0000             	0.0000             	0.0000             
129                	2021-01-27 20:19:11	213.1000           	27.4400            	3.4680             	5.8475             	4.7127             	0.5920             	60.0100            	0.0000             	0.0000             	0.0000             
130                	2021-01-27 20:19:12	213.4000           	23.0700            	2.8890             	4.9231             	3.9893             	0.5860             	60.0000            	0.0000             	0.0000             	0.0000             
131                	2021-01-27 20:19:13	213.2000           	23.3800            	2.9290             	4.9846             	4.0355             	0.5870             	60.0100            	0.0000             	0.0000             	0.0000             
132                	2021-01-27 20:19:14	213.2000           	22.8400            	2.8630             	4.8695             	3.9423             	0.5870             	60.0100            	0.0000             	0.0000             	0.0000             
133                	2021-01-27 20:19:15	213.3000           	22.5300            	2.8100             	4.8056             	3.9010             	0.5840             	60.0000            	0.0000             	0.0000             	0.0000             
134                	2021-01-27 20:19:16	213.2000           	22.3700            	2.7990             	4.7693             	3.8646             	0.5860             	60.0000            	0.0000             	0.0000             	0.0000             
135                	2021-01-27 20:19:17	213.2000           	21.5900            	2.6920             	4.6030             	3.7365             	0.5840             	60.0000            	0.0000             	0.0000             	0.0000             
136                	2021-01-27 20:19:19	213.2000           	22.3600            	2.7920             	4.7672             	3.8663             	0.5850             	60.0000            	0.0000             	0.0000             	0.0000             
137                	2021-01-27 20:19:20	213.3000           	21.1100            	2.6270             	4.5028             	3.6584             	0.5830             	59.9900            	0.0000             	0.0000             	0.0000             
138                	2021-01-27 20:19:21	213.3000           	21.1000            	2.6280             	4.5006             	3.6566             	0.5830             	59.9900            	0.0000             	0.0000             	0.0000             
139                	2021-01-27 20:19:22	213.3000           	21.1100            	2.6270             	4.5028             	3.6584             	0.5830             	59.9900            	0.0000             	0.0000             	0.0000             
140                	2021-01-27 20:19:23	213.1000           	21.2000            	2.6330             	4.5177             	3.6738             	0.5820             	59.9900            	0.0000             	0.0000             	0.0000             
141                	2021-01-27 20:19:24	213.2000           	21.1600            	2.6270             	4.5113             	3.6685             	0.5820             	59.9900            	0.0000             	0.0000             	0.0000             
142                	2021-01-27 20:19:25	213.1000           	21.2400            	2.6360             	4.5262             	3.6839             	0.5810             	59.9900            	0.0000             	0.0000             	0.0000             
143                	2021-01-27 20:19:26	213.1000           	21.1900            	2.6280             	4.5156             	3.6753             	0.5810             	59.9900            	0.0000             	0.0000             	0.0000             
144                	2021-01-27 20:19:27	213.2000           	21.2000            	2.6280             	4.5198             	3.6787             	0.5810             	59.9800            	0.0000             	0.0000             	0.0000             
145                	2021-01-27 20:19:28	213.2000           	21.1600            	2.6250             	4.5113             	3.6718             	0.5810             	59.9800            	0.0000             	0.0000             	0.0000             
146                	2021-01-27 20:19:29	213.2000           	21.1400            	2.6250             	4.5070             	3.6651             	0.5820             	59.9900            	0.0000             	0.0000             	0.0000             
147                	2021-01-27 20:19:30	213.3000           	21.3000            	2.6410             	4.5433             	3.7010             	0.5800             	59.9900            	0.0000             	0.0000             	0.0000             
148                	2021-01-27 20:19:32	213.4000           	22.4100            	2.7990             	4.7823             	3.8820             	0.5840             	59.9900            	0.0000             	0.0000             	0.0000             
149                	2021-01-27 20:19:33	213.3000           	22.4400            	2.8010             	4.7865             	3.8854             	0.5840             	59.9800            	0.0000             	0.0000             	0.0000             
150                	2021-01-27 20:19:34	213.3000           	22.2900            	2.7830             	4.7545             	3.8560             	0.5850             	59.9900            	0.0000             	0.0000             	0.0000             
151                	2021-01-27 20:19:35	213.1000           	22.2200            	2.7810             	4.7351             	3.8335             	0.5870             	59.9900            	0.0000             	0.0000             	0.0000             
152                	2021-01-27 20:19:36	213.2000           	22.2200            	2.7720             	4.7373             	3.8455             	0.5840             	59.9900            	0.0000             	0.0000             	0.0000             
153                	2021-01-27 20:19:37	213.2000           	22.2100            	2.7780             	4.7352             	3.8370             	0.5860             	59.9900            	0.0000             	0.0000             	0.0000             
154                	2021-01-27 20:19:38	213.2000           	22.2000            	2.7770             	4.7330             	3.8352             	0.5860             	59.9900            	0.0000             	0.0000             	0.0000             
155                	2021-01-27 20:19:39	213.2000           	22.2600            	2.7790             	4.7458             	3.8490             	0.5850             	59.9700            	0.0000             	0.0000             	0.0000             
156                	2021-01-27 20:19:40	213.2000           	22.2100            	2.7720             	4.7352             	3.8404             	0.5850             	59.9700            	0.0000             	0.0000             	0.0000             
157                	2021-01-27 20:19:42	213.0000           	21.0500            	2.6150             	4.4836             	3.6428             	0.5830             	59.9900            	0.0000             	0.0000             	0.0000             
158                	2021-01-27 20:19:43	213.1000           	21.1000            	2.6250             	4.4964             	3.6532             	0.5830             	59.9900            	0.0000             	0.0000             	0.0000             
159                	2021-01-27 20:19:44	213.0000           	22.1600            	2.7740             	4.7201             	3.8213             	0.5870             	60.0000            	0.0000             	0.0000             	0.0000             
160                	2021-01-27 20:19:45	213.0000           	22.2500            	2.7770             	4.7393             	3.8437             	0.5850             	59.9800            	0.0000             	0.0000             	0.0000             
161                	2021-01-27 20:19:46	213.0000           	21.1000            	2.6230             	4.4943             	3.6515             	0.5830             	59.9700            	0.0000             	0.0000             	0.0000             
162                	2021-01-27 20:19:47	212.9000           	21.1100            	2.6220             	4.4943             	3.6515             	0.5830             	59.9800            	0.0000             	0.0000             	0.0000             
163                	2021-01-27 20:19:48	212.8000           	21.3700            	2.6550             	4.5475             	3.6947             	0.5830             	59.9700            	0.0000             	0.0000             	0.0000             
