No.                	Time               	Voltage[ V ]       	Current[ mA ]      	Active Power[ W ]  	Apparent Power[ VA ]	Reactive Power[ Var ]	Power Factor[ PF ] 	Frequency[ Hz ]    	Watt Hours[ Wh ]   	CO2[ g ]           	Cost[ $ ]          
1                  	2021-02-08 20:20:59	213.1000           	19.0500            	2.2970             	4.0596             	3.3495             	0.5650             	60.0100            	0.0000             	0.0000             	0.0000             
2                  	2021-02-08 20:21:00	213.1000           	19.8400            	2.3980             	4.2279             	3.4826             	0.5670             	60.0100            	0.0000             	0.0000             	0.0000             
3                  	2021-02-08 20:21:01	213.0000           	19.0500            	2.2990             	4.0577             	3.3451             	0.5660             	60.0000            	0.0000             	0.0000             	0.0000             
4                  	2021-02-08 20:21:02	212.9000           	19.0500            	2.3010             	4.0557             	3.3436             	0.5660             	60.0100            	0.0000             	0.0000             	0.0000             
5                  	2021-02-08 20:21:03	213.0000           	19.0700            	2.2990             	4.0619             	3.3514             	0.5650             	60.0100            	0.0000             	0.0000             	0.0000             
6                  	2021-02-08 20:21:04	212.9000           	19.1000            	2.3000             	4.0664             	3.3551             	0.5650             	60.0100            	0.0000             	0.0000             	0.0000             
7                  	2021-02-08 20:21:05	212.9000           	18.0400            	2.1620             	3.8407             	3.1768             	0.5620             	60.0200            	0.0000             	0.0000             	0.0000             
8                  	2021-02-08 20:21:06	212.9000           	17.9900            	2.1640             	3.8301             	3.1628             	0.5640             	60.0200            	0.0000             	0.0000             	0.0000             
9                  	2021-02-08 20:21:08	212.9000           	17.9700            	2.1640             	3.8258             	3.1566             	0.5650             	60.0200            	0.0000             	0.0000             	0.0000             
10                 	2021-02-08 20:21:09	212.9000           	18.0500            	2.1660             	3.8428             	3.1759             	0.5630             	60.0200            	0.0000             	0.0000             	0.0000             
11                 	2021-02-08 20:21:10	212.9000           	18.0500            	2.1640             	3.8428             	3.1786             	0.5620             	60.0200            	0.0000             	0.0000             	0.0000             
12                 	2021-02-08 20:21:11	213.0000           	18.0200            	2.1630             	3.8383             	3.1722             	0.5630             	60.0200            	0.0000             	0.0000             	0.0000             
13                 	2021-02-08 20:21:12	212.9000           	18.0500            	2.1670             	3.8428             	3.1759             	0.5630             	60.0200            	0.0000             	0.0000             	0.0000             
14                 	2021-02-08 20:21:13	212.9000           	18.0200            	2.1670             	3.8365             	3.1681             	0.5640             	60.0200            	0.0000             	0.0000             	0.0000             
15                 	2021-02-08 20:21:14	212.9000           	18.0600            	2.1650             	3.8450             	3.1803             	0.5620             	60.0100            	0.0000             	0.0000             	0.0000             
16                 	2021-02-08 20:21:15	212.7000           	22.5500            	2.7090             	4.7964             	3.9607             	0.5640             	60.0100            	0.0000             	0.0000             	0.0000             
17                 	2021-02-08 20:21:16	212.9000           	18.2400            	2.1920             	3.8833             	3.2067             	0.5640             	60.0100            	0.0000             	0.0000             	0.0000             
18                 	2021-02-08 20:21:17	213.0000           	18.0600            	2.1660             	3.8468             	3.1818             	0.5620             	60.0100            	0.0000             	0.0000             	0.0000             
19                 	2021-02-08 20:21:18	212.8000           	17.9600            	2.1600             	3.8219             	3.1534             	0.5650             	59.9900            	0.0000             	0.0000             	0.0000             
20                 	2021-02-08 20:21:20	213.0000           	17.9500            	2.1570             	3.8234             	3.1572             	0.5640             	60.0100            	0.0000             	0.0000             	0.0000             
21                 	2021-02-08 20:21:21	213.0000           	17.9600            	2.1590             	3.8255             	3.1590             	0.5640             	60.0100            	0.0000             	0.0000             	0.0000             
22                 	2021-02-08 20:21:22	212.9000           	17.9400            	2.1550             	3.8194             	3.1540             	0.5640             	60.0100            	0.0000             	0.0000             	0.0000             
23                 	2021-02-08 20:21:23	212.8000           	18.0300            	2.1630             	3.8368             	3.1709             	0.5630             	60.0100            	0.0000             	0.0000             	0.0000             
24                 	2021-02-08 20:21:24	212.8000           	17.9500            	2.1630             	3.8198             	3.1516             	0.5650             	60.0100            	0.0000             	0.0000             	0.0000             
25                 	2021-02-08 20:21:25	212.8000           	18.0200            	2.1660             	3.8347             	3.1666             	0.5640             	60.0100            	0.0000             	0.0000             	0.0000             
26                 	2021-02-08 20:21:26	212.8000           	18.0600            	2.1690             	3.8432             	3.1736             	0.5640             	60.0100            	0.0000             	0.0000             	0.0000             
27                 	2021-02-08 20:21:27	212.9000           	17.9600            	2.1620             	3.8237             	3.1549             	0.5650             	60.0100            	0.0000             	0.0000             	0.0000             
28                 	2021-02-08 20:21:29	212.8000           	17.9300            	2.1590             	3.8155             	3.1481             	0.5650             	60.0100            	0.0000             	0.0000             	0.0000             
29                 	2021-02-08 20:21:30	212.7000           	17.9200            	2.1580             	3.8116             	3.1423             	0.5660             	60.0100            	0.0000             	0.0000             	0.0000             
30                 	2021-02-08 20:21:31	212.8000           	17.9500            	2.1610             	3.8198             	3.1516             	0.5650             	60.0100            	0.0000             	0.0000             	0.0000             
31                 	2021-02-08 20:21:32	212.7000           	17.9200            	2.1590             	3.8116             	3.1423             	0.5660             	60.0100            	0.0000             	0.0000             	0.0000             
32                 	2021-02-08 20:21:33	212.7000           	17.9900            	2.1650             	3.8265             	3.1572             	0.5650             	60.0100            	0.0000             	0.0000             	0.0000             
33                 	2021-02-08 20:21:34	212.7000           	17.9500            	2.1610             	3.8180             	3.1476             	0.5660             	60.0100            	0.0000             	0.0000             	0.0000             
34                 	2021-02-08 20:21:36	212.8000           	17.9100            	2.1630             	3.8112             	3.1394             	0.5670             	60.0200            	0.0000             	0.0000             	0.0000             
35                 	2021-02-08 20:21:37	212.8000           	17.9600            	2.1600             	3.8219             	3.1534             	0.5650             	60.0100            	0.0000             	0.0000             	0.0000             
36                 	2021-02-08 20:21:38	212.5000           	18.0600            	2.1600             	3.8377             	3.1743             	0.5620             	60.0000            	0.0000             	0.0000             	0.0000             
37                 	2021-02-08 20:21:39	212.6000           	18.0700            	2.1570             	3.8417             	3.1802             	0.5610             	60.0100            	0.0000             	0.0000             	0.0000             
38                 	2021-02-08 20:21:40	212.7000           	18.0000            	2.1610             	3.8286             	3.1616             	0.5640             	60.0000            	0.0000             	0.0000             	0.0000             
39                 	2021-02-08 20:21:41	212.7000           	18.0400            	2.1590             	3.8371             	3.1738             	0.5620             	59.9900            	0.0000             	0.0000             	0.0000             
40                 	2021-02-08 20:21:42	212.8000           	18.0000            	2.1590             	3.8304             	3.1657             	0.5630             	59.9900            	0.0000             	0.0000             	0.0000             
41                 	2021-02-08 20:21:44	212.9000           	18.0600            	2.1640             	3.8450             	3.1803             	0.5620             	59.9900            	0.0000             	0.0000             	0.0000             
42                 	2021-02-08 20:21:45	212.7000           	18.0500            	2.1610             	3.8392             	3.1756             	0.5620             	59.9900            	0.0000             	0.0000             	0.0000             
43                 	2021-02-08 20:21:46	212.9000           	18.0700            	2.1620             	3.8471             	3.1847             	0.5610             	59.9800            	0.0000             	0.0000             	0.0000             
44                 	2021-02-08 20:21:47	212.9000           	17.9100            	2.1580             	3.8130             	3.1461             	0.5650             	59.9900            	0.0000             	0.0000             	0.0000             
45                 	2021-02-08 20:21:48	212.7000           	17.9200            	2.1600             	3.8116             	3.1423             	0.5660             	59.9900            	0.0000             	0.0000             	0.0000             
46                 	2021-02-08 20:21:49	212.8000           	17.9100            	2.1630             	3.8112             	3.1394             	0.5670             	59.9800            	0.0000             	0.0000             	0.0000             
47                 	2021-02-08 20:21:50	212.9000           	17.8900            	2.1630             	3.8088             	3.1374             	0.5670             	59.9800            	0.0000             	0.0000             	0.0000             
48                 	2021-02-08 20:21:51	213.0000           	17.8900            	2.1600             	3.8106             	3.1415             	0.5660             	59.9900            	0.0000             	0.0000             	0.0000             
49                 	2021-02-08 20:21:52	212.9000           	17.9100            	2.1680             	3.8130             	3.1382             	0.5680             	59.9900            	0.0000             	0.0000             	0.0000             
50                 	2021-02-08 20:21:53	213.1000           	17.9300            	2.1620             	3.8209             	3.1526             	0.5650             	59.9900            	0.0000             	0.0000             	0.0000             
51                 	2021-02-08 20:21:55	213.1000           	17.8900            	2.1620             	3.8124             	3.1429             	0.5660             	59.9900            	0.0000             	0.0000             	0.0000             
52                 	2021-02-08 20:21:56	213.2000           	17.8800            	2.1600             	3.8120             	3.1426             	0.5660             	60.0000            	0.0000             	0.0000             	0.0000             
53                 	2021-02-08 20:21:57	213.2000           	17.8800            	2.1640             	3.8120             	3.1400             	0.5670             	60.0000            	0.0000             	0.0000             	0.0000             
54                 	2021-02-08 20:21:58	213.1000           	17.8500            	2.1610             	3.8038             	3.1333             	0.5670             	60.0000            	0.0000             	0.0000             	0.0000             
55                 	2021-02-08 20:21:59	213.1000           	17.8800            	2.1600             	3.8102             	3.1412             	0.5660             	60.0000            	0.0000             	0.0000             	0.0000             
56                 	2021-02-08 20:22:00	213.0000           	17.8600            	2.1610             	3.8042             	3.1336             	0.5670             	60.0000            	0.0000             	0.0000             	0.0000             
57                 	2021-02-08 20:22:01	213.1000           	17.8700            	2.1600             	3.8081             	3.1368             	0.5670             	60.0000            	0.0000             	0.0000             	0.0000             
58                 	2021-02-08 20:22:03	212.9000           	17.9000            	2.1590             	3.8109             	3.1417             	0.5660             	60.0000            	0.0000             	0.0000             	0.0000             
59                 	2021-02-08 20:22:04	212.9000           	17.8700            	2.1610             	3.8045             	3.1339             	0.5670             	60.0000            	0.0000             	0.0000             	0.0000             
60                 	2021-02-08 20:22:05	212.9000           	17.8700            	2.1580             	3.8045             	3.1339             	0.5670             	60.0000            	0.0000             	0.0000             	0.0000             
61                 	2021-02-08 20:22:06	213.0000           	17.8700            	2.1600             	3.8063             	3.1353             	0.5670             	60.0000            	0.0000             	0.0000             	0.0000             
62                 	2021-02-08 20:22:07	213.0000           	17.9100            	2.1630             	3.8148             	3.1450             	0.5660             	60.0000            	0.0000             	0.0000             	0.0000             
63                 	2021-02-08 20:22:08	213.1000           	17.8800            	2.1630             	3.8102             	3.1386             	0.5670             	60.0100            	0.0000             	0.0000             	0.0000             
64                 	2021-02-08 20:22:10	213.1000           	17.8400            	2.1560             	3.8017             	3.1341             	0.5660             	60.0100            	0.0000             	0.0000             	0.0000             
65                 	2021-02-08 20:22:11	213.1000           	18.1400            	2.1960             	3.8656             	3.1815             	0.5680             	60.0100            	0.0000             	0.0000             	0.0000             
66                 	2021-02-08 20:22:12	213.0000           	17.8800            	2.1620             	3.8084             	3.1371             	0.5670             	60.0100            	0.0000             	0.0000             	0.0000             
67                 	2021-02-08 20:22:13	213.0000           	17.8600            	2.1580             	3.8042             	3.1336             	0.5670             	60.0200            	0.0000             	0.0000             	0.0000             
68                 	2021-02-08 20:22:14	213.1000           	17.8300            	2.1600             	3.7996             	3.1272             	0.5680             	60.0200            	0.0000             	0.0000             	0.0000             
69                 	2021-02-08 20:22:15	213.3000           	22.5900            	2.7530             	4.8184             	3.9591             	0.5700             	60.0200            	0.0000             	0.0000             	0.0000             
70                 	2021-02-08 20:22:16	213.5000           	19.2400            	2.3400             	4.1077             	3.3779             	0.5690             	60.0200            	0.0000             	0.0000             	0.0000             
71                 	2021-02-08 20:22:17	213.4000           	17.9000            	2.1580             	3.8199             	3.1543             	0.5640             	60.0300            	0.0000             	0.0000             	0.0000             
72                 	2021-02-08 20:22:19	213.6000           	17.8900            	2.1620             	3.8213             	3.1529             	0.5650             	60.0300            	0.0000             	0.0000             	0.0000             
73                 	2021-02-08 20:22:20	213.6000           	17.8700            	2.1600             	3.8170             	3.1468             	0.5660             	60.0300            	0.0000             	0.0000             	0.0000             
74                 	2021-02-08 20:22:21	213.5000           	17.8200            	2.1570             	3.8046             	3.1365             	0.5660             	60.0200            	0.0000             	0.0000             	0.0000             
75                 	2021-02-08 20:22:22	213.5000           	17.9200            	2.1700             	3.8259             	3.1541             	0.5660             	60.0300            	0.0000             	0.0000             	0.0000             
76                 	2021-02-08 20:22:23	213.5000           	17.8400            	2.1600             	3.8088             	3.1400             	0.5660             	60.0200            	0.0000             	0.0000             	0.0000             
77                 	2021-02-08 20:22:25	213.5000           	17.8700            	2.1640             	3.8152             	3.1453             	0.5660             	60.0200            	0.0000             	0.0000             	0.0000             
78                 	2021-02-08 20:22:26	213.6000           	17.8100            	2.1600             	3.8042             	3.1336             	0.5670             	60.0100            	0.0000             	0.0000             	0.0000             
79                 	2021-02-08 20:22:27	213.7000           	17.8800            	2.1600             	3.8210             	3.1526             	0.5650             	60.0200            	0.0000             	0.0000             	0.0000             
80                 	2021-02-08 20:22:28	213.7000           	17.9000            	2.1600             	3.8252             	3.1588             	0.5640             	60.0100            	0.0000             	0.0000             	0.0000             
81                 	2021-02-08 20:22:29	213.6000           	17.8900            	2.1590             	3.8213             	3.1555             	0.5640             	60.0100            	0.0000             	0.0000             	0.0000             
82                 	2021-02-08 20:22:30	213.7000           	17.8800            	2.1560             	3.8210             	3.1552             	0.5640             	60.0200            	0.0000             	0.0000             	0.0000             
83                 	2021-02-08 20:22:31	213.6000           	17.9300            	2.1620             	3.8298             	3.1626             	0.5640             	60.0100            	0.0000             	0.0000             	0.0000             
84                 	2021-02-08 20:22:32	213.6000           	17.9000            	2.1600             	3.8234             	3.1573             	0.5640             	60.0000            	0.0000             	0.0000             	0.0000             
85                 	2021-02-08 20:22:33	213.6000           	17.8700            	2.1590             	3.8170             	3.1494             	0.5650             	60.0000            	0.0000             	0.0000             	0.0000             
86                 	2021-02-08 20:22:34	213.7000           	17.8700            	2.1570             	3.8188             	3.1535             	0.5640             	60.0000            	0.0000             	0.0000             	0.0000             
87                 	2021-02-08 20:22:35	213.7000           	17.8800            	2.1620             	3.8210             	3.1526             	0.5650             	59.9900            	0.0000             	0.0000             	0.0000             
88                 	2021-02-08 20:22:36	213.6000           	17.8700            	2.1570             	3.8170             	3.1494             	0.5650             	60.0000            	0.0000             	0.0000             	0.0000             
89                 	2021-02-08 20:22:38	213.8000           	17.8300            	2.1660             	3.8121             	3.1374             	0.5680             	60.0000            	0.0000             	0.0000             	0.0000             
90                 	2021-02-08 20:22:39	213.8000           	17.7900            	2.1600             	3.8035             	3.1330             	0.5670             	60.0000            	0.0000             	0.0000             	0.0000             
91                 	2021-02-08 20:22:40	213.8000           	17.8900            	2.1650             	3.8249             	3.1559             	0.5650             	60.0200            	0.0000             	0.0000             	0.0000             
92                 	2021-02-08 20:22:41	213.9000           	18.0300            	2.1830             	3.8566             	3.1794             	0.5660             	60.0200            	0.0000             	0.0000             	0.0000             
93                 	2021-02-08 20:22:42	214.0000           	17.9000            	2.1570             	3.8306             	3.1658             	0.5630             	60.0200            	0.0000             	0.0000             	0.0000             
94                 	2021-02-08 20:22:43	214.2000           	17.9800            	2.1590             	3.8513             	3.1908             	0.5600             	60.0200            	0.0000             	0.0000             	0.0000             
95                 	2021-02-08 20:22:45	214.0000           	17.9500            	2.1630             	3.8413             	3.1747             	0.5630             	60.0200            	0.0000             	0.0000             	0.0000             
96                 	2021-02-08 20:22:46	214.1000           	17.9300            	2.1600             	3.8388             	3.1752             	0.5620             	60.0200            	0.0000             	0.0000             	0.0000             
97                 	2021-02-08 20:22:47	214.0000           	17.9500            	2.1560             	3.8413             	3.1799             	0.5610             	60.0200            	0.0000             	0.0000             	0.0000             
98                 	2021-02-08 20:22:48	214.0000           	17.9100            	2.1650             	3.8327             	3.1650             	0.5640             	60.0200            	0.0000             	0.0000             	0.0000             
99                 	2021-02-08 20:22:49	214.1000           	17.9400            	2.1630             	3.8410             	3.1744             	0.5630             	60.0200            	0.0000             	0.0000             	0.0000             
100                	2021-02-08 20:22:50	214.1000           	17.9300            	2.1580             	3.8388             	3.1752             	0.5620             	60.0300            	0.0000             	0.0000             	0.0000             
101                	2021-02-08 20:22:51	214.0000           	17.9000            	2.1580             	3.8306             	3.1658             	0.5630             	60.0200            	0.0000             	0.0000             	0.0000             
102                	2021-02-08 20:22:53	214.0000           	17.8900            	2.1570             	3.8285             	3.1641             	0.5630             	60.0300            	0.0000             	0.0000             	0.0000             
103                	2021-02-08 20:22:54	213.9000           	17.8100            	2.1540             	3.8096             	3.1432             	0.5650             	60.0200            	0.0000             	0.0000             	0.0000             
104                	2021-02-08 20:22:55	213.8000           	17.8500            	2.1540             	3.8163             	3.1514             	0.5640             	60.0300            	0.0000             	0.0000             	0.0000             
105                	2021-02-08 20:22:56	213.8000           	17.8100            	2.1550             	3.8078             	3.1418             	0.5650             	60.0300            	0.0000             	0.0000             	0.0000             
106                	2021-02-08 20:22:57	213.8000           	17.8400            	2.1590             	3.8142             	3.1471             	0.5650             	60.0200            	0.0000             	0.0000             	0.0000             
107                	2021-02-08 20:22:58	213.9000           	17.9100            	2.1590             	3.8309             	3.1661             	0.5630             	60.0200            	0.0000             	0.0000             	0.0000             
108                	2021-02-08 20:23:00	213.9000           	17.8600            	2.1630             	3.8203             	3.1494             	0.5660             	60.0200            	0.0000             	0.0000             	0.0000             
109                	2021-02-08 20:23:01	214.0000           	17.9600            	2.1670             	3.8434             	3.1764             	0.5630             	60.0200            	0.0000             	0.0000             	0.0000             
110                	2021-02-08 20:23:02	213.9000           	17.9300            	2.1660             	3.8352             	3.1670             	0.5640             	60.0300            	0.0000             	0.0000             	0.0000             
111                	2021-02-08 20:23:03	213.9000           	17.8700            	2.1590             	3.8224             	3.1564             	0.5640             	60.0300            	0.0000             	0.0000             	0.0000             
112                	2021-02-08 20:23:04	213.9000           	17.9400            	2.1630             	3.8374             	3.1714             	0.5630             	60.0300            	0.0000             	0.0000             	0.0000             
113                	2021-02-08 20:23:05	213.9000           	17.8700            	2.1570             	3.8224             	3.1564             	0.5640             	60.0300            	0.0000             	0.0000             	0.0000             
114                	2021-02-08 20:23:06	213.8000           	17.9000            	2.1590             	3.8270             	3.1629             	0.5630             	60.0300            	0.0000             	0.0000             	0.0000             
115                	2021-02-08 20:23:08	213.8000           	17.9300            	2.1580             	3.8334             	3.1708             	0.5620             	60.0200            	0.0000             	0.0000             	0.0000             
116                	2021-02-08 20:23:09	213.8000           	17.9500            	2.1620             	3.8377             	3.1743             	0.5620             	60.0200            	0.0000             	0.0000             	0.0000             
117                	2021-02-08 20:23:10	213.8000           	17.9000            	2.1590             	3.8270             	3.1603             	0.5640             	60.0300            	0.0000             	0.0000             	0.0000             
118                	2021-02-08 20:23:11	213.8000           	18.1100            	2.1840             	3.8719             	3.1973             	0.5640             	60.0300            	0.0000             	0.0000             	0.0000             
119                	2021-02-08 20:23:12	213.9000           	17.9100            	2.1570             	3.8309             	3.1687             	0.5620             	60.0300            	0.0000             	0.0000             	0.0000             
120                	2021-02-08 20:23:13	213.8000           	17.9600            	2.1630             	3.8398             	3.1735             	0.5630             	60.0200            	0.0000             	0.0000             	0.0000             
121                	2021-02-08 20:23:14	213.8000           	17.8800            	2.1570             	3.8227             	3.1593             	0.5630             	60.0200            	0.0000             	0.0000             	0.0000             
122                	2021-02-08 20:23:16	213.9000           	24.8000            	3.0220             	5.3047             	4.3623             	0.5690             	60.0200            	0.0000             	0.0000             	0.0000             
123                	2021-02-08 20:23:17	213.9000           	19.3000            	2.3330             	4.1283             	3.4062             	0.5650             	60.0200            	0.0000             	0.0000             	0.0000             
124                	2021-02-08 20:23:18	213.8000           	17.9700            	2.1600             	3.8420             	3.1778             	0.5620             	60.0200            	0.0000             	0.0000             	0.0000             
125                	2021-02-08 20:23:19	213.9000           	17.9600            	2.1600             	3.8416             	3.1776             	0.5620             	60.0200            	0.0000             	0.0000             	0.0000             
126                	2021-02-08 20:23:20	213.9000           	17.9500            	2.1580             	3.8395             	3.1784             	0.5610             	60.0100            	0.0000             	0.0000             	0.0000             
127                	2021-02-08 20:23:21	213.8000           	17.9400            	2.1590             	3.8356             	3.1725             	0.5620             	60.0200            	0.0000             	0.0000             	0.0000             
128                	2021-02-08 20:23:22	213.9000           	18.0500            	2.1690             	3.8609             	3.1961             	0.5610             	60.0200            	0.0000             	0.0000             	0.0000             
129                	2021-02-08 20:23:23	213.9000           	18.0300            	2.1650             	3.8566             	3.1926             	0.5610             	60.0200            	0.0000             	0.0000             	0.0000             
130                	2021-02-08 20:23:25	214.0000           	18.0000            	2.1650             	3.8520             	3.1887             	0.5610             	60.0200            	0.0000             	0.0000             	0.0000             
131                	2021-02-08 20:23:26	213.9000           	17.9500            	2.1610             	3.8395             	3.1758             	0.5620             	60.0200            	0.0000             	0.0000             	0.0000             
132                	2021-02-08 20:23:27	213.8000           	17.9500            	2.1570             	3.8377             	3.1769             	0.5610             	60.0200            	0.0000             	0.0000             	0.0000             
133                	2021-02-08 20:23:28	213.8000           	17.9500            	2.1550             	3.8377             	3.1769             	0.5610             	60.0200            	0.0000             	0.0000             	0.0000             
134                	2021-02-08 20:23:29	213.8000           	17.8300            	2.1540             	3.8121             	3.1479             	0.5640             	60.0200            	0.0000             	0.0000             	0.0000             
135                	2021-02-08 20:23:30	213.5000           	17.8200            	2.1570             	3.8046             	3.1365             	0.5660             	60.0200            	0.0000             	0.0000             	0.0000             
136                	2021-02-08 20:23:31	213.8000           	17.7800            	2.1570             	3.8014             	3.1313             	0.5670             	60.0100            	0.0000             	0.0000             	0.0000             
137                	2021-02-08 20:23:32	213.7000           	17.7800            	2.1550             	3.7996             	3.1324             	0.5660             	60.0100            	0.0000             	0.0000             	0.0000             
138                	2021-02-08 20:23:34	213.6000           	17.7800            	2.1560             	3.7978             	3.1283             	0.5670             	60.0000            	0.0000             	0.0000             	0.0000             
139                	2021-02-08 20:23:35	213.7000           	17.8100            	2.1600             	3.8060             	3.1351             	0.5670             	60.0100            	0.0000             	0.0000             	0.0000             
140                	2021-02-08 20:23:36	213.6000           	17.7900            	2.1550             	3.7999             	3.1301             	0.5670             	60.0000            	0.0000             	0.0000             	0.0000             
141                	2021-02-08 20:23:37	213.6000           	17.7900            	2.1610             	3.7999             	3.1275             	0.5680             	60.0000            	0.0000             	0.0000             	0.0000             
142                	2021-02-08 20:23:38	213.5000           	17.8200            	2.1580             	3.8046             	3.1339             	0.5670             	59.9900            	0.0000             	0.0000             	0.0000             
143                	2021-02-08 20:23:39	213.4000           	17.7700            	2.1520             	3.7921             	3.1236             	0.5670             	59.9900            	0.0000             	0.0000             	0.0000             
144                	2021-02-08 20:23:40	213.3000           	17.8200            	2.1520             	3.8010             	3.1336             	0.5660             	59.9900            	0.0000             	0.0000             	0.0000             
145                	2021-02-08 20:23:41	213.2000           	18.1200            	2.1790             	3.8632             	3.1928             	0.5630             	59.9900            	0.0000             	0.0000             	0.0000             
146                	2021-02-08 20:23:43	213.3000           	18.1500            	2.1890             	3.8714             	3.1943             	0.5650             	59.9900            	0.0000             	0.0000             	0.0000             
147                	2021-02-08 20:23:44	213.3000           	17.9200            	2.1540             	3.8223             	3.1590             	0.5630             	59.9900            	0.0000             	0.0000             	0.0000             
148                	2021-02-08 20:23:45	213.2000           	17.9200            	2.1550             	3.8205             	3.1549             	0.5640             	59.9900            	0.0000             	0.0000             	0.0000             
149                	2021-02-08 20:23:46	213.1000           	17.9000            	2.1510             	3.8145             	3.1525             	0.5630             	59.9800            	0.0000             	0.0000             	0.0000             
150                	2021-02-08 20:23:47	213.1000           	17.9600            	2.1590             	3.8273             	3.1631             	0.5630             	59.9800            	0.0000             	0.0000             	0.0000             
151                	2021-02-08 20:23:48	213.1000           	18.0400            	2.1700             	3.8443             	3.1745             	0.5640             	59.9800            	0.0000             	0.0000             	0.0000             
152                	2021-02-08 20:23:49	213.0000           	17.9300            	2.1580             	3.8191             	3.1511             	0.5650             	59.9800            	0.0000             	0.0000             	0.0000             
153                	2021-02-08 20:23:51	213.0000           	17.9300            	2.1590             	3.8191             	3.1511             	0.5650             	59.9800            	0.0000             	0.0000             	0.0000             
154                	2021-02-08 20:23:52	213.1000           	17.8900            	2.1580             	3.8124             	3.1455             	0.5650             	59.9900            	0.0000             	0.0000             	0.0000             
155                	2021-02-08 20:23:53	213.2000           	17.8100            	2.1560             	3.7971             	3.1277             	0.5670             	59.9900            	0.0000             	0.0000             	0.0000             
156                	2021-02-08 20:23:54	213.3000           	17.8100            	2.1560             	3.7989             	3.1292             	0.5670             	59.9900            	0.0000             	0.0000             	0.0000             
157                	2021-02-08 20:23:55	213.3000           	17.7700            	2.1570             	3.7903             	3.1196             	0.5680             	60.0000            	0.0000             	0.0000             	0.0000             
158                	2021-02-08 20:23:56	213.3000           	17.7500            	2.1530             	3.7861             	3.1160             	0.5680             	60.0000            	0.0000             	0.0000             	0.0000             
159                	2021-02-08 20:23:57	213.4000           	17.8200            	2.1570             	3.8028             	3.1324             	0.5670             	60.0100            	0.0000             	0.0000             	0.0000             
160                	2021-02-08 20:23:58	213.4000           	17.8100            	2.1550             	3.8007             	3.1333             	0.5660             	60.0100            	0.0000             	0.0000             	0.0000             
161                	2021-02-08 20:24:00	213.6000           	17.8100            	2.1570             	3.8042             	3.1362             	0.5660             	60.0100            	0.0000             	0.0000             	0.0000             
162                	2021-02-08 20:24:01	213.7000           	17.7400            	2.1560             	3.7910             	3.1201             	0.5680             	60.0200            	0.0000             	0.0000             	0.0000             
163                	2021-02-08 20:24:02	213.6000           	17.7700            	2.1520             	3.7957             	3.1292             	0.5660             	60.0200            	0.0000             	0.0000             	0.0000             
164                	2021-02-08 20:24:03	213.6000           	17.7300            	2.1540             	3.7871             	3.1169             	0.5680             	60.0200            	0.0000             	0.0000             	0.0000             
165                	2021-02-08 20:24:04	213.8000           	17.7600            	2.1610             	3.7971             	3.1251             	0.5680             	60.0200            	0.0000             	0.0000             	0.0000             
166                	2021-02-08 20:24:05	213.8000           	17.7300            	2.1570             	3.7907             	3.1198             	0.5680             	60.0200            	0.0000             	0.0000             	0.0000             
167                	2021-02-08 20:24:06	213.8000           	17.7700            	2.1590             	3.7992             	3.1269             	0.5680             	60.0200            	0.0000             	0.0000             	0.0000             
168                	2021-02-08 20:24:08	213.8000           	17.8000            	2.1600             	3.8056             	3.1348             	0.5670             	60.0200            	0.0000             	0.0000             	0.0000             
169                	2021-02-08 20:24:09	213.7000           	17.7600            	2.1600             	3.7953             	3.1237             	0.5680             	60.0300            	0.0000             	0.0000             	0.0000             
170                	2021-02-08 20:24:10	213.7000           	17.7700            	2.1620             	3.7974             	3.1228             	0.5690             	60.0300            	0.0000             	0.0000             	0.0000             
171                	2021-02-08 20:24:11	213.7000           	17.8000            	2.1580             	3.8039             	3.1333             	0.5670             	60.0300            	0.0000             	0.0000             	0.0000             
172                	2021-02-08 20:24:12	213.7000           	17.8400            	2.1610             	3.8124             	3.1430             	0.5660             	60.0200            	0.0000             	0.0000             	0.0000             
