No.                	Time               	Voltage[ V ]       	Current[ mA ]      	Active Power[ W ]  	Apparent Power[ VA ]	Reactive Power[ Var ]	Power Factor[ PF ] 	Frequency[ Hz ]    	Watt Hours[ Wh ]   	CO2[ g ]           	Cost[ $ ]          
1                  	2021-02-08 19:40:19	216.5000           	17.2100            	2.1150             	3.7260             	3.0691             	0.5670             	60.0100            	0.0000             	0.0000             	0.0000             
2                  	2021-02-08 19:40:20	216.5000           	17.3800            	2.1390             	3.7628             	3.0969             	0.5680             	60.0100            	0.0000             	0.0000             	0.0000             
3                  	2021-02-08 19:40:21	216.7000           	17.2300            	2.1160             	3.7337             	3.0781             	0.5660             	60.0100            	0.0000             	0.0000             	0.0000             
4                  	2021-02-08 19:40:22	216.8000           	17.2000            	2.1160             	3.7290             	3.0716             	0.5670             	60.0100            	0.0000             	0.0000             	0.0000             
5                  	2021-02-08 19:40:23	216.8000           	25.9500            	3.2080             	5.6260             	4.6225             	0.5700             	60.0100            	0.0000             	0.0000             	0.0000             
6                  	2021-02-08 19:40:24	216.7000           	19.5900            	2.4180             	4.2452             	3.4909             	0.5690             	60.0100            	0.0000             	0.0000             	0.0000             
7                  	2021-02-08 19:40:25	216.7000           	18.1800            	2.2330             	3.9396             	3.2478             	0.5660             	60.0100            	0.0000             	0.0000             	0.0000             
8                  	2021-02-08 19:40:26	216.8000           	18.6000            	2.2830             	4.0325             	3.3272             	0.5650             	60.0100            	0.0000             	0.0000             	0.0000             
9                  	2021-02-08 19:40:28	216.7000           	22.8900            	2.4700             	4.9603             	4.0927             	0.5650             	60.0100            	0.0000             	0.0000             	0.0000             
10                 	2021-02-08 19:40:29	216.7000           	19.6200            	2.4120             	4.2517             	3.5022             	0.5670             	60.0100            	0.0000             	0.0000             	0.0000             
11                 	2021-02-08 19:40:30	216.6000           	19.2800            	2.3670             	4.1760             	3.4428             	0.5660             	60.0100            	0.0000             	0.0000             	0.0000             
12                 	2021-02-08 19:40:31	216.6000           	19.1400            	2.3570             	4.1457             	3.4120             	0.5680             	60.0100            	0.0000             	0.0000             	0.0000             
13                 	2021-02-08 19:40:32	216.6000           	19.1900            	2.3610             	4.1566             	3.4238             	0.5670             	60.0100            	0.0000             	0.0000             	0.0000             
14                 	2021-02-08 19:40:33	216.6000           	19.1500            	2.3570             	4.1479             	3.4167             	0.5670             	60.0100            	0.0000             	0.0000             	0.0000             
15                 	2021-02-08 19:40:34	216.5000           	25.2800            	3.1130             	5.4731             	4.5045             	0.5680             	60.0000            	0.0000             	0.0000             	0.0000             
16                 	2021-02-08 19:40:35	216.4000           	17.5100            	2.1430             	3.7892             	3.1264             	0.5650             	59.9900            	0.0000             	0.0000             	0.0000             
17                 	2021-02-08 19:40:36	216.5000           	22.5600            	2.7470             	4.8842             	4.0399             	0.5620             	59.9900            	0.0000             	0.0000             	0.0000             
18                 	2021-02-08 19:40:38	216.6000           	17.2800            	2.1180             	3.7428             	3.0882             	0.5650             	60.0000            	0.0000             	0.0000             	0.0000             
19                 	2021-02-08 19:40:39	216.7000           	17.2100            	2.1140             	3.7294             	3.0745             	0.5660             	59.9900            	0.0000             	0.0000             	0.0000             
20                 	2021-02-08 19:40:40	216.6000           	17.2100            	2.1170             	3.7277             	3.0706             	0.5670             	59.9900            	0.0000             	0.0000             	0.0000             
21                 	2021-02-08 19:40:41	216.6000           	17.1600            	2.1150             	3.7169             	3.0591             	0.5680             	60.0200            	0.0000             	0.0000             	0.0000             
22                 	2021-02-08 19:40:42	216.7000           	17.1600            	2.1130             	3.7186             	3.0605             	0.5680             	60.0000            	0.0000             	0.0000             	0.0000             
23                 	2021-02-08 19:40:43	216.6000           	17.0500            	2.1070             	3.6930             	3.0344             	0.5700             	60.0000            	0.0000             	0.0000             	0.0000             
24                 	2021-02-08 19:40:44	216.5000           	17.1200            	2.1100             	3.7065             	3.0505             	0.5680             	59.9900            	0.0000             	0.0000             	0.0000             
25                 	2021-02-08 19:40:45	216.7000           	18.4500            	2.2770             	3.9981             	3.2878             	0.5690             	60.0000            	0.0000             	0.0000             	0.0000             
26                 	2021-02-08 19:40:46	216.8000           	17.0400            	2.0950             	3.6943             	3.0430             	0.5670             	60.0000            	0.0000             	0.0000             	0.0000             
27                 	2021-02-08 19:40:47	217.0000           	17.1600            	2.1250             	3.7237             	3.0596             	0.5700             	60.0000            	0.0000             	0.0000             	0.0000             
28                 	2021-02-08 19:40:49	217.0000           	21.5100            	2.6430             	4.6677             	3.8481             	0.5660             	60.0000            	0.0000             	0.0000             	0.0000             
29                 	2021-02-08 19:40:50	217.0000           	24.8400            	3.0780             	5.3903             	4.4252             	0.5710             	60.0000            	0.0000             	0.0000             	0.0000             
30                 	2021-02-08 19:40:51	217.0000           	24.8400            	3.0810             	5.3903             	4.4252             	0.5710             	60.0000            	0.0000             	0.0000             	0.0000             
31                 	2021-02-08 19:40:52	216.8000           	24.7700            	3.0760             	5.3701             	4.4049             	0.5720             	60.0000            	0.0000             	0.0000             	0.0000             
32                 	2021-02-08 19:40:53	216.9000           	24.9100            	3.0900             	5.4030             	4.4356             	0.5710             	60.0000            	0.0000             	0.0000             	0.0000             
33                 	2021-02-08 19:40:54	216.9000           	24.9200            	3.0920             	5.4051             	4.4374             	0.5710             	59.9900            	0.0000             	0.0000             	0.0000             
34                 	2021-02-08 19:40:55	216.8000           	24.8900            	3.0860             	5.3962             	4.4300             	0.5710             	60.0000            	0.0000             	0.0000             	0.0000             
35                 	2021-02-08 19:40:56	216.8000           	24.9400            	3.0850             	5.4070             	4.4426             	0.5700             	60.0000            	0.0000             	0.0000             	0.0000             
36                 	2021-02-08 19:40:58	216.9000           	24.9300            	3.0910             	5.4073             	4.4391             	0.5710             	60.0000            	0.0000             	0.0000             	0.0000             
37                 	2021-02-08 19:40:59	216.8000           	24.9100            	3.0870             	5.4005             	4.4335             	0.5710             	60.0000            	0.0000             	0.0000             	0.0000             
38                 	2021-02-08 19:41:00	216.8000           	24.9200            	3.0930             	5.4027             	4.4315             	0.5720             	60.0000            	0.0000             	0.0000             	0.0000             
39                 	2021-02-08 19:41:01	216.7000           	24.8600            	3.0870             	5.3872             	4.4188             	0.5720             	60.0000            	0.0000             	0.0000             	0.0000             
40                 	2021-02-08 19:41:02	216.6000           	24.8900            	3.0920             	5.3912             	4.4184             	0.5730             	60.0000            	0.0000             	0.0000             	0.0000             
41                 	2021-02-08 19:41:03	216.6000           	25.2300            	3.1260             	5.4648             	4.4825             	0.5720             	60.0000            	0.0000             	0.0000             	0.0000             
42                 	2021-02-08 19:41:04	216.5000           	24.9500            	3.0910             	5.4017             	4.4307             	0.5720             	60.0200            	0.0000             	0.0000             	0.0000             
43                 	2021-02-08 19:41:05	216.6000           	24.9500            	3.0920             	5.4042             	4.4366             	0.5710             	60.0000            	0.0000             	0.0000             	0.0000             
44                 	2021-02-08 19:41:06	216.5000           	25.0000            	3.0950             	5.4125             	4.4434             	0.5710             	60.0000            	0.0000             	0.0000             	0.0000             
45                 	2021-02-08 19:41:07	216.4000           	24.9400            	3.0950             	5.3970             	4.4232             	0.5730             	60.0100            	0.0000             	0.0000             	0.0000             
46                 	2021-02-08 19:41:09	216.5000           	24.8600            	3.0880             	5.3822             	4.4110             	0.5730             	60.0000            	0.0000             	0.0000             	0.0000             
47                 	2021-02-08 19:41:10	216.3000           	24.8900            	3.0900             	5.3837             	4.4122             	0.5730             	60.0100            	0.0000             	0.0000             	0.0000             
48                 	2021-02-08 19:41:11	216.4000           	24.9600            	3.0930             	5.4013             	4.4305             	0.5720             	60.0000            	0.0000             	0.0000             	0.0000             
49                 	2021-02-08 19:41:12	216.4000           	24.9700            	3.0900             	5.4035             	4.4360             	0.5710             	60.0100            	0.0000             	0.0000             	0.0000             
50                 	2021-02-08 19:41:13	216.2000           	24.9300            	3.0910             	5.3899             	4.4173             	0.5730             	60.0000            	0.0000             	0.0000             	0.0000             
51                 	2021-02-08 19:41:14	216.5000           	18.2000            	2.2400             	3.9403             	3.2430             	0.5680             	60.0000            	0.0000             	0.0000             	0.0000             
52                 	2021-02-08 19:41:15	216.6000           	22.2600            	2.7480             	4.8215             	3.9649             	0.5690             	60.0000            	0.0000             	0.0000             	0.0000             
53                 	2021-02-08 19:41:16	216.7000           	18.8700            	2.3360             	4.0891             	3.3570             	0.5710             	60.0000            	0.0000             	0.0000             	0.0000             
54                 	2021-02-08 19:41:18	216.6000           	18.1500            	2.2430             	3.9313             	3.2301             	0.5700             	59.9900            	0.0000             	0.0000             	0.0000             
55                 	2021-02-08 19:41:19	216.6000           	18.1700            	2.2430             	3.9356             	3.2364             	0.5690             	59.9900            	0.0000             	0.0000             	0.0000             
56                 	2021-02-08 19:41:20	216.6000           	18.1800            	2.2450             	3.9378             	3.2355             	0.5700             	60.0000            	0.0000             	0.0000             	0.0000             
57                 	2021-02-08 19:41:21	216.6000           	17.2600            	2.1270             	3.7385             	3.0769             	0.5680             	60.0000            	0.0000             	0.0000             	0.0000             
58                 	2021-02-08 19:41:22	216.7000           	17.0400            	2.1070             	3.6926             	3.0340             	0.5700             	60.0000            	0.0000             	0.0000             	0.0000             
59                 	2021-02-08 19:41:23	216.8000           	19.0700            	2.3500             	4.1344             	3.4056             	0.5670             	59.9900            	0.0000             	0.0000             	0.0000             
60                 	2021-02-08 19:41:24	216.9000           	17.1600            	2.1230             	3.7220             	3.0582             	0.5700             	59.9900            	0.0000             	0.0000             	0.0000             
61                 	2021-02-08 19:41:26	217.1000           	17.1600            	2.1230             	3.7254             	3.0636             	0.5690             	59.9900            	0.0000             	0.0000             	0.0000             
62                 	2021-02-08 19:41:27	216.9000           	17.1200            	2.1070             	3.7133             	3.0587             	0.5670             	59.9900            	0.0000             	0.0000             	0.0000             
63                 	2021-02-08 19:41:28	216.9000           	24.8100            	3.0880             	5.3813             	4.4103             	0.5730             	59.9900            	0.0000             	0.0000             	0.0000             
64                 	2021-02-08 19:41:29	216.7000           	24.8000            	3.0770             	5.3742             	4.4082             	0.5720             	60.0000            	0.0000             	0.0000             	0.0000             
65                 	2021-02-08 19:41:30	216.7000           	24.7500            	3.0780             	5.3633             	4.3955             	0.5730             	60.0000            	0.0000             	0.0000             	0.0000             
66                 	2021-02-08 19:41:31	216.7000           	24.8900            	3.1020             	5.3937             	4.4166             	0.5740             	60.0000            	0.0000             	0.0000             	0.0000             
67                 	2021-02-08 19:41:32	216.7000           	24.8500            	3.0890             	5.3850             	4.4133             	0.5730             	60.0000            	0.0000             	0.0000             	0.0000             
68                 	2021-02-08 19:41:33	216.8000           	24.8800            	3.0860             	5.3940             	4.4244             	0.5720             	60.0000            	0.0000             	0.0000             	0.0000             
69                 	2021-02-08 19:41:34	216.8000           	24.7800            	3.0810             	5.3723             	4.4029             	0.5730             	60.0000            	0.0000             	0.0000             	0.0000             
70                 	2021-02-08 19:41:35	216.7000           	24.9100            	3.0900             	5.3980             	4.4277             	0.5720             	60.0100            	0.0000             	0.0000             	0.0000             
71                 	2021-02-08 19:41:36	216.6000           	24.9800            	3.0970             	5.4107             	4.4381             	0.5720             	60.0100            	0.0000             	0.0000             	0.0000             
72                 	2021-02-08 19:41:37	216.8000           	24.9200            	3.0960             	5.4027             	4.4315             	0.5720             	60.0100            	0.0000             	0.0000             	0.0000             
73                 	2021-02-08 19:41:38	216.7000           	24.8600            	3.0920             	5.3872             	4.4151             	0.5730             	60.0200            	0.0000             	0.0000             	0.0000             
74                 	2021-02-08 19:41:40	216.8000           	25.0000            	3.1070             	5.4200             	4.4420             	0.5730             	60.0200            	0.0000             	0.0000             	0.0000             
75                 	2021-02-08 19:41:41	216.7000           	24.8700            	3.0930             	5.3893             	4.4169             	0.5730             	60.0200            	0.0000             	0.0000             	0.0000             
76                 	2021-02-08 19:41:42	216.7000           	24.9700            	3.1010             	5.4110             	4.4384             	0.5720             	60.0200            	0.0000             	0.0000             	0.0000             
77                 	2021-02-08 19:41:43	216.7000           	24.7800            	3.0910             	5.3698             	4.3933             	0.5750             	60.0200            	0.0000             	0.0000             	0.0000             
78                 	2021-02-08 19:41:44	216.5000           	24.9800            	3.0980             	5.4082             	4.4361             	0.5720             	60.0200            	0.0000             	0.0000             	0.0000             
79                 	2021-02-08 19:41:45	216.5000           	24.9200            	3.0930             	5.3952             	4.4254             	0.5720             	60.0300            	0.0000             	0.0000             	0.0000             
80                 	2021-02-08 19:41:46	216.5000           	24.9700            	3.0920             	5.4060             	4.4381             	0.5710             	60.0300            	0.0000             	0.0000             	0.0000             
81                 	2021-02-08 19:41:48	216.5000           	24.8800            	3.0920             	5.3865             	4.4146             	0.5730             	60.0300            	0.0000             	0.0000             	0.0000             
82                 	2021-02-08 19:41:49	216.4000           	24.9700            	3.1010             	5.4035             	4.4285             	0.5730             	60.0300            	0.0000             	0.0000             	0.0000             
83                 	2021-02-08 19:41:50	216.3000           	24.9100            	3.0920             	5.3880             	4.4158             	0.5730             	60.0300            	0.0000             	0.0000             	0.0000             
84                 	2021-02-08 19:41:51	216.2000           	24.9300            	3.0910             	5.3899             	4.4173             	0.5730             	60.0300            	0.0000             	0.0000             	0.0000             
85                 	2021-02-08 19:41:52	216.3000           	22.8200            	2.8300             	4.9360             	4.0453             	0.5730             	60.0300            	0.0000             	0.0000             	0.0000             
86                 	2021-02-08 19:41:53	216.5000           	18.2600            	2.2510             	3.9533             	3.2509             	0.5690             	60.0200            	0.0000             	0.0000             	0.0000             
87                 	2021-02-08 19:41:54	216.6000           	18.2900            	2.2510             	3.9616             	3.2633             	0.5670             	60.0200            	0.0000             	0.0000             	0.0000             
88                 	2021-02-08 19:41:55	216.6000           	18.3100            	2.2450             	3.9659             	3.2723             	0.5650             	60.0200            	0.0000             	0.0000             	0.0000             
89                 	2021-02-08 19:41:57	216.6000           	18.2800            	2.2390             	3.9594             	3.2669             	0.5650             	60.0100            	0.0000             	0.0000             	0.0000             
90                 	2021-02-08 19:41:58	216.6000           	18.3900            	2.2530             	3.9833             	3.2866             	0.5650             	60.0100            	0.0000             	0.0000             	0.0000             
91                 	2021-02-08 19:41:59	216.5000           	18.3400            	2.2390             	3.9706             	3.2815             	0.5630             	60.0300            	0.0000             	0.0000             	0.0000             
92                 	2021-02-08 19:42:00	216.4000           	17.3900            	2.1170             	3.7632             	3.1127             	0.5620             	60.0200            	0.0000             	0.0000             	0.0000             
93                 	2021-02-08 19:42:01	216.4000           	17.2300            	2.1120             	3.7286             	3.0739             	0.5660             	60.0200            	0.0000             	0.0000             	0.0000             
94                 	2021-02-08 19:42:02	216.5000           	18.4300            	2.2750             	3.9901             	3.2812             	0.5690             	60.0100            	0.0000             	0.0000             	0.0000             
95                 	2021-02-08 19:42:03	216.6000           	16.9800            	2.0930             	3.6779             	3.0270             	0.5680             	60.0100            	0.0000             	0.0000             	0.0000             
96                 	2021-02-08 19:42:04	216.6000           	17.7300            	2.1850             	3.8403             	3.1607             	0.5680             	60.0200            	0.0000             	0.0000             	0.0000             
97                 	2021-02-08 19:42:05	216.5000           	24.8200            	3.0680             	5.3735             	4.4151             	0.5700             	60.0200            	0.0000             	0.0000             	0.0000             
98                 	2021-02-08 19:42:07	216.5000           	25.0200            	3.0900             	5.4168             	4.4507             	0.5700             	60.0200            	0.0000             	0.0000             	0.0000             
99                 	2021-02-08 19:42:08	216.5000           	24.9300            	3.0830             	5.3973             	4.4310             	0.5710             	60.0200            	0.0000             	0.0000             	0.0000             
100                	2021-02-08 19:42:09	216.4000           	25.0000            	3.0910             	5.4100             	4.4413             	0.5710             	60.0200            	0.0000             	0.0000             	0.0000             
101                	2021-02-08 19:42:10	216.4000           	24.9600            	3.0960             	5.4013             	4.4267             	0.5730             	60.0200            	0.0000             	0.0000             	0.0000             
102                	2021-02-08 19:42:11	216.6000           	25.0200            	3.0980             	5.4193             	4.4490             	0.5710             	60.0200            	0.0000             	0.0000             	0.0000             
103                	2021-02-08 19:42:12	216.5000           	24.9600            	3.0960             	5.4038             	4.4325             	0.5720             	60.0200            	0.0000             	0.0000             	0.0000             
104                	2021-02-08 19:42:13	216.6000           	24.9800            	3.0940             	5.4107             	4.4419             	0.5710             	60.0200            	0.0000             	0.0000             	0.0000             
105                	2021-02-08 19:42:14	216.6000           	24.9800            	3.0940             	5.4107             	4.4419             	0.5710             	60.0200            	0.0000             	0.0000             	0.0000             
106                	2021-02-08 19:42:16	216.7000           	25.3300            	3.1490             	5.4890             	4.4985             	0.5730             	60.0300            	0.0000             	0.0000             	0.0000             
107                	2021-02-08 19:42:17	216.7000           	25.8400            	3.2010             	5.5995             	4.5969             	0.5710             	60.0300            	0.0000             	0.0000             	0.0000             
108                	2021-02-08 19:42:18	216.5000           	24.9600            	3.0920             	5.4038             	4.4325             	0.5720             	60.0300            	0.0000             	0.0000             	0.0000             
109                	2021-02-08 19:42:19	216.6000           	24.9300            	3.0890             	5.3998             	4.4330             	0.5710             	60.0300            	0.0000             	0.0000             	0.0000             
110                	2021-02-08 19:42:20	216.6000           	24.9800            	3.0920             	5.4107             	4.4419             	0.5710             	60.0300            	0.0000             	0.0000             	0.0000             
111                	2021-02-08 19:42:22	216.6000           	24.9100            	3.0950             	5.3955             	4.4219             	0.5730             	60.0300            	0.0000             	0.0000             	0.0000             
112                	2021-02-08 19:42:23	216.6000           	24.9400            	3.0930             	5.4020             	4.4310             	0.5720             	60.0200            	0.0000             	0.0000             	0.0000             
113                	2021-02-08 19:42:24	216.8000           	24.9300            	3.0940             	5.4048             	4.4333             	0.5720             	60.0300            	0.0000             	0.0000             	0.0000             
114                	2021-02-08 19:42:25	216.6000           	24.9500            	3.0910             	5.4042             	4.4366             	0.5710             	60.0200            	0.0000             	0.0000             	0.0000             
115                	2021-02-08 19:42:26	216.7000           	24.8700            	3.0940             	5.3893             	4.4169             	0.5730             	60.0200            	0.0000             	0.0000             	0.0000             
116                	2021-02-08 19:42:27	216.6000           	24.9400            	3.1000             	5.4020             	4.4272             	0.5730             	60.0200            	0.0000             	0.0000             	0.0000             
117                	2021-02-08 19:42:28	216.6000           	24.9600            	3.0990             	5.4063             	4.4346             	0.5720             	60.0200            	0.0000             	0.0000             	0.0000             
118                	2021-02-08 19:42:29	216.6000           	24.9300            	3.0940             	5.3998             	4.4292             	0.5720             	60.0200            	0.0000             	0.0000             	0.0000             
119                	2021-02-08 19:42:31	216.4000           	24.9600            	3.0980             	5.4013             	4.4267             	0.5730             	60.0200            	0.0000             	0.0000             	0.0000             
120                	2021-02-08 19:42:32	216.6000           	18.9800            	2.3400             	4.1111             	3.3835             	0.5680             	60.0200            	0.0000             	0.0000             	0.0000             
121                	2021-02-08 19:42:33	216.4000           	18.2700            	2.2480             	3.9536             	3.2539             	0.5680             	60.0200            	0.0000             	0.0000             	0.0000             
122                	2021-02-08 19:42:34	216.4000           	18.4500            	2.2700             	3.9926             	3.2860             	0.5680             	60.0200            	0.0000             	0.0000             	0.0000             
123                	2021-02-08 19:42:35	216.3000           	18.1900            	2.2400             	3.9345             	3.2355             	0.5690             	60.0100            	0.0000             	0.0000             	0.0000             
124                	2021-02-08 19:42:36	216.3000           	18.2200            	2.2500             	3.9410             	3.2381             	0.5700             	60.0100            	0.0000             	0.0000             	0.0000             
125                	2021-02-08 19:42:37	216.4000           	18.1900            	2.2470             	3.9363             	3.2343             	0.5700             	60.0200            	0.0000             	0.0000             	0.0000             
126                	2021-02-08 19:42:38	216.0000           	17.2900            	2.1200             	3.7346             	3.0763             	0.5670             	60.0100            	0.0000             	0.0000             	0.0000             
127                	2021-02-08 19:42:40	216.2000           	17.2400            	2.1220             	3.7273             	3.0651             	0.5690             	60.0100            	0.0000             	0.0000             	0.0000             
128                	2021-02-08 19:42:41	215.9000           	17.2600            	2.1160             	3.7264             	3.0695             	0.5670             	60.0100            	0.0000             	0.0000             	0.0000             
129                	2021-02-08 19:42:42	215.9000           	18.5600            	2.2800             	4.0071             	3.2980             	0.5680             	60.0100            	0.0000             	0.0000             	0.0000             
130                	2021-02-08 19:42:43	215.9000           	17.2800            	2.1230             	3.7308             	3.0705             	0.5680             	60.0000            	0.0000             	0.0000             	0.0000             
131                	2021-02-08 19:42:44	215.8000           	24.0800            	2.9670             	5.1965             	4.2696             	0.5700             	60.0000            	0.0000             	0.0000             	0.0000             
132                	2021-02-08 19:42:45	215.8000           	24.9700            	3.0800             	5.3885             	4.4237             	0.5710             	60.0000            	0.0000             	0.0000             	0.0000             
133                	2021-02-08 19:42:47	215.8000           	25.0000            	3.0830             	5.3950             	4.4290             	0.5710             	60.0000            	0.0000             	0.0000             	0.0000             
134                	2021-02-08 19:42:48	216.0000           	24.9800            	3.0830             	5.3957             	4.4296             	0.5710             	60.0200            	0.0000             	0.0000             	0.0000             
135                	2021-02-08 19:42:49	216.4000           	24.9700            	3.1020             	5.4035             	4.4285             	0.5730             	60.0000            	0.0000             	0.0000             	0.0000             
136                	2021-02-08 19:42:50	216.5000           	24.9800            	3.0920             	5.4082             	4.4398             	0.5710             	60.0000            	0.0000             	0.0000             	0.0000             
137                	2021-02-08 19:42:51	216.5000           	25.0200            	3.0930             	5.4168             	4.4507             	0.5700             	60.0000            	0.0000             	0.0000             	0.0000             
138                	2021-02-08 19:42:52	216.5000           	24.9300            	3.0860             	5.3973             	4.4310             	0.5710             	59.9900            	0.0000             	0.0000             	0.0000             
139                	2021-02-08 19:42:53	216.6000           	24.9600            	3.0910             	5.4063             	4.4383             	0.5710             	60.0000            	0.0000             	0.0000             	0.0000             
140                	2021-02-08 19:42:55	216.5000           	24.9600            	3.0930             	5.4038             	4.4325             	0.5720             	60.0000            	0.0000             	0.0000             	0.0000             
141                	2021-02-08 19:42:56	216.6000           	24.9000            	3.0880             	5.3933             	4.4239             	0.5720             	60.0000            	0.0000             	0.0000             	0.0000             
142                	2021-02-08 19:42:57	216.5000           	25.0100            	3.0900             	5.4147             	4.4489             	0.5700             	60.0200            	0.0000             	0.0000             	0.0000             
143                	2021-02-08 19:42:58	216.6000           	25.0000            	3.0960             	5.4150             	4.4454             	0.5710             	59.9900            	0.0000             	0.0000             	0.0000             
144                	2021-02-08 19:42:59	216.5000           	25.1500            	3.0970             	5.4450             	4.4814             	0.5680             	59.9900            	0.0000             	0.0000             	0.0000             
145                	2021-02-08 19:43:00	216.5000           	25.2600            	3.0890             	5.4688             	4.5160             	0.5640             	59.9800            	0.0000             	0.0000             	0.0000             
146                	2021-02-08 19:43:01	216.4000           	25.0800            	3.0940             	5.4273             	4.4593             	0.5700             	59.9800            	0.0000             	0.0000             	0.0000             
147                	2021-02-08 19:43:02	216.3000           	25.0800            	3.0970             	5.4248             	4.4573             	0.5700             	59.9800            	0.0000             	0.0000             	0.0000             
148                	2021-02-08 19:43:03	216.2000           	25.1500            	3.1020             	5.4374             	4.4676             	0.5700             	59.9700            	0.0000             	0.0000             	0.0000             
149                	2021-02-08 19:43:05	216.2000           	25.0400            	3.0910             	5.4136             	4.4443             	0.5710             	59.9800            	0.0000             	0.0000             	0.0000             
150                	2021-02-08 19:43:06	216.1000           	25.0900            	3.0980             	5.4219             	4.4511             	0.5710             	59.9800            	0.0000             	0.0000             	0.0000             
151                	2021-02-08 19:43:07	216.1000           	25.1000            	3.0980             	5.4241             	4.4529             	0.5710             	59.9800            	0.0000             	0.0000             	0.0000             
152                	2021-02-08 19:43:08	216.2000           	25.1600            	3.1000             	5.4396             	4.4732             	0.5690             	59.9800            	0.0000             	0.0000             	0.0000             
153                	2021-02-08 19:43:09	216.1000           	25.1400            	3.0940             	5.4328             	4.4676             	0.5690             	59.9900            	0.0000             	0.0000             	0.0000             
154                	2021-02-08 19:43:10	216.0000           	19.1900            	2.3460             	4.1450             	3.4200             	0.5650             	59.9900            	0.0000             	0.0000             	0.0000             
155                	2021-02-08 19:43:11	216.0000           	18.3400            	2.2420             	3.9614             	3.2685             	0.5650             	59.9900            	0.0000             	0.0000             	0.0000             
156                	2021-02-08 19:43:12	216.1000           	18.3500            	2.2470             	3.9654             	3.2691             	0.5660             	59.9900            	0.0000             	0.0000             	0.0000             
157                	2021-02-08 19:43:13	216.0000           	18.2900            	2.2450             	3.9506             	3.2515             	0.5680             	59.9900            	0.0000             	0.0000             	0.0000             
158                	2021-02-08 19:43:15	215.8000           	18.2800            	2.2400             	3.9448             	3.2494             	0.5670             	59.9900            	0.0000             	0.0000             	0.0000             
159                	2021-02-08 19:43:16	216.1000           	24.2800            	3.0010             	5.2469             	4.3074             	0.5710             	60.0000            	0.0000             	0.0000             	0.0000             
160                	2021-02-08 19:43:17	216.2000           	17.4400            	2.1380             	3.7705             	3.1084             	0.5660             	59.9900            	0.0000             	0.0000             	0.0000             
161                	2021-02-08 19:43:18	216.2000           	17.2100            	2.1140             	3.7208             	3.0649             	0.5670             	59.9900            	0.0000             	0.0000             	0.0000             
162                	2021-02-08 19:43:19	216.1000           	17.2900            	2.1160             	3.7364             	3.0828             	0.5650             	59.9900            	0.0000             	0.0000             	0.0000             
163                	2021-02-08 19:43:20	216.6000           	17.2900            	2.1260             	3.7450             	3.0848             	0.5670             	60.0000            	0.0000             	0.0000             	0.0000             
164                	2021-02-08 19:43:21	216.3000           	17.5900            	2.1610             	3.8047             	3.1340             	0.5670             	60.0000            	0.0000             	0.0000             	0.0000             
165                	2021-02-08 19:43:23	216.6000           	18.5100            	2.2670             	4.0093             	3.3080             	0.5650             	59.9800            	0.0000             	0.0000             	0.0000             
166                	2021-02-08 19:43:24	216.6000           	24.8500            	3.0800             	5.3825             	4.4150             	0.5720             	60.0000            	0.0000             	0.0000             	0.0000             
167                	2021-02-08 19:43:25	216.5000           	24.9100            	3.0820             	5.3930             	4.4274             	0.5710             	60.0000            	0.0000             	0.0000             	0.0000             
168                	2021-02-08 19:43:26	216.7000           	24.9300            	3.0840             	5.4023             	4.4388             	0.5700             	60.0100            	0.0000             	0.0000             	0.0000             
169                	2021-02-08 19:43:27	216.6000           	25.1800            	3.1060             	5.4540             	4.4850             	0.5690             	60.0100            	0.0000             	0.0000             	0.0000             
170                	2021-02-08 19:43:28	217.0000           	25.0500            	3.0870             	5.4359             	4.4776             	0.5670             	60.0200            	0.0000             	0.0000             	0.0000             
171                	2021-02-08 19:43:29	217.0000           	25.1100            	3.0980             	5.4489             	4.4846             	0.5680             	60.0100            	0.0000             	0.0000             	0.0000             
172                	2021-02-08 19:43:30	217.0000           	25.2900            	3.0960             	5.4879             	4.5355             	0.5630             	60.0100            	0.0000             	0.0000             	0.0000             
173                	2021-02-08 19:43:31	217.0000           	25.1500            	3.0870             	5.4575             	4.5030             	0.5650             	60.0200            	0.0000             	0.0000             	0.0000             
174                	2021-02-08 19:43:33	217.3000           	24.9500            	3.0950             	5.4216             	4.4547             	0.5700             	60.0100            	0.0000             	0.0000             	0.0000             
175                	2021-02-08 19:43:34	217.2000           	25.0900            	3.0950             	5.4495             	4.4889             	0.5670             	60.0200            	0.0000             	0.0000             	0.0000             
176                	2021-02-08 19:43:35	217.3000           	25.0500            	3.0940             	5.4434             	4.4800             	0.5680             	60.0200            	0.0000             	0.0000             	0.0000             
177                	2021-02-08 19:43:36	217.1000           	25.0000            	3.0920             	5.4275             	4.4632             	0.5690             	60.0200            	0.0000             	0.0000             	0.0000             
178                	2021-02-08 19:43:37	217.1000           	24.9300            	3.0910             	5.4123             	4.4432             	0.5710             	60.0200            	0.0000             	0.0000             	0.0000             
179                	2021-02-08 19:43:38	217.1000           	24.9800            	3.0950             	5.4232             	4.4559             	0.5700             	60.0200            	0.0000             	0.0000             	0.0000             
180                	2021-02-08 19:43:39	217.2000           	24.9600            	3.0970             	5.4213             	4.4506             	0.5710             	60.0200            	0.0000             	0.0000             	0.0000             
181                	2021-02-08 19:43:41	217.3000           	24.9700            	3.0940             	5.4260             	4.4582             	0.5700             	60.0300            	0.0000             	0.0000             	0.0000             
182                	2021-02-08 19:43:42	217.2000           	24.9400            	3.0930             	5.4170             	4.4508             	0.5700             	60.0200            	0.0000             	0.0000             	0.0000             
183                	2021-02-08 19:43:43	217.3000           	24.9800            	3.0980             	5.4282             	4.4600             	0.5700             	60.0300            	0.0000             	0.0000             	0.0000             
184                	2021-02-08 19:43:44	217.2000           	24.8600            	3.0950             	5.3996             	4.4253             	0.5730             	60.0200            	0.0000             	0.0000             	0.0000             
185                	2021-02-08 19:43:45	217.2000           	24.9500            	3.0980             	5.4191             	4.4488             	0.5710             	60.0200            	0.0000             	0.0000             	0.0000             
186                	2021-02-08 19:43:46	217.1000           	24.9000            	3.0970             	5.4058             	4.4341             	0.5720             	60.0300            	0.0000             	0.0000             	0.0000             
187                	2021-02-08 19:43:47	217.2000           	24.9200            	3.0980             	5.4126             	4.4397             	0.5720             	60.0300            	0.0000             	0.0000             	0.0000             
188                	2021-02-08 19:43:48	217.3000           	18.8700            	2.3510             	4.1005             	3.3605             	0.5730             	60.0300            	0.0000             	0.0000             	0.0000             
189                	2021-02-08 19:43:49	217.2000           	18.0900            	2.2550             	3.9291             	3.2202             	0.5730             	60.0200            	0.0000             	0.0000             	0.0000             
190                	2021-02-08 19:43:51	217.4000           	18.0500            	2.2450             	3.9241             	3.2187             	0.5720             	60.0200            	0.0000             	0.0000             	0.0000             
191                	2021-02-08 19:43:52	217.4000           	18.0800            	2.2510             	3.9306             	3.2241             	0.5720             	60.0200            	0.0000             	0.0000             	0.0000             
192                	2021-02-08 19:43:53	217.4000           	18.1100            	2.2500             	3.9371             	3.2322             	0.5710             	60.0300            	0.0000             	0.0000             	0.0000             
193                	2021-02-08 19:43:54	217.3000           	18.2400            	2.2600             	3.9636             	3.2594             	0.5690             	60.0300            	0.0000             	0.0000             	0.0000             
194                	2021-02-08 19:43:55	217.3000           	17.1700            	2.1210             	3.7310             	3.0708             	0.5680             	60.0300            	0.0000             	0.0000             	0.0000             
195                	2021-02-08 19:43:56	217.2000           	17.1500            	2.1190             	3.7250             	3.0658             	0.5680             	60.0300            	0.0000             	0.0000             	0.0000             
196                	2021-02-08 19:43:58	217.1000           	17.1700            	2.1140             	3.7276             	3.0705             	0.5670             	60.0300            	0.0000             	0.0000             	0.0000             
197                	2021-02-08 19:43:59	217.0000           	18.1100            	2.2280             	3.9299             	3.2398             	0.5660             	60.0300            	0.0000             	0.0000             	0.0000             
198                	2021-02-08 19:44:00	217.1000           	17.2900            	2.1180             	3.7537             	3.0997             	0.5640             	60.0300            	0.0000             	0.0000             	0.0000             
199                	2021-02-08 19:44:01	217.1000           	20.6000            	2.5020             	4.4723             	3.7083             	0.5590             	60.0300            	0.0000             	0.0000             	0.0000             
200                	2021-02-08 19:44:02	217.2000           	25.0100            	3.0880             	5.4322             	4.4708             	0.5680             	60.0300            	0.0000             	0.0000             	0.0000             
201                	2021-02-08 19:44:03	217.1000           	25.0500            	3.0940             	5.4384             	4.4759             	0.5680             	60.0200            	0.0000             	0.0000             	0.0000             
202                	2021-02-08 19:44:05	217.0000           	25.0900            	3.0920             	5.4445             	4.4848             	0.5670             	60.0300            	0.0000             	0.0000             	0.0000             
203                	2021-02-08 19:44:06	217.1000           	25.0400            	3.0890             	5.4362             	4.4779             	0.5670             	60.0300            	0.0000             	0.0000             	0.0000             
204                	2021-02-08 19:44:07	217.1000           	25.0200            	3.0930             	5.4318             	4.4668             	0.5690             	60.0200            	0.0000             	0.0000             	0.0000             
205                	2021-02-08 19:44:08	217.1000           	25.0200            	3.0930             	5.4318             	4.4668             	0.5690             	60.0300            	0.0000             	0.0000             	0.0000             
206                	2021-02-08 19:44:09	217.3000           	25.1400            	3.1110             	5.4629             	4.4924             	0.5690             	60.0300            	0.0000             	0.0000             	0.0000             
207                	2021-02-08 19:44:10	217.3000           	25.0800            	3.1000             	5.4499             	4.4854             	0.5680             	60.0300            	0.0000             	0.0000             	0.0000             
208                	2021-02-08 19:44:12	217.2000           	24.9600            	3.0970             	5.4213             	4.4506             	0.5710             	60.0400            	0.0000             	0.0000             	0.0000             
209                	2021-02-08 19:44:13	217.1000           	24.9300            	3.0900             	5.4123             	4.4470             	0.5700             	60.0400            	0.0000             	0.0000             	0.0000             
210                	2021-02-08 19:44:14	217.2000           	24.8700            	3.0960             	5.4018             	4.4270             	0.5730             	60.0400            	0.0000             	0.0000             	0.0000             
211                	2021-02-08 19:44:15	217.1000           	24.7100            	3.0940             	5.3645             	4.3852             	0.5760             	60.0400            	0.0000             	0.0000             	0.0000             
212                	2021-02-08 19:44:16	217.0000           	25.6500            	3.1940             	5.5660             	4.5617             	0.5730             	60.0400            	0.0000             	0.0000             	0.0000             
213                	2021-02-08 19:44:17	217.1000           	25.6000            	3.1960             	5.5578             	4.5510             	0.5740             	60.0400            	0.0000             	0.0000             	0.0000             
214                	2021-02-08 19:44:18	217.1000           	24.8400            	3.1010             	5.3928             	4.4159             	0.5740             	60.0400            	0.0000             	0.0000             	0.0000             
215                	2021-02-08 19:44:19	217.1000           	24.7400            	3.0990             	5.3711             	4.3906             	0.5760             	60.0300            	0.0000             	0.0000             	0.0000             
216                	2021-02-08 19:44:21	217.0000           	24.7600            	3.0920             	5.3729             	4.3959             	0.5750             	60.0300            	0.0000             	0.0000             	0.0000             
217                	2021-02-08 19:44:22	216.9000           	24.8500            	3.1010             	5.3900             	4.4098             	0.5750             	60.0300            	0.0000             	0.0000             	0.0000             
218                	2021-02-08 19:44:23	217.0000           	24.8400            	3.1010             	5.3903             	4.4101             	0.5750             	60.0300            	0.0000             	0.0000             	0.0000             
219                	2021-02-08 19:44:24	217.0000           	24.8000            	3.0950             	5.3816             	4.4068             	0.5740             	60.0300            	0.0000             	0.0000             	0.0000             
220                	2021-02-08 19:44:25	217.1000           	24.9200            	3.1040             	5.4101             	4.4339             	0.5730             	60.0300            	0.0000             	0.0000             	0.0000             
221                	2021-02-08 19:44:26	217.2000           	24.9700            	3.1050             	5.4235             	4.4486             	0.5720             	60.0400            	0.0000             	0.0000             	0.0000             
222                	2021-02-08 19:44:27	217.1000           	23.4600            	2.9000             	5.0932             	4.1883             	0.5690             	60.0300            	0.0000             	0.0000             	0.0000             
223                	2021-02-08 19:44:28	217.2000           	18.1500            	2.2430             	3.9422             	3.2445             	0.5680             	60.0300            	0.0000             	0.0000             	0.0000             
224                	2021-02-08 19:44:29	217.1000           	18.2500            	2.2510             	3.9621             	3.2636             	0.5670             	60.0400            	0.0000             	0.0000             	0.0000             
225                	2021-02-08 19:44:30	216.9000           	18.3000            	2.2610             	3.9693             	3.2641             	0.5690             	60.0400            	0.0000             	0.0000             	0.0000             
226                	2021-02-08 19:44:32	217.1000           	18.1500            	2.2440             	3.9404             	3.2403             	0.5690             	60.0400            	0.0000             	0.0000             	0.0000             
227                	2021-02-08 19:44:33	217.0000           	18.1600            	2.2430             	3.9407             	3.2433             	0.5680             	60.0400            	0.0000             	0.0000             	0.0000             
228                	2021-02-08 19:44:34	217.1000           	18.1500            	2.2460             	3.9404             	3.2403             	0.5690             	60.0300            	0.0000             	0.0000             	0.0000             
229                	2021-02-08 19:44:35	217.0000           	17.2000            	2.1180             	3.7324             	3.0744             	0.5670             	60.0300            	0.0000             	0.0000             	0.0000             
230                	2021-02-08 19:44:36	217.2000           	17.1800            	2.1180             	3.7315             	3.0737             	0.5670             	60.0400            	0.0000             	0.0000             	0.0000             
231                	2021-02-08 19:44:37	217.2000           	18.9100            	2.3400             	4.1073             	3.3775             	0.5690             	60.0300            	0.0000             	0.0000             	0.0000             
232                	2021-02-08 19:44:38	217.1000           	17.5200            	2.1610             	3.8036             	3.1331             	0.5670             	60.0400            	0.0000             	0.0000             	0.0000             
233                	2021-02-08 19:44:39	217.0000           	17.3100            	2.1340             	3.7563             	3.0915             	0.5680             	60.0400            	0.0000             	0.0000             	0.0000             
234                	2021-02-08 19:44:41	217.0000           	24.6200            	3.0750             	5.3425             	4.3710             	0.5750             	60.0400            	0.0000             	0.0000             	0.0000             
235                	2021-02-08 19:44:42	217.0000           	24.8100            	3.0910             	5.3838             	4.4085             	0.5740             	60.0300            	0.0000             	0.0000             	0.0000             
236                	2021-02-08 19:44:43	217.0000           	24.7900            	3.0890             	5.3794             	4.4087             	0.5730             	60.0300            	0.0000             	0.0000             	0.0000             
237                	2021-02-08 19:44:44	216.8000           	24.8000            	3.0860             	5.3766             	4.4065             	0.5730             	60.0300            	0.0000             	0.0000             	0.0000             
238                	2021-02-08 19:44:45	216.9000           	24.8500            	3.0890             	5.3900             	4.4211             	0.5720             	60.0300            	0.0000             	0.0000             	0.0000             
239                	2021-02-08 19:44:46	216.7000           	24.7700            	3.0900             	5.3677             	4.3916             	0.5750             	60.0200            	0.0000             	0.0000             	0.0000             
240                	2021-02-08 19:44:47	217.0000           	24.8900            	3.0980             	5.4011             	4.4265             	0.5730             	60.0100            	0.0000             	0.0000             	0.0000             
241                	2021-02-08 19:44:48	216.9000           	24.8800            	3.0960             	5.3965             	4.4227             	0.5730             	60.0100            	0.0000             	0.0000             	0.0000             
242                	2021-02-08 19:44:50	217.0000           	24.8400            	3.0950             	5.3903             	4.4176             	0.5730             	60.0200            	0.0000             	0.0000             	0.0000             
243                	2021-02-08 19:44:51	216.9000           	24.8500            	3.0930             	5.3900             	4.4174             	0.5730             	60.0200            	0.0000             	0.0000             	0.0000             
244                	2021-02-08 19:44:52	216.8000           	24.8200            	3.0910             	5.3810             	4.4062             	0.5740             	60.0300            	0.0000             	0.0000             	0.0000             
245                	2021-02-08 19:44:53	216.8000           	24.8400            	3.0990             	5.3853             	4.4060             	0.5750             	60.0200            	0.0000             	0.0000             	0.0000             
246                	2021-02-08 19:44:54	216.9000           	24.8000            	3.0960             	5.3791             	4.4009             	0.5750             	60.0200            	0.0000             	0.0000             	0.0000             
247                	2021-02-08 19:44:55	216.9000           	24.8300            	3.0950             	5.3856             	4.4100             	0.5740             	60.0300            	0.0000             	0.0000             	0.0000             
248                	2021-02-08 19:44:56	217.2000           	24.8500            	3.1020             	5.3974             	4.4197             	0.5740             	60.0300            	0.0000             	0.0000             	0.0000             
249                	2021-02-08 19:44:57	215.6000           	24.9100            	3.0910             	5.3706             	4.3940             	0.5750             	60.0300            	0.0000             	0.0000             	0.0000             
250                	2021-02-08 19:44:58	215.6000           	24.9300            	3.0950             	5.3749             	4.3975             	0.5750             	60.0200            	0.0000             	0.0000             	0.0000             
251                	2021-02-08 19:44:59	215.5000           	24.9400            	3.0910             	5.3746             	4.3972             	0.5750             	60.0300            	0.0000             	0.0000             	0.0000             
252                	2021-02-08 19:45:01	215.5000           	24.9800            	3.0900             	5.3832             	4.4118             	0.5730             	60.0200            	0.0000             	0.0000             	0.0000             
253                	2021-02-08 19:45:02	215.2000           	25.1400            	3.0930             	5.4101             	4.4414             	0.5710             	60.0200            	0.0000             	0.0000             	0.0000             
254                	2021-02-08 19:45:03	215.3000           	25.2000            	3.0960             	5.4256             	4.4579             	0.5700             	60.0200            	0.0000             	0.0000             	0.0000             
255                	2021-02-08 19:45:04	215.3000           	25.3500            	3.0950             	5.4579             	4.4957             	0.5670             	60.0200            	0.0000             	0.0000             	0.0000             
256                	2021-02-08 19:45:05	215.5000           	25.2500            	3.0950             	5.4414             	4.4784             	0.5680             	60.0200            	0.0000             	0.0000             	0.0000             
257                	2021-02-08 19:45:06	215.4000           	19.2500            	2.3490             	4.1464             	3.4184             	0.5660             	60.0100            	0.0000             	0.0000             	0.0000             
258                	2021-02-08 19:45:07	215.6000           	18.4100            	2.2470             	3.9692             	3.2749             	0.5650             	60.0200            	0.0000             	0.0000             	0.0000             
259                	2021-02-08 19:45:08	215.6000           	18.5400            	2.2600             	3.9972             	3.2981             	0.5650             	60.0300            	0.0000             	0.0000             	0.0000             
260                	2021-02-08 19:45:10	215.7000           	18.5100            	2.2490             	3.9926             	3.2997             	0.5630             	60.0300            	0.0000             	0.0000             	0.0000             
261                	2021-02-08 19:45:11	215.6000           	18.4600            	2.2390             	3.9800             	3.2920             	0.5620             	60.0300            	0.0000             	0.0000             	0.0000             
262                	2021-02-08 19:45:12	215.8000           	18.3800            	2.2420             	3.9664             	3.2726             	0.5650             	60.0300            	0.0000             	0.0000             	0.0000             
263                	2021-02-08 19:45:13	215.7000           	18.4700            	2.2430             	3.9840             	3.2953             	0.5620             	60.0300            	0.0000             	0.0000             	0.0000             
264                	2021-02-08 19:45:14	215.6000           	17.3900            	2.1170             	3.7493             	3.0961             	0.5640             	60.0300            	0.0000             	0.0000             	0.0000             
265                	2021-02-08 19:45:15	215.6000           	21.9000            	2.6780             	4.7216             	3.8893             	0.5670             	60.0400            	0.0000             	0.0000             	0.0000             
266                	2021-02-08 19:45:16	215.5000           	19.0000            	2.3270             	4.0945             	3.3699             	0.5680             	60.0300            	0.0000             	0.0000             	0.0000             
267                	2021-02-08 19:45:17	215.5000           	17.2600            	2.1200             	3.7195             	3.0561             	0.5700             	60.0300            	0.0000             	0.0000             	0.0000             
268                	2021-02-08 19:45:18	215.7000           	17.3800            	2.1240             	3.7489             	3.0906             	0.5660             	60.0300            	0.0000             	0.0000             	0.0000             
269                	2021-02-08 19:45:19	215.9000           	21.6800            	2.6520             	4.6807             	3.8588             	0.5660             	60.0300            	0.0000             	0.0000             	0.0000             
270                	2021-02-08 19:45:21	215.9000           	25.0000            	3.0810             	5.3975             	4.4348             	0.5700             	60.0300            	0.0000             	0.0000             	0.0000             
271                	2021-02-08 19:45:22	215.9000           	25.0100            	3.0910             	5.3997             	4.4291             	0.5720             	60.0300            	0.0000             	0.0000             	0.0000             
272                	2021-02-08 19:45:23	215.9000           	24.9400            	3.0840             	5.3845             	4.4167             	0.5720             	60.0200            	0.0000             	0.0000             	0.0000             
273                	2021-02-08 19:45:24	215.8000           	25.0600            	3.0890             	5.4079             	4.4434             	0.5700             	60.0200            	0.0000             	0.0000             	0.0000             
274                	2021-02-08 19:45:25	215.6000           	25.1600            	3.0940             	5.4245             	4.4570             	0.5700             	60.0200            	0.0000             	0.0000             	0.0000             
275                	2021-02-08 19:45:26	215.8000           	25.2000            	3.0950             	5.4382             	4.4720             	0.5690             	60.0200            	0.0000             	0.0000             	0.0000             
276                	2021-02-08 19:45:28	215.7000           	25.1900            	3.0930             	5.4335             	4.4682             	0.5690             	60.0200            	0.0000             	0.0000             	0.0000             
277                	2021-02-08 19:45:29	215.6000           	25.2100            	3.0910             	5.4353             	4.4734             	0.5680             	60.0200            	0.0000             	0.0000             	0.0000             
278                	2021-02-08 19:45:30	215.6000           	25.2700            	3.0930             	5.4482             	4.4878             	0.5670             	60.0200            	0.0000             	0.0000             	0.0000             
279                	2021-02-08 19:45:31	215.6000           	25.2800            	3.0910             	5.4504             	4.4933             	0.5660             	60.0200            	0.0000             	0.0000             	0.0000             
280                	2021-02-08 19:45:32	215.6000           	25.1100            	3.0920             	5.4137             	4.4482             	0.5700             	60.0200            	0.0000             	0.0000             	0.0000             
281                	2021-02-08 19:45:33	215.6000           	25.0800            	3.0900             	5.4072             	4.4391             	0.5710             	60.0100            	0.0000             	0.0000             	0.0000             
282                	2021-02-08 19:45:34	215.6000           	25.0700            	3.0890             	5.4051             	4.4373             	0.5710             	60.0200            	0.0000             	0.0000             	0.0000             
283                	2021-02-08 19:45:35	215.4000           	25.1900            	3.0900             	5.4259             	4.4619             	0.5690             	60.0200            	0.0000             	0.0000             	0.0000             
284                	2021-02-08 19:45:36	215.6000           	25.4100            	3.0950             	5.4784             	4.5239             	0.5640             	60.0200            	0.0000             	0.0000             	0.0000             
285                	2021-02-08 19:45:37	215.5000           	25.4600            	3.0960             	5.4866             	4.5307             	0.5640             	60.0200            	0.0000             	0.0000             	0.0000             
286                	2021-02-08 19:45:39	215.5000           	25.6400            	3.0940             	5.5254             	4.5815             	0.5590             	60.0200            	0.0000             	0.0000             	0.0000             
287                	2021-02-08 19:45:40	215.4000           	25.5900            	3.0880             	5.5121             	4.5667             	0.5600             	60.0200            	0.0000             	0.0000             	0.0000             
288                	2021-02-08 19:45:41	215.4000           	25.6300            	3.0910             	5.5207             	4.5776             	0.5590             	60.0100            	0.0000             	0.0000             	0.0000             
289                	2021-02-08 19:45:42	215.4000           	25.6400            	3.0940             	5.5229             	4.5794             	0.5590             	60.0100            	0.0000             	0.0000             	0.0000             
290                	2021-02-08 19:45:43	215.2000           	25.4900            	3.0860             	5.4854             	4.5372             	0.5620             	60.0200            	0.0000             	0.0000             	0.0000             
291                	2021-02-08 19:45:44	215.3000           	23.1300            	2.7770             	4.9799             	4.1359             	0.5570             	60.0100            	0.0000             	0.0000             	0.0000             
292                	2021-02-08 19:45:45	215.4000           	18.5600            	2.2440             	3.9978             	3.3095             	0.5610             	60.0100            	0.0000             	0.0000             	0.0000             
293                	2021-02-08 19:45:46	215.3000           	18.5800            	2.2410             	4.0003             	3.3169             	0.5590             	60.0200            	0.0000             	0.0000             	0.0000             
294                	2021-02-08 19:45:48	215.6000           	18.5400            	2.2420             	3.9972             	3.3117             	0.5600             	60.0200            	0.0000             	0.0000             	0.0000             
295                	2021-02-08 19:45:49	215.6000           	18.4100            	2.2460             	3.9692             	3.2749             	0.5650             	60.0200            	0.0000             	0.0000             	0.0000             
296                	2021-02-08 19:45:50	215.6000           	18.3900            	2.2470             	3.9649             	3.2687             	0.5660             	60.0200            	0.0000             	0.0000             	0.0000             
297                	2021-02-08 19:45:51	215.6000           	18.3700            	2.2440             	3.9606             	3.2651             	0.5660             	60.0200            	0.0000             	0.0000             	0.0000             
298                	2021-02-08 19:45:52	215.6000           	17.3700            	2.1150             	3.7450             	3.0925             	0.5640             	60.0300            	0.0000             	0.0000             	0.0000             
299                	2021-02-08 19:45:53	215.6000           	17.4500            	2.1170             	3.7622             	3.1119             	0.5620             	60.0400            	0.0000             	0.0000             	0.0000             
300                	2021-02-08 19:45:54	215.6000           	19.6500            	2.3890             	4.2365             	3.5013             	0.5630             	60.0400            	0.0000             	0.0000             	0.0000             
301                	2021-02-08 19:45:55	215.6000           	17.5400            	2.1290             	3.7816             	3.1253             	0.5630             	60.0400            	0.0000             	0.0000             	0.0000             
302                	2021-02-08 19:45:57	215.6000           	17.7900            	2.1610             	3.8355             	3.1699             	0.5630             	60.0400            	0.0000             	0.0000             	0.0000             
303                	2021-02-08 19:45:58	215.4000           	25.2000            	3.0760             	5.4281             	4.4749             	0.5660             	60.0400            	0.0000             	0.0000             	0.0000             
304                	2021-02-08 19:45:59	215.4000           	25.2700            	3.0750             	5.4432             	4.4948             	0.5640             	60.0300            	0.0000             	0.0000             	0.0000             
305                	2021-02-08 19:46:00	215.5000           	25.2300            	3.0790             	5.4371             	4.4823             	0.5660             	60.0300            	0.0000             	0.0000             	0.0000             
306                	2021-02-08 19:46:01	215.4000           	25.1800            	3.0740             	5.4238             	4.4714             	0.5660             	60.0300            	0.0000             	0.0000             	0.0000             
307                	2021-02-08 19:46:02	215.4000           	25.4900            	3.1050             	5.4905             	4.5302             	0.5650             	60.0300            	0.0000             	0.0000             	0.0000             
308                	2021-02-08 19:46:04	215.5000           	25.3600            	3.0910             	5.4651             	4.5092             	0.5650             	60.0300            	0.0000             	0.0000             	0.0000             
309                	2021-02-08 19:46:05	215.6000           	25.2800            	3.0840             	5.4504             	4.4970             	0.5650             	60.0300            	0.0000             	0.0000             	0.0000             
310                	2021-02-08 19:46:06	215.6000           	25.3400            	3.0890             	5.4633             	4.5077             	0.5650             	60.0400            	0.0000             	0.0000             	0.0000             
311                	2021-02-08 19:46:07	215.6000           	25.2400            	3.0820             	5.4417             	4.4862             	0.5660             	60.0400            	0.0000             	0.0000             	0.0000             
312                	2021-02-08 19:46:08	215.4000           	25.2300            	3.0840             	5.4345             	4.4765             	0.5670             	60.0400            	0.0000             	0.0000             	0.0000             
313                	2021-02-08 19:46:09	215.4000           	25.4000            	3.1060             	5.4712             	4.5067             	0.5670             	60.0300            	0.0000             	0.0000             	0.0000             
314                	2021-02-08 19:46:10	215.1000           	25.1300            	3.0910             	5.4055             	4.4376             	0.5710             	60.0300            	0.0000             	0.0000             	0.0000             
315                	2021-02-08 19:46:11	215.1000           	25.2400            	3.0940             	5.4291             	4.4646             	0.5690             	60.0300            	0.0000             	0.0000             	0.0000             
316                	2021-02-08 19:46:12	215.2000           	25.3100            	3.0970             	5.4467             	4.4828             	0.5680             	60.0300            	0.0000             	0.0000             	0.0000             
317                	2021-02-08 19:46:13	214.6000           	25.2500            	3.0840             	5.4187             	4.4597             	0.5680             	60.0200            	0.0000             	0.0000             	0.0000             
318                	2021-02-08 19:46:15	214.6000           	25.3700            	3.0870             	5.4444             	4.4847             	0.5670             	60.0200            	0.0000             	0.0000             	0.0000             
319                	2021-02-08 19:46:16	214.6000           	26.2100            	3.1880             	5.6247             	4.6370             	0.5660             	60.0200            	0.0000             	0.0000             	0.0000             
320                	2021-02-08 19:46:17	214.8000           	26.2500            	3.1950             	5.6385             	4.6484             	0.5660             	60.0200            	0.0000             	0.0000             	0.0000             
321                	2021-02-08 19:46:18	214.7000           	25.8300            	3.1450             	5.5457             	4.5719             	0.5660             	60.0200            	0.0000             	0.0000             	0.0000             
322                	2021-02-08 19:46:19	214.8000           	25.3500            	3.0860             	5.4452             	4.4890             	0.5660             	60.0100            	0.0000             	0.0000             	0.0000             
323                	2021-02-08 19:46:20	214.6000           	25.4800            	3.0940             	5.4680             	4.5116             	0.5650             	60.0100            	0.0000             	0.0000             	0.0000             
324                	2021-02-08 19:46:21	214.6000           	25.4400            	3.0930             	5.4594             	4.5008             	0.5660             	60.0100            	0.0000             	0.0000             	0.0000             
325                	2021-02-08 19:46:22	214.4000           	25.3200            	3.0830             	5.4286             	4.4716             	0.5670             	60.0000            	0.0000             	0.0000             	0.0000             
326                	2021-02-08 19:46:23	214.7000           	25.3200            	3.0880             	5.4362             	4.4779             	0.5670             	60.0100            	0.0000             	0.0000             	0.0000             
327                	2021-02-08 19:46:24	214.8000           	19.1100            	2.3100             	4.1048             	3.3953             	0.5620             	60.0100            	0.0000             	0.0000             	0.0000             
328                	2021-02-08 19:46:26	214.8000           	18.5200            	2.2410             	3.9781             	3.2877             	0.5630             	60.0000            	0.0000             	0.0000             	0.0000             
329                	2021-02-08 19:46:27	215.0000           	18.5100            	2.2400             	3.9797             	3.2917             	0.5620             	60.0000            	0.0000             	0.0000             	0.0000             
330                	2021-02-08 19:46:28	214.9000           	18.5600            	2.2470             	3.9885             	3.2964             	0.5630             	60.0000            	0.0000             	0.0000             	0.0000             
331                	2021-02-08 19:46:29	214.9000           	18.4900            	2.2380             	3.9735             	3.2839             	0.5630             	60.0000            	0.0000             	0.0000             	0.0000             
332                	2021-02-08 19:46:30	214.8000           	18.3100            	2.2270             	3.9330             	3.2451             	0.5650             	60.0100            	0.0000             	0.0000             	0.0000             
333                	2021-02-08 19:46:31	214.9000           	17.4300            	2.1140             	3.7457             	3.0931             	0.5640             	60.0100            	0.0000             	0.0000             	0.0000             
334                	2021-02-08 19:46:32	214.7000           	17.4900            	2.1150             	3.7551             	3.1034             	0.5630             	60.0100            	0.0000             	0.0000             	0.0000             
335                	2021-02-08 19:46:33	214.8000           	18.1500            	2.1930             	3.8986             	3.2247             	0.5620             	60.0100            	0.0000             	0.0000             	0.0000             
336                	2021-02-08 19:46:35	214.7000           	17.3500            	2.0910             	3.7250             	3.0837             	0.5610             	60.0100            	0.0000             	0.0000             	0.0000             
337                	2021-02-08 19:46:36	214.8000           	17.6000            	2.1270             	3.7805             	3.1270             	0.5620             	60.0200            	0.0000             	0.0000             	0.0000             
338                	2021-02-08 19:46:37	214.7000           	24.4400            	2.9830             	5.2473             	4.3187             	0.5680             	60.0200            	0.0000             	0.0000             	0.0000             
339                	2021-02-08 19:46:38	214.6000           	25.2400            	3.0740             	5.4165             	4.4617             	0.5670             	60.0200            	0.0000             	0.0000             	0.0000             
340                	2021-02-08 19:46:39	214.5000           	25.3200            	3.0850             	5.4311             	4.4737             	0.5670             	60.0200            	0.0000             	0.0000             	0.0000             
341                	2021-02-08 19:46:40	214.4000           	25.1400            	3.0730             	5.3900             	4.4324             	0.5690             	60.0200            	0.0000             	0.0000             	0.0000             
342                	2021-02-08 19:46:41	214.3000           	25.3000            	3.0870             	5.4218             	4.4585             	0.5690             	60.0200            	0.0000             	0.0000             	0.0000             
343                	2021-02-08 19:46:43	214.0000           	25.2700            	3.0820             	5.4078             	4.4470             	0.5690             	60.0100            	0.0000             	0.0000             	0.0000             
344                	2021-02-08 19:46:44	214.4000           	25.3200            	3.0880             	5.4286             	4.4679             	0.5680             	60.0100            	0.0000             	0.0000             	0.0000             
345                	2021-02-08 19:46:45	214.3000           	25.3300            	3.0830             	5.4282             	4.4713             	0.5670             	60.0100            	0.0000             	0.0000             	0.0000             
346                	2021-02-08 19:46:46	214.2000           	25.1600            	3.0770             	5.3893             	4.4281             	0.5700             	60.0200            	0.0000             	0.0000             	0.0000             
347                	2021-02-08 19:46:47	214.4000           	25.2300            	3.0950             	5.4093             	4.4370             	0.5720             	60.0200            	0.0000             	0.0000             	0.0000             
348                	2021-02-08 19:46:48	214.3000           	25.2600            	3.0860             	5.4132             	4.4477             	0.5700             	60.0200            	0.0000             	0.0000             	0.0000             
349                	2021-02-08 19:46:49	214.4000           	25.2100            	3.0850             	5.4050             	4.4410             	0.5700             	60.0200            	0.0000             	0.0000             	0.0000             
350                	2021-02-08 19:46:51	214.4000           	25.3300            	3.0840             	5.4308             	4.4734             	0.5670             	60.0300            	0.0000             	0.0000             	0.0000             
351                	2021-02-08 19:46:52	214.4000           	25.2800            	3.0780             	5.4200             	4.4646             	0.5670             	60.0200            	0.0000             	0.0000             	0.0000             
352                	2021-02-08 19:46:53	214.4000           	25.2900            	3.0920             	5.4222             	4.4551             	0.5700             	60.0100            	0.0000             	0.0000             	0.0000             
353                	2021-02-08 19:46:54	214.5000           	25.2600            	3.0900             	5.4183             	4.4519             	0.5700             	60.0100            	0.0000             	0.0000             	0.0000             
354                	2021-02-08 19:46:55	214.5000           	25.1500            	3.0810             	5.3947             	4.4288             	0.5710             	60.0100            	0.0000             	0.0000             	0.0000             
355                	2021-02-08 19:46:56	214.4000           	25.2700            	3.0900             	5.4179             	4.4516             	0.5700             	60.0100            	0.0000             	0.0000             	0.0000             
356                	2021-02-08 19:46:57	214.4000           	25.2600            	3.0900             	5.4157             	4.4498             	0.5700             	60.0100            	0.0000             	0.0000             	0.0000             
357                	2021-02-08 19:46:58	214.5000           	25.1000            	3.0790             	5.3840             	4.4200             	0.5710             	60.0000            	0.0000             	0.0000             	0.0000             
358                	2021-02-08 19:47:00	214.6000           	25.2900            	3.0880             	5.4272             	4.4668             	0.5680             	60.0100            	0.0000             	0.0000             	0.0000             
359                	2021-02-08 19:47:01	214.6000           	25.2300            	3.0880             	5.4144             	4.4487             	0.5700             	60.0000            	0.0000             	0.0000             	0.0000             
360                	2021-02-08 19:47:02	214.7000           	24.7100            	3.0500             	5.3052             	4.3442             	0.5740             	59.9900            	0.0000             	0.0000             	0.0000             
361                	2021-02-08 19:47:03	214.6000           	18.4300            	2.2490             	3.9551             	3.2551             	0.5680             	60.0000            	0.0000             	0.0000             	0.0000             
362                	2021-02-08 19:47:04	214.7000           	18.4000            	2.2430             	3.9505             	3.2541             	0.5670             	59.9900            	0.0000             	0.0000             	0.0000             
363                	2021-02-08 19:47:05	214.7000           	18.5700            	2.2470             	3.9870             	3.2951             	0.5630             	60.0000            	0.0000             	0.0000             	0.0000             
364                	2021-02-08 19:47:07	215.0000           	18.5300            	2.2410             	3.9840             	3.2953             	0.5620             	60.0000            	0.0000             	0.0000             	0.0000             
365                	2021-02-08 19:47:08	214.9000           	18.5300            	2.2390             	3.9821             	3.2937             	0.5620             	59.9800            	0.0000             	0.0000             	0.0000             
366                	2021-02-08 19:47:09	215.0000           	18.5300            	2.2400             	3.9840             	3.2953             	0.5620             	59.9800            	0.0000             	0.0000             	0.0000             
367                	2021-02-08 19:47:10	215.0000           	17.4500            	2.1130             	3.7517             	3.1007             	0.5630             	60.0000            	0.0000             	0.0000             	0.0000             
368                	2021-02-08 19:47:11	215.0000           	17.5600            	2.1210             	3.7754             	3.1253             	0.5610             	60.0100            	0.0000             	0.0000             	0.0000             
369                	2021-02-08 19:47:12	215.0000           	19.3200            	2.3410             	4.1538             	3.4329             	0.5630             	60.0100            	0.0000             	0.0000             	0.0000             
370                	2021-02-08 19:47:13	215.0000           	18.4600            	2.2420             	3.9689             	3.2774             	0.5640             	60.0300            	0.0000             	0.0000             	0.0000             
371                	2021-02-08 19:47:15	214.8000           	18.4100            	2.2380             	3.9545             	3.2628             	0.5650             	60.0100            	0.0000             	0.0000             	0.0000             
372                	2021-02-08 19:47:16	214.8000           	24.4400            	2.9910             	5.2497             	4.3170             	0.5690             	60.0100            	0.0000             	0.0000             	0.0000             
373                	2021-02-08 19:47:17	214.8000           	18.4200            	2.2380             	3.9566             	3.2646             	0.5650             	60.0100            	0.0000             	0.0000             	0.0000             
374                	2021-02-08 19:47:18	214.8000           	17.5100            	2.1210             	3.7611             	3.1084             	0.5630             	60.0100            	0.0000             	0.0000             	0.0000             
375                	2021-02-08 19:47:19	214.5000           	17.3900            	2.1070             	3.7302             	3.0803             	0.5640             	60.0100            	0.0000             	0.0000             	0.0000             
376                	2021-02-08 19:47:20	214.6000           	16.9700            	2.1140             	3.6418             	2.9666             	0.5800             	60.0100            	0.0000             	0.0000             	0.0000             
377                	2021-02-08 19:47:21	214.6000           	16.9700            	2.1180             	3.6418             	2.9640             	0.5810             	60.0100            	0.0000             	0.0000             	0.0000             
378                	2021-02-08 19:47:22	214.6000           	16.8800            	2.1100             	3.6224             	2.9457             	0.5820             	60.0100            	0.0000             	0.0000             	0.0000             
379                	2021-02-08 19:47:23	214.7000           	17.4800            	2.1670             	3.7530             	3.0652             	0.5770             	60.0100            	0.0000             	0.0000             	0.0000             
380                	2021-02-08 19:47:25	214.6000           	17.1000            	2.1130             	3.6697             	3.0023             	0.5750             	60.0100            	0.0000             	0.0000             	0.0000             
381                	2021-02-08 19:47:26	214.6000           	17.1000            	2.1080             	3.6697             	3.0049             	0.5740             	60.0100            	0.0000             	0.0000             	0.0000             
382                	2021-02-08 19:47:27	214.6000           	17.1700            	2.1120             	3.6847             	3.0198             	0.5730             	60.0100            	0.0000             	0.0000             	0.0000             
383                	2021-02-08 19:47:28	214.7000           	17.1100            	2.1110             	3.6735             	3.0081             	0.5740             	60.0100            	0.0000             	0.0000             	0.0000             
384                	2021-02-08 19:47:29	214.6000           	17.1200            	2.1140             	3.6740             	3.0059             	0.5750             	60.0000            	0.0000             	0.0000             	0.0000             
385                	2021-02-08 19:47:30	214.5000           	17.0500            	2.1070             	3.6572             	2.9922             	0.5750             	60.0000            	0.0000             	0.0000             	0.0000             
386                	2021-02-08 19:47:31	214.6000           	17.1200            	2.1110             	3.6740             	3.0084             	0.5740             	60.0200            	0.0000             	0.0000             	0.0000             
387                	2021-02-08 19:47:33	214.5000           	17.2100            	2.1130             	3.6915             	3.0280             	0.5720             	60.0000            	0.0000             	0.0000             	0.0000             
388                	2021-02-08 19:47:34	214.6000           	17.1600            	2.1090             	3.6825             	3.0206             	0.5720             	60.0000            	0.0000             	0.0000             	0.0000             
389                	2021-02-08 19:47:35	214.5000           	17.1900            	2.1100             	3.6873             	3.0245             	0.5720             	59.9800            	0.0000             	0.0000             	0.0000             
390                	2021-02-08 19:47:36	214.5000           	17.1300            	2.1040             	3.6744             	3.0139             	0.5720             	59.9800            	0.0000             	0.0000             	0.0000             
391                	2021-02-08 19:47:37	214.4000           	17.1300            	2.1130             	3.6727             	3.0048             	0.5750             	60.0000            	0.0000             	0.0000             	0.0000             
392                	2021-02-08 19:47:38	214.6000           	16.9700            	2.1140             	3.6418             	2.9666             	0.5800             	60.0000            	0.0000             	0.0000             	0.0000             
393                	2021-02-08 19:47:39	214.6000           	17.0000            	2.1110             	3.6482             	2.9771             	0.5780             	60.0000            	0.0000             	0.0000             	0.0000             
394                	2021-02-08 19:47:40	214.5000           	17.0500            	2.1090             	3.6572             	2.9896             	0.5760             	60.0100            	0.0000             	0.0000             	0.0000             
395                	2021-02-08 19:47:42	214.6000           	17.0300            	2.1070             	3.6546             	2.9875             	0.5760             	60.0100            	0.0000             	0.0000             	0.0000             
396                	2021-02-08 19:47:43	214.5000           	16.9400            	2.1070             	3.6336             	2.9626             	0.5790             	60.0000            	0.0000             	0.0000             	0.0000             
397                	2021-02-08 19:47:44	214.3000           	16.9400            	2.1010             	3.6302             	2.9624             	0.5780             	60.0000            	0.0000             	0.0000             	0.0000             
398                	2021-02-08 19:47:45	214.4000           	16.9300            	2.1030             	3.6298             	2.9595             	0.5790             	60.0000            	0.0000             	0.0000             	0.0000             
399                	2021-02-08 19:47:46	214.6000           	16.9700            	2.1080             	3.6418             	2.9692             	0.5790             	59.9900            	0.0000             	0.0000             	0.0000             
400                	2021-02-08 19:47:47	214.5000           	17.0200            	2.1120             	3.6508             	2.9792             	0.5780             	60.0000            	0.0000             	0.0000             	0.0000             
401                	2021-02-08 19:47:48	214.6000           	16.9500            	2.1020             	3.6375             	2.9709             	0.5770             	60.0000            	0.0000             	0.0000             	0.0000             
