No.                	Time               	Voltage[ V ]       	Current[ mA ]      	Active Power[ W ]  	Apparent Power[ VA ]	Reactive Power[ Var ]	Power Factor[ PF ] 	Frequency[ Hz ]    	Watt Hours[ Wh ]   	CO2[ g ]           	Cost[ Dollar ]     
1                  	2021-01-28 21:31:04	216.6000           	13.3300            	1.6890             	2.8873             	2.3438             	0.5840             	60.0200            	0.0000             	0.0000             	0.0000             
2                  	2021-01-28 21:31:05	216.6000           	13.2900            	1.6830             	2.8786             	2.3367             	0.5840             	60.0400            	0.0000             	0.0000             	0.0000             
3                  	2021-01-28 21:31:06	216.6000           	13.3000            	1.6870             	2.8808             	2.3364             	0.5850             	60.0100            	0.0000             	0.0000             	0.0000             
4                  	2021-01-28 21:31:07	216.6000           	13.2600            	1.6810             	2.8721             	2.3273             	0.5860             	60.0200            	0.0000             	0.0000             	0.0000             
5                  	2021-01-28 21:31:09	216.7000           	13.2900            	1.6860             	2.8799             	2.3357             	0.5850             	60.0200            	0.0000             	0.0000             	0.0000             
6                  	2021-01-28 21:31:10	216.7000           	13.2700            	1.6830             	2.8756             	2.3322             	0.5850             	60.0100            	0.0000             	0.0000             	0.0000             
7                  	2021-01-28 21:31:11	216.7000           	13.3400            	1.6910             	2.8908             	2.3466             	0.5840             	60.0200            	0.0000             	0.0000             	0.0000             
8                  	2021-01-28 21:31:12	216.7000           	13.2900            	1.6830             	2.8799             	2.3378             	0.5840             	60.0200            	0.0000             	0.0000             	0.0000             
9                  	2021-01-28 21:31:13	216.8000           	13.1500            	1.6830             	2.8509             	2.3018             	0.5900             	60.0200            	0.0000             	0.0000             	0.0000             
10                 	2021-01-28 21:31:14	216.5000           	13.2000            	1.6820             	2.8578             	2.3116             	0.5880             	60.0200            	0.0000             	0.0000             	0.0000             
11                 	2021-01-28 21:31:15	216.7000           	13.6000            	1.7370             	2.9471             	2.3817             	0.5890             	60.0200            	0.0000             	0.0000             	0.0000             
12                 	2021-01-28 21:31:16	216.6000           	13.1500            	1.6860             	2.8483             	2.2976             	0.5910             	60.0200            	0.0000             	0.0000             	0.0000             
13                 	2021-01-28 21:31:17	216.4000           	13.1900            	1.6840             	2.8543             	2.3067             	0.5890             	60.0200            	0.0000             	0.0000             	0.0000             
14                 	2021-01-28 21:31:19	216.4000           	13.2600            	1.6850             	2.8695             	2.3231             	0.5870             	60.0400            	0.0000             	0.0000             	0.0000             
15                 	2021-01-28 21:31:20	216.4000           	13.3000            	1.6880             	2.8781             	2.3322             	0.5860             	60.0200            	0.0000             	0.0000             	0.0000             
16                 	2021-01-28 21:31:21	216.3000           	13.2600            	1.6840             	2.8681             	2.3241             	0.5860             	60.0100            	0.0000             	0.0000             	0.0000             
17                 	2021-01-28 21:31:22	216.3000           	13.2800            	1.6850             	2.8725             	2.3276             	0.5860             	60.0200            	0.0000             	0.0000             	0.0000             
18                 	2021-01-28 21:31:23	216.2000           	13.3300            	1.6890             	2.8819             	2.3353             	0.5860             	60.0200            	0.0000             	0.0000             	0.0000             
19                 	2021-01-28 21:31:24	216.1000           	13.3200            	1.6910             	2.8785             	2.3304             	0.5870             	60.0200            	0.0000             	0.0000             	0.0000             
20                 	2021-01-28 21:31:25	216.0000           	13.3500            	1.6900             	2.8836             	2.3387             	0.5850             	60.0100            	0.0000             	0.0000             	0.0000             
21                 	2021-01-28 21:31:26	216.1000           	13.3700            	1.6900             	2.8893             	2.3454             	0.5840             	60.0100            	0.0000             	0.0000             	0.0000             
22                 	2021-01-28 21:31:27	216.0000           	14.4800            	1.7900             	3.1277             	2.5655             	0.5720             	60.0000            	0.0000             	0.0000             	0.0000             
23                 	2021-01-28 21:31:29	216.0000           	13.4000            	1.6840             	2.8944             	2.3558             	0.5810             	60.0000            	0.0000             	0.0000             	0.0000             
24                 	2021-01-28 21:31:30	216.0000           	13.4300            	1.6910             	2.9009             	2.3590             	0.5820             	59.9900            	0.0000             	0.0000             	0.0000             
25                 	2021-01-28 21:31:31	216.0000           	13.4800            	1.6900             	2.9117             	2.3719             	0.5800             	59.9900            	0.0000             	0.0000             	0.0000             
26                 	2021-01-28 21:31:32	215.9000           	13.3800            	1.6850             	2.8887             	2.3470             	0.5830             	60.0000            	0.0000             	0.0000             	0.0000             
27                 	2021-01-28 21:31:33	216.1000           	13.4600            	1.6980             	2.9087             	2.3632             	0.5830             	59.9900            	0.0000             	0.0000             	0.0000             
28                 	2021-01-28 21:31:34	216.0000           	13.3900            	1.6840             	2.8922             	2.3519             	0.5820             	59.9900            	0.0000             	0.0000             	0.0000             
29                 	2021-01-28 21:31:35	216.0000           	13.4100            	1.6870             	2.8966             	2.3555             	0.5820             	59.9900            	0.0000             	0.0000             	0.0000             
30                 	2021-01-28 21:31:36	216.0000           	13.2400            	1.6790             	2.8598             	2.3174             	0.5860             	59.9800            	0.0000             	0.0000             	0.0000             
31                 	2021-01-28 21:31:38	216.1000           	13.2900            	1.6840             	2.8720             	2.3293             	0.5850             	59.9800            	0.0000             	0.0000             	0.0000             
32                 	2021-01-28 21:31:39	216.1000           	13.3700            	1.6940             	2.8893             	2.3412             	0.5860             	59.9800            	0.0000             	0.0000             	0.0000             
33                 	2021-01-28 21:31:40	216.2000           	13.3100            	1.6910             	2.8776             	2.3297             	0.5870             	59.9800            	0.0000             	0.0000             	0.0000             
34                 	2021-01-28 21:31:41	216.2000           	13.3200            	1.6940             	2.8798             	2.3293             	0.5880             	59.9800            	0.0000             	0.0000             	0.0000             
35                 	2021-01-28 21:31:42	216.2000           	13.3300            	1.6940             	2.8819             	2.3332             	0.5870             	59.9800            	0.0000             	0.0000             	0.0000             
36                 	2021-01-28 21:31:43	216.1000           	13.2900            	1.6900             	2.8720             	2.3230             	0.5880             	59.9800            	0.0000             	0.0000             	0.0000             
37                 	2021-01-28 21:31:44	216.2000           	13.3300            	1.6950             	2.8819             	2.3311             	0.5880             	59.9900            	0.0000             	0.0000             	0.0000             
38                 	2021-01-28 21:31:45	216.2000           	13.2000            	1.6820             	2.8538             	2.3063             	0.5890             	59.9800            	0.0000             	0.0000             	0.0000             
39                 	2021-01-28 21:31:46	216.1000           	13.2900            	1.6900             	2.8720             	2.3230             	0.5880             	59.9800            	0.0000             	0.0000             	0.0000             
40                 	2021-01-28 21:31:47	216.1000           	13.2900            	1.6870             	2.8720             	2.3251             	0.5870             	59.9800            	0.0000             	0.0000             	0.0000             
41                 	2021-01-28 21:31:48	216.2000           	13.2100            	1.6800             	2.8560             	2.3101             	0.5880             	59.9800            	0.0000             	0.0000             	0.0000             
42                 	2021-01-28 21:31:49	216.1000           	13.2500            	1.6860             	2.8633             	2.3160             	0.5880             	59.9800            	0.0000             	0.0000             	0.0000             
43                 	2021-01-28 21:31:50	216.1000           	13.2600            	1.6870             	2.8655             	2.3178             	0.5880             	59.9800            	0.0000             	0.0000             	0.0000             
44                 	2021-01-28 21:31:52	216.1000           	13.2100            	1.6780             	2.8547             	2.3111             	0.5870             	59.9800            	0.0000             	0.0000             	0.0000             
45                 	2021-01-28 21:31:53	216.0000           	13.2500            	1.6890             	2.8620             	2.3108             	0.5900             	59.9900            	0.0000             	0.0000             	0.0000             
46                 	2021-01-28 21:31:54	216.0000           	13.2900            	1.6880             	2.8706             	2.3240             	0.5870             	59.9900            	0.0000             	0.0000             	0.0000             
47                 	2021-01-28 21:31:55	216.0000           	13.2100            	1.6810             	2.8534             	2.3059             	0.5890             	59.9900            	0.0000             	0.0000             	0.0000             
48                 	2021-01-28 21:31:56	216.0000           	13.2800            	1.6950             	2.8685             	2.3160             	0.5900             	59.9900            	0.0000             	0.0000             	0.0000             
49                 	2021-01-28 21:31:57	216.1000           	13.2400            	1.6850             	2.8612             	2.3143             	0.5880             	60.0000            	0.0000             	0.0000             	0.0000             
50                 	2021-01-28 21:31:58	216.1000           	15.3900            	1.9160             	3.3258             	2.7187             	0.5760             	60.0000            	0.0000             	0.0000             	0.0000             
51                 	2021-01-28 21:31:59	216.1000           	13.2600            	1.6860             	2.8655             	2.3178             	0.5880             	60.0300            	0.0000             	0.0000             	0.0000             
52                 	2021-01-28 21:32:01	216.1000           	13.2500            	1.6840             	2.8633             	2.3181             	0.5870             	60.0000            	0.0000             	0.0000             	0.0000             
53                 	2021-01-28 21:32:02	216.1000           	13.2500            	1.6900             	2.8633             	2.3119             	0.5900             	60.0000            	0.0000             	0.0000             	0.0000             
54                 	2021-01-28 21:32:03	216.0000           	13.2400            	1.6860             	2.8598             	2.3111             	0.5890             	60.0100            	0.0000             	0.0000             	0.0000             
55                 	2021-01-28 21:32:04	216.3000           	13.2100            	1.6840             	2.8573             	2.3091             	0.5890             	60.0100            	0.0000             	0.0000             	0.0000             
56                 	2021-01-28 21:32:05	216.2000           	13.3000            	1.6930             	2.8755             	2.3258             	0.5880             	60.0000            	0.0000             	0.0000             	0.0000             
57                 	2021-01-28 21:32:06	216.0000           	13.1900            	1.6840             	2.8490             	2.3003             	0.5900             	60.0000            	0.0000             	0.0000             	0.0000             
58                 	2021-01-28 21:32:07	216.0000           	13.2300            	1.6850             	2.8577             	2.3094             	0.5890             	60.0000            	0.0000             	0.0000             	0.0000             
59                 	2021-01-28 21:32:08	216.0000           	13.2400            	1.6830             	2.8598             	2.3132             	0.5880             	60.0000            	0.0000             	0.0000             	0.0000             
60                 	2021-01-28 21:32:09	215.9000           	13.2200            	1.6830             	2.8542             	2.3066             	0.5890             	59.9700            	0.0000             	0.0000             	0.0000             
61                 	2021-01-28 21:32:10	216.0000           	13.2800            	1.6860             	2.8685             	2.3223             	0.5870             	59.9700            	0.0000             	0.0000             	0.0000             
62                 	2021-01-28 21:32:11	215.9000           	13.2000            	1.6850             	2.8499             	2.3010             	0.5900             	59.9900            	0.0000             	0.0000             	0.0000             
63                 	2021-01-28 21:32:13	216.0000           	13.1700            	1.6790             	2.8447             	2.2989             	0.5890             	59.9900            	0.0000             	0.0000             	0.0000             
64                 	2021-01-28 21:32:14	216.0000           	13.2200            	1.6810             	2.8555             	2.3097             	0.5880             	59.9900            	0.0000             	0.0000             	0.0000             
65                 	2021-01-28 21:32:15	216.0000           	13.1600            	1.6800             	2.8426             	2.2951             	0.5900             	59.9900            	0.0000             	0.0000             	0.0000             
66                 	2021-01-28 21:32:16	215.9000           	13.1800            	1.6820             	2.8456             	2.2975             	0.5900             	59.9900            	0.0000             	0.0000             	0.0000             
67                 	2021-01-28 21:32:17	215.9000           	13.0900            	1.6770             	2.8261             	2.2756             	0.5930             	59.9900            	0.0000             	0.0000             	0.0000             
68                 	2021-01-28 21:32:18	215.9000           	13.2000            	1.6840             	2.8499             	2.3010             	0.5900             	59.9800            	0.0000             	0.0000             	0.0000             
69                 	2021-01-28 21:32:19	216.0000           	13.2700            	1.6920             	2.8663             	2.3164             	0.5890             	59.9800            	0.0000             	0.0000             	0.0000             
70                 	2021-01-28 21:32:21	216.1000           	13.2000            	1.6800             	2.8525             	2.3052             	0.5890             	59.9800            	0.0000             	0.0000             	0.0000             
71                 	2021-01-28 21:32:22	216.1000           	13.1900            	1.6820             	2.8504             	2.3035             	0.5890             	59.9800            	0.0000             	0.0000             	0.0000             
72                 	2021-01-28 21:32:23	216.1000           	13.2300            	1.6860             	2.8590             	2.3105             	0.5890             	59.9800            	0.0000             	0.0000             	0.0000             
73                 	2021-01-28 21:32:24	216.1000           	13.1900            	1.6820             	2.8504             	2.3014             	0.5900             	59.9900            	0.0000             	0.0000             	0.0000             
74                 	2021-01-28 21:32:25	216.1000           	13.1700            	1.6820             	2.8460             	2.2979             	0.5900             	59.9900            	0.0000             	0.0000             	0.0000             
75                 	2021-01-28 21:32:26	216.0000           	13.2200            	1.6840             	2.8555             	2.3076             	0.5890             	60.0000            	0.0000             	0.0000             	0.0000             
76                 	2021-01-28 21:32:27	216.2000           	13.2000            	1.6850             	2.8538             	2.3042             	0.5900             	59.9800            	0.0000             	0.0000             	0.0000             
77                 	2021-01-28 21:32:29	216.3000           	13.1900            	1.6890             	2.8530             	2.2993             	0.5920             	60.0000            	0.0000             	0.0000             	0.0000             
78                 	2021-01-28 21:32:30	216.2000           	13.1900            	1.6870             	2.8517             	2.3004             	0.5910             	60.0000            	0.0000             	0.0000             	0.0000             
79                 	2021-01-28 21:32:31	216.2000           	13.2700            	1.6830             	2.8690             	2.3248             	0.5860             	60.0000            	0.0000             	0.0000             	0.0000             
80                 	2021-01-28 21:32:32	216.3000           	13.5500            	1.6840             	2.9309             	2.4000             	0.5740             	60.0100            	0.0000             	0.0000             	0.0000             
81                 	2021-01-28 21:32:33	216.3000           	13.4200            	1.6850             	2.9027             	2.3646             	0.5800             	60.0200            	0.0000             	0.0000             	0.0000             
82                 	2021-01-28 21:32:34	216.3000           	13.4000            	1.6820             	2.8984             	2.3611             	0.5800             	60.0000            	0.0000             	0.0000             	0.0000             
83                 	2021-01-28 21:32:35	216.4000           	13.3800            	1.6850             	2.8954             	2.3545             	0.5820             	60.0000            	0.0000             	0.0000             	0.0000             
84                 	2021-01-28 21:32:36	216.3000           	13.3700            	1.6920             	2.8919             	2.3475             	0.5840             	60.0000            	0.0000             	0.0000             	0.0000             
85                 	2021-01-28 21:32:37	216.3000           	13.4500            	1.6870             	2.9092             	2.3720             	0.5790             	60.0000            	0.0000             	0.0000             	0.0000             
86                 	2021-01-28 21:32:39	216.2000           	13.3300            	1.6840             	2.8819             	2.3394             	0.5840             	60.0000            	0.0000             	0.0000             	0.0000             
87                 	2021-01-28 21:32:40	216.3000           	13.2800            	1.6810             	2.8725             	2.3297             	0.5850             	60.0000            	0.0000             	0.0000             	0.0000             
88                 	2021-01-28 21:32:41	216.5000           	13.2900            	1.6900             	2.8773             	2.3294             	0.5870             	60.0000            	0.0000             	0.0000             	0.0000             
89                 	2021-01-28 21:32:42	216.3000           	13.2700            	1.6810             	2.8703             	2.3279             	0.5850             	60.0000            	0.0000             	0.0000             	0.0000             
90                 	2021-01-28 21:32:43	216.4000           	13.3500            	1.6840             	2.8889             	2.3493             	0.5820             	60.0000            	0.0000             	0.0000             	0.0000             
91                 	2021-01-28 21:32:44	216.3000           	13.3600            	1.6870             	2.8898             	2.3479             	0.5830             	59.9900            	0.0000             	0.0000             	0.0000             
92                 	2021-01-28 21:32:45	216.3000           	13.2000            	1.6930             	2.8552             	2.3011             	0.5920             	59.9800            	0.0000             	0.0000             	0.0000             
93                 	2021-01-28 21:32:46	216.3000           	13.1400            	1.6840             	2.8422             	2.2906             	0.5920             	59.9800            	0.0000             	0.0000             	0.0000             
94                 	2021-01-28 21:32:47	216.3000           	13.2200            	1.6850             	2.8595             	2.3129             	0.5880             	59.9800            	0.0000             	0.0000             	0.0000             
95                 	2021-01-28 21:32:48	216.3000           	13.2200            	1.6960             	2.8595             	2.3046             	0.5920             	59.9900            	0.0000             	0.0000             	0.0000             
96                 	2021-01-28 21:32:50	216.2000           	13.1600            	1.6880             	2.8452             	2.2910             	0.5930             	59.9900            	0.0000             	0.0000             	0.0000             
97                 	2021-01-28 21:32:51	216.2000           	13.0800            	1.6800             	2.8279             	2.2770             	0.5930             	59.9800            	0.0000             	0.0000             	0.0000             
98                 	2021-01-28 21:32:52	216.1000           	13.1100            	1.6790             	2.8331             	2.2833             	0.5920             	59.9900            	0.0000             	0.0000             	0.0000             
99                 	2021-01-28 21:32:53	216.2000           	13.1400            	1.6820             	2.8409             	2.2916             	0.5910             	59.9800            	0.0000             	0.0000             	0.0000             
100                	2021-01-28 21:32:54	216.3000           	13.1600            	1.6930             	2.8465             	2.2899             	0.5940             	59.9800            	0.0000             	0.0000             	0.0000             
101                	2021-01-28 21:32:55	216.2000           	13.1500            	1.6820             	2.8430             	2.2934             	0.5910             	59.9800            	0.0000             	0.0000             	0.0000             
102                	2021-01-28 21:32:56	216.2000           	13.1800            	1.6850             	2.8495             	2.2986             	0.5910             	59.9800            	0.0000             	0.0000             	0.0000             
103                	2021-01-28 21:32:58	216.3000           	13.2500            	1.6900             	2.8660             	2.3161             	0.5890             	59.9800            	0.0000             	0.0000             	0.0000             
104                	2021-01-28 21:32:59	216.3000           	13.1600            	1.6830             	2.8465             	2.2962             	0.5910             	59.9800            	0.0000             	0.0000             	0.0000             
105                	2021-01-28 21:33:00	216.2000           	13.2200            	1.6890             	2.8582             	2.3077             	0.5900             	59.9800            	0.0000             	0.0000             	0.0000             
106                	2021-01-28 21:33:01	216.1000           	13.2400            	1.6920             	2.8612             	2.3080             	0.5910             	59.9800            	0.0000             	0.0000             	0.0000             
107                	2021-01-28 21:33:02	216.0000           	13.2100            	1.6840             	2.8534             	2.3038             	0.5900             	59.9800            	0.0000             	0.0000             	0.0000             
108                	2021-01-28 21:33:03	216.0000           	13.2300            	1.6910             	2.8577             	2.3052             	0.5910             	59.9900            	0.0000             	0.0000             	0.0000             
109                	2021-01-28 21:33:04	216.1000           	13.2800            	1.6950             	2.8698             	2.3171             	0.5900             	59.9900            	0.0000             	0.0000             	0.0000             
110                	2021-01-28 21:33:05	216.2000           	13.2300            	1.6870             	2.8603             	2.3115             	0.5890             	59.9800            	0.0000             	0.0000             	0.0000             
111                	2021-01-28 21:33:06	216.3000           	13.2200            	1.6910             	2.8595             	2.3067             	0.5910             	59.9800            	0.0000             	0.0000             	0.0000             
112                	2021-01-28 21:33:07	216.2000           	13.2200            	1.6850             	2.8582             	2.3098             	0.5890             	59.9800            	0.0000             	0.0000             	0.0000             
113                	2021-01-28 21:33:08	216.4000           	13.8800            	1.7610             	3.0036             	2.4339             	0.5860             	59.9800            	0.0000             	0.0000             	0.0000             
114                	2021-01-28 21:33:10	216.4000           	13.2200            	1.6890             	2.8608             	2.3098             	0.5900             	59.9800            	0.0000             	0.0000             	0.0000             
115                	2021-01-28 21:33:11	216.2000           	13.1400            	1.6830             	2.8409             	2.2896             	0.5920             	59.9800            	0.0000             	0.0000             	0.0000             
116                	2021-01-28 21:33:12	216.3000           	13.3000            	1.6940             	2.8768             	2.3269             	0.5880             	59.9800            	0.0000             	0.0000             	0.0000             
117                	2021-01-28 21:33:13	216.3000           	13.3200            	1.6970             	2.8811             	2.3304             	0.5880             	59.9800            	0.0000             	0.0000             	0.0000             
118                	2021-01-28 21:33:14	216.3000           	13.1900            	1.6830             	2.8530             	2.3056             	0.5890             	59.9900            	0.0000             	0.0000             	0.0000             
119                	2021-01-28 21:33:15	216.2000           	13.2000            	1.6870             	2.8538             	2.3042             	0.5900             	59.9800            	0.0000             	0.0000             	0.0000             
120                	2021-01-28 21:33:16	216.2000           	13.2000            	1.6870             	2.8538             	2.3042             	0.5900             	59.9800            	0.0000             	0.0000             	0.0000             
121                	2021-01-28 21:33:17	216.3000           	13.2400            	1.6860             	2.8638             	2.3164             	0.5880             	59.9700            	0.0000             	0.0000             	0.0000             
122                	2021-01-28 21:33:19	216.2000           	13.3000            	1.6940             	2.8755             	2.3258             	0.5880             	59.9700            	0.0000             	0.0000             	0.0000             
123                	2021-01-28 21:33:20	216.2000           	13.2500            	1.6820             	2.8646             	2.3213             	0.5860             	59.9700            	0.0000             	0.0000             	0.0000             
124                	2021-01-28 21:33:21	216.3000           	13.2600            	1.6910             	2.8681             	2.3178             	0.5890             	59.9700            	0.0000             	0.0000             	0.0000             
125                	2021-01-28 21:33:22	216.3000           	13.2100            	1.6910             	2.8573             	2.3049             	0.5910             	59.9800            	0.0000             	0.0000             	0.0000             
126                	2021-01-28 21:33:23	216.4000           	13.3000            	1.6950             	2.8781             	2.3259             	0.5890             	59.9700            	0.0000             	0.0000             	0.0000             
127                	2021-01-28 21:33:24	216.4000           	13.2100            	1.6860             	2.8586             	2.3102             	0.5890             	59.9800            	0.0000             	0.0000             	0.0000             
128                	2021-01-28 21:33:25	216.4000           	13.1800            	1.6810             	2.8522             	2.3049             	0.5890             	60.0100            	0.0000             	0.0000             	0.0000             
129                	2021-01-28 21:33:26	216.4000           	13.1600            	1.6790             	2.8478             	2.3014             	0.5890             	59.9900            	0.0000             	0.0000             	0.0000             
130                	2021-01-28 21:33:28	216.4000           	13.3400            	1.6900             	2.8868             	2.3413             	0.5850             	59.9800            	0.0000             	0.0000             	0.0000             
131                	2021-01-28 21:33:29	216.4000           	13.2600            	1.6920             	2.8695             	2.3189             	0.5890             	59.9800            	0.0000             	0.0000             	0.0000             
132                	2021-01-28 21:33:30	216.3000           	13.2700            	1.6890             	2.8703             	2.3217             	0.5880             	59.9900            	0.0000             	0.0000             	0.0000             
133                	2021-01-28 21:33:31	216.4000           	13.2200            	1.6890             	2.8608             	2.3098             	0.5900             	59.9900            	0.0000             	0.0000             	0.0000             
134                	2021-01-28 21:33:32	216.3000           	13.2500            	1.6910             	2.8660             	2.3161             	0.5890             	59.9800            	0.0000             	0.0000             	0.0000             
135                	2021-01-28 21:33:33	216.4000           	13.1700            	1.6820             	2.8500             	2.3032             	0.5890             	59.9900            	0.0000             	0.0000             	0.0000             
136                	2021-01-28 21:33:34	216.4000           	13.1700            	1.6840             	2.8500             	2.3011             	0.5900             	59.9900            	0.0000             	0.0000             	0.0000             
137                	2021-01-28 21:33:35	216.5000           	13.2600            	1.6860             	2.8708             	2.3242             	0.5870             	59.9900            	0.0000             	0.0000             	0.0000             
138                	2021-01-28 21:33:36	216.2000           	13.1700            	1.6820             	2.8474             	2.2990             	0.5900             	59.9900            	0.0000             	0.0000             	0.0000             
139                	2021-01-28 21:33:38	216.5000           	13.2500            	1.6890             	2.8686             	2.3203             	0.5880             	59.9900            	0.0000             	0.0000             	0.0000             
140                	2021-01-28 21:33:39	216.5000           	13.1900            	1.6850             	2.8556             	2.3077             	0.5890             	59.9900            	0.0000             	0.0000             	0.0000             
141                	2021-01-28 21:33:40	216.5000           	13.2400            	1.6890             	2.8665             	2.3165             	0.5890             	60.0000            	0.0000             	0.0000             	0.0000             
142                	2021-01-28 21:33:41	216.4000           	13.2200            	1.7020             	2.8608             	2.3119             	0.5890             	60.0000            	0.0000             	0.0000             	0.0000             
143                	2021-01-28 21:33:42	216.4000           	13.2200            	1.6870             	2.8608             	2.3119             	0.5890             	60.0000            	0.0000             	0.0000             	0.0000             
144                	2021-01-28 21:33:43	216.2000           	13.2000            	1.6860             	2.8538             	2.3042             	0.5900             	60.0000            	0.0000             	0.0000             	0.0000             
145                	2021-01-28 21:33:44	216.3000           	13.2100            	1.6870             	2.8573             	2.3070             	0.5900             	60.0000            	0.0000             	0.0000             	0.0000             
146                	2021-01-28 21:33:45	216.1000           	13.2300            	1.6900             	2.8590             	2.3084             	0.5900             	59.9900            	0.0000             	0.0000             	0.0000             
147                	2021-01-28 21:33:46	216.1000           	13.2600            	1.6890             	2.8655             	2.3178             	0.5880             	59.9900            	0.0000             	0.0000             	0.0000             
148                	2021-01-28 21:33:47	216.1000           	13.2500            	1.6920             	2.8633             	2.3119             	0.5900             	59.9900            	0.0000             	0.0000             	0.0000             
149                	2021-01-28 21:33:48	216.2000           	13.2500            	1.6910             	2.8646             	2.3129             	0.5900             	60.0000            	0.0000             	0.0000             	0.0000             
150                	2021-01-28 21:33:50	216.2000           	13.2400            	1.6890             	2.8625             	2.3133             	0.5890             	59.9900            	0.0000             	0.0000             	0.0000             
151                	2021-01-28 21:33:51	216.1000           	13.2500            	1.6880             	2.8633             	2.3139             	0.5890             	60.0000            	0.0000             	0.0000             	0.0000             
152                	2021-01-28 21:33:52	216.2000           	13.2600            	1.6880             	2.8668             	2.3189             	0.5880             	60.0000            	0.0000             	0.0000             	0.0000             
153                	2021-01-28 21:33:53	216.1000           	13.2600            	1.6900             	2.8655             	2.3157             	0.5890             	60.0100            	0.0000             	0.0000             	0.0000             
154                	2021-01-28 21:33:54	216.2000           	13.2200            	1.6870             	2.8582             	2.3098             	0.5890             	60.0100            	0.0000             	0.0000             	0.0000             
155                	2021-01-28 21:33:55	216.2000           	13.2200            	1.6870             	2.8582             	2.3098             	0.5890             	60.0100            	0.0000             	0.0000             	0.0000             
156                	2021-01-28 21:33:56	216.2000           	13.2700            	1.6910             	2.8690             	2.3185             	0.5890             	60.0200            	0.0000             	0.0000             	0.0000             
157                	2021-01-28 21:33:57	216.1000           	13.2600            	1.6890             	2.8655             	2.3157             	0.5890             	60.0100            	0.0000             	0.0000             	0.0000             
158                	2021-01-28 21:33:58	216.0000           	15.5000            	1.9190             	3.3480             	2.7439             	0.5730             	60.0100            	0.0000             	0.0000             	0.0000             
159                	2021-01-28 21:33:59	216.1000           	13.3200            	1.6960             	2.8785             	2.3262             	0.5890             	60.0100            	0.0000             	0.0000             	0.0000             
160                	2021-01-28 21:34:00	216.2000           	13.2500            	1.6920             	2.8646             	2.3129             	0.5900             	60.0100            	0.0000             	0.0000             	0.0000             
161                	2021-01-28 21:34:02	216.3000           	13.2300            	1.6880             	2.8616             	2.3126             	0.5890             	60.0100            	0.0000             	0.0000             	0.0000             
162                	2021-01-28 21:34:03	216.3000           	13.2200            	1.6870             	2.8595             	2.3108             	0.5890             	60.0100            	0.0000             	0.0000             	0.0000             
