No.                	Time               	Voltage[ V ]       	Current[ mA ]      	Active Power[ W ]  	Apparent Power[ VA ]	Reactive Power[ Var ]	Power Factor[ PF ] 	Frequency[ Hz ]    	Watt Hours[ Wh ]   	CO2[ g ]           	Cost[ Dollar ]     
1                  	2021-01-28 21:52:10	217.0000           	16.4100            	2.1260             	3.5610             	2.8568             	0.5970             	59.9900            	0.0000             	0.0000             	0.0000             
2                  	2021-01-28 21:52:11	216.8000           	16.5000            	2.1280             	3.5772             	2.8777             	0.5940             	59.9900            	0.0000             	0.0000             	0.0000             
3                  	2021-01-28 21:52:12	216.8000           	16.3700            	2.1280             	3.5490             	2.8419             	0.5990             	60.0000            	0.0000             	0.0000             	0.0000             
4                  	2021-01-28 21:52:14	216.7000           	16.2600            	2.1060             	3.5235             	2.8267             	0.5970             	60.0000            	0.0000             	0.0000             	0.0000             
5                  	2021-01-28 21:52:15	216.6000           	16.4100            	2.1280             	3.5544             	2.8488             	0.5980             	60.0000            	0.0000             	0.0000             	0.0000             
6                  	2021-01-28 21:52:16	216.6000           	16.4500            	2.1300             	3.5631             	2.8584             	0.5970             	60.0000            	0.0000             	0.0000             	0.0000             
7                  	2021-01-28 21:52:17	216.6000           	22.4400            	2.6230             	4.8605             	4.0940             	0.5390             	60.0000            	0.0000             	0.0000             	0.0000             
8                  	2021-01-28 21:52:18	216.6000           	33.4200            	3.8470             	7.2388             	6.1339             	0.5310             	60.0100            	0.0000             	0.0000             	0.0000             
9                  	2021-01-28 21:52:19	216.5000           	29.5300            	3.4840             	6.3932             	5.3645             	0.5440             	60.0000            	0.0000             	0.0000             	0.0000             
10                 	2021-01-28 21:52:20	216.5000           	27.7100            	3.3530             	5.9992             	4.9784             	0.5580             	60.0000            	0.0000             	0.0000             	0.0000             
11                 	2021-01-28 21:52:21	216.5000           	27.7800            	3.3520             	6.0144             	4.9950             	0.5570             	60.0000            	0.0000             	0.0000             	0.0000             
12                 	2021-01-28 21:52:22	216.5000           	28.3300            	3.4080             	6.1334             	5.1021             	0.5550             	60.0100            	0.0000             	0.0000             	0.0000             
13                 	2021-01-28 21:52:23	216.6000           	28.0700            	3.3770             	6.0800             	5.0576             	0.5550             	60.0100            	0.0000             	0.0000             	0.0000             
14                 	2021-01-28 21:52:24	216.9000           	27.7100            	3.3660             	6.0103             	4.9835             	0.5590             	60.0000            	0.0000             	0.0000             	0.0000             
15                 	2021-01-28 21:52:26	216.9000           	27.4900            	3.3480             	5.9626             	4.9359             	0.5610             	60.0100            	0.0000             	0.0000             	0.0000             
16                 	2021-01-28 21:52:27	216.9000           	27.4600            	3.3360             	5.9561             	4.9386             	0.5590             	60.0100            	0.0000             	0.0000             	0.0000             
17                 	2021-01-28 21:52:28	217.1000           	26.9700            	3.2910             	5.8552             	4.8470             	0.5610             	60.0100            	0.0000             	0.0000             	0.0000             
18                 	2021-01-28 21:52:29	217.1000           	25.9800            	3.2080             	5.6403             	4.6421             	0.5680             	60.0100            	0.0000             	0.0000             	0.0000             
19                 	2021-01-28 21:52:30	217.1000           	25.3800            	3.1180             	5.5100             	4.5462             	0.5650             	60.0100            	0.0000             	0.0000             	0.0000             
20                 	2021-01-28 21:52:31	217.2000           	14.1500            	1.8300             	3.0734             	2.4702             	0.5950             	60.0100            	0.0000             	0.0000             	0.0000             
21                 	2021-01-28 21:52:32	217.1000           	14.3300            	1.8460             	3.1110             	2.5050             	0.5930             	60.0100            	0.0000             	0.0000             	0.0000             
22                 	2021-01-28 21:52:34	217.0000           	14.1800            	1.8340             	3.0771             	2.4731             	0.5950             	60.0200            	0.0000             	0.0000             	0.0000             
23                 	2021-01-28 21:52:35	216.7000           	14.1100            	1.8250             	3.0576             	2.4552             	0.5960             	60.0000            	0.0000             	0.0000             	0.0000             
24                 	2021-01-28 21:52:36	216.7000           	13.7700            	1.7790             	2.9840             	2.3983             	0.5950             	60.0100            	0.0000             	0.0000             	0.0000             
25                 	2021-01-28 21:52:37	216.7000           	14.1100            	1.8270             	3.0576             	2.4552             	0.5960             	60.0000            	0.0000             	0.0000             	0.0000             
26                 	2021-01-28 21:52:38	216.4000           	15.4900            	1.9690             	3.3520             	2.7138             	0.5870             	60.0000            	0.0000             	0.0000             	0.0000             
27                 	2021-01-28 21:52:39	216.9000           	13.8100            	1.7840             	2.9954             	2.4075             	0.5950             	60.0100            	0.0000             	0.0000             	0.0000             
28                 	2021-01-28 21:52:40	216.8000           	14.0800            	1.8180             	3.0525             	2.4534             	0.5950             	59.9900            	0.0000             	0.0000             	0.0000             
29                 	2021-01-28 21:52:41	216.9000           	24.6200            	3.0630             	5.3401             	4.3765             	0.5730             	59.9900            	0.0000             	0.0000             	0.0000             
30                 	2021-01-28 21:52:43	216.8000           	24.4800            	3.0660             	5.3073             	4.3347             	0.5770             	59.9900            	0.0000             	0.0000             	0.0000             
31                 	2021-01-28 21:52:44	216.9000           	27.8200            	3.3930             	6.0342             	4.9911             	0.5620             	59.9900            	0.0000             	0.0000             	0.0000             
32                 	2021-01-28 21:52:45	217.0000           	27.8800            	3.3810             	6.0500             	5.0205             	0.5580             	59.9800            	0.0000             	0.0000             	0.0000             
33                 	2021-01-28 21:52:46	217.0000           	28.2900            	3.4080             	6.1389             	5.1067             	0.5550             	59.9800            	0.0000             	0.0000             	0.0000             
34                 	2021-01-28 21:52:47	217.0000           	28.1000            	3.4050             	6.0977             	5.0601             	0.5580             	59.9800            	0.0000             	0.0000             	0.0000             
35                 	2021-01-28 21:52:48	217.0000           	27.9900            	3.4030             	6.0738             	5.0321             	0.5600             	59.9800            	0.0000             	0.0000             	0.0000             
36                 	2021-01-28 21:52:49	217.1000           	27.7900            	3.3850             	6.0332             	4.9985             	0.5600             	59.9900            	0.0000             	0.0000             	0.0000             
37                 	2021-01-28 21:52:50	216.9000           	25.3700            	3.1480             	5.5028             	4.5175             	0.5710             	59.9900            	0.0000             	0.0000             	0.0000             
38                 	2021-01-28 21:52:51	217.0000           	24.5500            	3.0600             	5.3274             	4.3661             	0.5730             	59.9900            	0.0000             	0.0000             	0.0000             
39                 	2021-01-28 21:52:52	217.0000           	24.6100            	3.0700             	5.3404             	4.3730             	0.5740             	60.0000            	0.0000             	0.0000             	0.0000             
40                 	2021-01-28 21:52:53	216.9000           	25.2800            	3.1270             	5.4832             	4.5053             	0.5700             	59.9900            	0.0000             	0.0000             	0.0000             
41                 	2021-01-28 21:52:54	216.8000           	25.6500            	3.1730             	5.5609             	4.5691             	0.5700             	60.0000            	0.0000             	0.0000             	0.0000             
42                 	2021-01-28 21:52:56	217.0000           	27.2500            	3.3330             	5.9132             	4.8870             	0.5630             	59.9900            	0.0000             	0.0000             	0.0000             
43                 	2021-01-28 21:52:57	216.9000           	25.6300            	3.1750             	5.5591             	4.5638             	0.5710             	59.9900            	0.0000             	0.0000             	0.0000             
44                 	2021-01-28 21:52:58	217.0000           	29.0900            	3.4730             	6.3125             	5.2762             	0.5490             	59.9900            	0.0000             	0.0000             	0.0000             
45                 	2021-01-28 21:52:59	217.0000           	28.7400            	3.4430             	6.2366             	5.2045             	0.5510             	59.9900            	0.0000             	0.0000             	0.0000             
46                 	2021-01-28 21:53:00	217.0000           	29.0300            	3.4750             	6.2995             	5.2570             	0.5510             	59.9900            	0.0000             	0.0000             	0.0000             
47                 	2021-01-28 21:53:01	217.0000           	29.3400            	3.4900             	6.3668             	5.3298             	0.5470             	59.9900            	0.0000             	0.0000             	0.0000             
48                 	2021-01-28 21:53:02	217.1000           	32.3900            	3.8080             	7.0319             	5.9140             	0.5410             	60.0000            	0.0000             	0.0000             	0.0000             
49                 	2021-01-28 21:53:03	217.0000           	29.4100            	3.5100             	6.3820             	5.3342             	0.5490             	60.0000            	0.0000             	0.0000             	0.0000             
50                 	2021-01-28 21:53:05	216.9000           	26.9900            	3.2980             	5.8541             	4.8382             	0.5630             	59.9900            	0.0000             	0.0000             	0.0000             
51                 	2021-01-28 21:53:06	217.0000           	26.6800            	3.2640             	5.7896             	4.7848             	0.5630             	60.0000            	0.0000             	0.0000             	0.0000             
52                 	2021-01-28 21:53:07	217.0000           	27.9500            	3.3880             	6.0652             	5.0331             	0.5580             	59.9900            	0.0000             	0.0000             	0.0000             
53                 	2021-01-28 21:53:08	216.9000           	32.7100            	3.8190             	7.0948             	5.9805             	0.5380             	60.0000            	0.0000             	0.0000             	0.0000             
54                 	2021-01-28 21:53:09	217.0000           	29.9600            	3.5550             	6.5013             	5.4467             	0.5460             	59.9900            	0.0000             	0.0000             	0.0000             
55                 	2021-01-28 21:53:10	216.9000           	30.9500            	3.6500             	6.7131             	5.6372             	0.5430             	59.9900            	0.0000             	0.0000             	0.0000             
56                 	2021-01-28 21:53:11	216.9000           	31.0600            	3.6790             	6.7369             	5.6441             	0.5460             	59.9900            	0.0000             	0.0000             	0.0000             
57                 	2021-01-28 21:53:12	216.9000           	26.2700            	3.1040             	5.6980             	4.7811             	0.5440             	59.9900            	0.0000             	0.0000             	0.0000             
58                 	2021-01-28 21:53:13	216.8000           	31.6400            	3.6790             	6.8596             	5.7910             	0.5360             	59.9900            	0.0000             	0.0000             	0.0000             
59                 	2021-01-28 21:53:14	216.9000           	57.7300            	5.9850             	12.5216            	11.0053            	0.4770             	60.0000            	0.0000             	0.0000             	0.0000             
60                 	2021-01-28 21:53:16	217.1000           	58.9000            	6.0220             	12.7872            	11.2868            	0.4700             	59.9900            	0.0000             	0.0000             	0.0000             
61                 	2021-01-28 21:53:17	217.0000           	55.5000            	5.6490             	12.0435            	10.6432            	0.4680             	59.9900            	0.0000             	0.0000             	0.0000             
62                 	2021-01-28 21:53:18	217.2000           	27.2300            	3.3090             	5.9144             	4.9040             	0.5590             	59.9900            	0.0000             	0.0000             	0.0000             
63                 	2021-01-28 21:53:19	217.1000           	20.8000            	2.6540             	4.5157             	3.6558             	0.5870             	59.9900            	0.0000             	0.0000             	0.0000             
64                 	2021-01-28 21:53:20	217.2000           	14.8000            	1.9130             	3.2146             	2.5860             	0.5940             	59.9900            	0.0000             	0.0000             	0.0000             
65                 	2021-01-28 21:53:21	217.3000           	16.1300            	1.9150             	3.5050             	2.8197             	0.5940             	59.9900            	0.0000             	0.0000             	0.0000             
66                 	2021-01-28 21:53:22	217.1000           	16.0700            	2.0580             	3.4888             	2.8194             	0.5890             	60.0000            	0.0000             	0.0000             	0.0000             
67                 	2021-01-28 21:53:23	217.0000           	15.0500            	1.9430             	3.2659             	2.6273             	0.5940             	60.0000            	0.0000             	0.0000             	0.0000             
68                 	2021-01-28 21:53:24	217.0000           	15.7800            	2.0070             	3.4243             	2.7772             	0.5850             	60.0000            	0.0000             	0.0000             	0.0000             
69                 	2021-01-28 21:53:25	217.1000           	14.7600            	1.9090             	3.2044             	2.5755             	0.5950             	60.0000            	0.0000             	0.0000             	0.0000             
70                 	2021-01-28 21:53:27	217.0000           	15.1200            	1.9490             	3.2810             	2.6419             	0.5930             	60.0000            	0.0000             	0.0000             	0.0000             
71                 	2021-01-28 21:53:28	217.0000           	15.9900            	2.0330             	3.4698             	2.8141             	0.5850             	60.0000            	0.0000             	0.0000             	0.0000             
72                 	2021-01-28 21:53:29	217.0000           	25.8100            	3.1670             	5.6008             	4.6211             	0.5650             	60.0000            	0.0000             	0.0000             	0.0000             
73                 	2021-01-28 21:53:30	216.8000           	26.1600            	3.2110             	5.6715             	4.6795             	0.5650             	60.0000            	0.0000             	0.0000             	0.0000             
74                 	2021-01-28 21:53:31	217.1000           	27.8400            	3.3230             	6.0441             	5.0518             	0.5490             	60.0000            	0.0000             	0.0000             	0.0000             
75                 	2021-01-28 21:53:32	217.0000           	24.8300            	3.0790             	5.3881             	4.4234             	0.5710             	60.0100            	0.0000             	0.0000             	0.0000             
76                 	2021-01-28 21:53:33	217.0000           	24.8900            	3.0770             	5.4011             	4.4416             	0.5690             	60.0100            	0.0000             	0.0000             	0.0000             
77                 	2021-01-28 21:53:34	217.0000           	24.8900            	3.0740             	5.4011             	4.4453             	0.5680             	60.0100            	0.0000             	0.0000             	0.0000             
78                 	2021-01-28 21:53:35	217.0000           	28.6300            	3.4340             	6.2127             	5.1804             	0.5520             	60.0100            	0.0000             	0.0000             	0.0000             
79                 	2021-01-28 21:53:36	217.0000           	26.7000            	3.2540             	5.7939             	4.7963             	0.5610             	60.0100            	0.0000             	0.0000             	0.0000             
80                 	2021-01-28 21:53:37	217.0000           	52.0900            	5.4320             	11.3035            	9.9162             	0.4800             	60.0200            	0.0000             	0.0000             	0.0000             
81                 	2021-01-28 21:53:39	217.1000           	57.6000            	5.9230             	12.5050            	11.0177            	0.4730             	60.0200            	0.0000             	0.0000             	0.0000             
82                 	2021-01-28 21:53:40	216.9000           	59.9200            	6.0510             	12.9966            	11.5061            	0.4650             	60.0200            	0.0000             	0.0000             	0.0000             
83                 	2021-01-28 21:53:41	216.9000           	36.4200            	3.8620             	7.8995             	6.8950             	0.4880             	60.0200            	0.0000             	0.0000             	0.0000             
84                 	2021-01-28 21:53:42	216.9000           	21.4700            	2.6440             	4.6568             	3.7802             	0.5840             	60.0200            	0.0000             	0.0000             	0.0000             
85                 	2021-01-28 21:53:43	216.7000           	14.9300            	1.9140             	3.2353             	2.6098             	0.5910             	60.0300            	0.0000             	0.0000             	0.0000             
86                 	2021-01-28 21:53:44	216.7000           	16.0900            	2.0320             	3.4867             	2.8353             	0.5820             	60.0300            	0.0000             	0.0000             	0.0000             
87                 	2021-01-28 21:53:45	216.8000           	15.0200            	1.9250             	3.2563             	2.6292             	0.5900             	60.0200            	0.0000             	0.0000             	0.0000             
88                 	2021-01-28 21:53:46	216.8000           	15.1100            	1.9280             	3.2758             	2.6497             	0.5880             	60.0200            	0.0000             	0.0000             	0.0000             
89                 	2021-01-28 21:53:47	216.9000           	16.1600            	2.0380             	3.5051             	2.8528             	0.5810             	60.0200            	0.0000             	0.0000             	0.0000             
90                 	2021-01-28 21:53:48	216.7000           	14.9300            	1.8930             	3.2353             	2.6240             	0.5850             	60.0200            	0.0000             	0.0000             	0.0000             
91                 	2021-01-28 21:53:50	216.7000           	15.4100            	1.9590             	3.3393             	2.7059             	0.5860             	60.0200            	0.0000             	0.0000             	0.0000             
92                 	2021-01-28 21:53:51	216.7000           	16.0600            	2.0160             	3.4802             	2.8400             	0.5780             	60.0200            	0.0000             	0.0000             	0.0000             
93                 	2021-01-28 21:53:52	216.7000           	25.8200            	3.1520             	5.5952             	4.6242             	0.5630             	60.0300            	0.0000             	0.0000             	0.0000             
94                 	2021-01-28 21:53:53	216.9000           	24.7300            	3.0590             	5.3639             	4.4073             	0.5700             	60.0300            	0.0000             	0.0000             	0.0000             
95                 	2021-01-28 21:53:54	216.9000           	24.7700            	3.0630             	5.3726             	4.4144             	0.5700             	60.0200            	0.0000             	0.0000             	0.0000             
96                 	2021-01-28 21:53:55	216.9000           	24.7900            	3.0640             	5.3770             	4.4217             	0.5690             	60.0200            	0.0000             	0.0000             	0.0000             
97                 	2021-01-28 21:53:56	217.0000           	24.8100            	3.0650             	5.3838             	4.4273             	0.5690             	60.0300            	0.0000             	0.0000             	0.0000             
98                 	2021-01-28 21:53:57	217.0000           	25.4400            	3.1230             	5.5205             	4.5549             	0.5650             	60.0200            	0.0000             	0.0000             	0.0000             
99                 	2021-01-28 21:53:58	216.8000           	34.5100            	3.9600             	7.4818             	6.3492             	0.5290             	60.0200            	0.0000             	0.0000             	0.0000             
100                	2021-01-28 21:54:00	216.8000           	55.4100            	5.7190             	12.0129            	10.5712            	0.4750             	60.0200            	0.0000             	0.0000             	0.0000             
101                	2021-01-28 21:54:01	216.7000           	59.9700            	6.0800             	12.9955            	11.4914            	0.4670             	60.0200            	0.0000             	0.0000             	0.0000             
102                	2021-01-28 21:54:02	216.8000           	59.4700            	6.0480             	12.8931            	11.3940            	0.4680             	60.0100            	0.0000             	0.0000             	0.0000             
103                	2021-01-28 21:54:03	216.8000           	21.2300            	2.6970             	4.6027             	3.7329             	0.5850             	60.0100            	0.0000             	0.0000             	0.0000             
104                	2021-01-28 21:54:04	216.9000           	21.1600            	2.6780             	4.5896             	3.7289             	0.5830             	60.0100            	0.0000             	0.0000             	0.0000             
105                	2021-01-28 21:54:05	217.1000           	14.7000            	1.8970             	3.1914             	2.5673             	0.5940             	60.0100            	0.0000             	0.0000             	0.0000             
106                	2021-01-28 21:54:06	216.9000           	15.9200            	2.0180             	3.4530             	2.8030             	0.5840             	60.0100            	0.0000             	0.0000             	0.0000             
107                	2021-01-28 21:54:08	217.0000           	14.7600            	1.9010             	3.2029             	2.5790             	0.5930             	60.0100            	0.0000             	0.0000             	0.0000             
108                	2021-01-28 21:54:09	216.9000           	14.6900            	1.8910             	3.1863             	2.5656             	0.5930             	60.0100            	0.0000             	0.0000             	0.0000             
109                	2021-01-28 21:54:10	216.8000           	15.9300            	2.0180             	3.4536             	2.8035             	0.5840             	60.0100            	0.0000             	0.0000             	0.0000             
110                	2021-01-28 21:54:11	216.9000           	14.8400            	1.9060             	3.2188             	2.5965             	0.5910             	60.0100            	0.0000             	0.0000             	0.0000             
111                	2021-01-28 21:54:12	216.8000           	15.0200            	1.9310             	3.2563             	2.6244             	0.5920             	60.0000            	0.0000             	0.0000             	0.0000             
112                	2021-01-28 21:54:13	216.7000           	25.9400            	3.1800             	5.6212             	4.6380             	0.5650             	60.0100            	0.0000             	0.0000             	0.0000             
113                	2021-01-28 21:54:14	216.7000           	25.6200            	3.1490             	5.5519             	4.5770             	0.5660             	60.0000            	0.0000             	0.0000             	0.0000             
114                	2021-01-28 21:54:15	216.7000           	24.7900            	3.0720             	5.3720             	4.4101             	0.5710             	60.0000            	0.0000             	0.0000             	0.0000             
115                	2021-01-28 21:54:16	216.8000           	24.7300            	3.0710             	5.3615             	4.3978             	0.5720             	60.0000            	0.0000             	0.0000             	0.0000             
116                	2021-01-28 21:54:17	216.8000           	25.5400            	3.1450             	5.5371             	4.5610             	0.5670             	60.0000            	0.0000             	0.0000             	0.0000             
117                	2021-01-28 21:54:18	216.6000           	24.7200            	3.0590             	5.3544             	4.3994             	0.5700             	60.0000            	0.0000             	0.0000             	0.0000             
118                	2021-01-28 21:54:19	216.8000           	26.6900            	3.2560             	5.7864             	4.7861             	0.5620             	60.0000            	0.0000             	0.0000             	0.0000             
119                	2021-01-28 21:54:20	216.7000           	25.7600            	3.1690             	5.5822             	4.5982             	0.5670             	60.0100            	0.0000             	0.0000             	0.0000             
120                	2021-01-28 21:54:22	216.8000           	57.5400            	5.9320             	12.4747            	10.9775            	0.4750             	60.0000            	0.0000             	0.0000             	0.0000             
121                	2021-01-28 21:54:23	216.8000           	59.1800            	6.0260             	12.8302            	11.3316            	0.4690             	60.0000            	0.0000             	0.0000             	0.0000             
122                	2021-01-28 21:54:24	216.9000           	59.3900            	6.0170             	12.8817            	11.3907            	0.4670             	60.0000            	0.0000             	0.0000             	0.0000             
123                	2021-01-28 21:54:25	216.7000           	21.6500            	2.7180             	4.6916             	3.8252             	0.5790             	60.0000            	0.0000             	0.0000             	0.0000             
124                	2021-01-28 21:54:26	216.8000           	20.5100            	2.5740             	4.4466             	3.6286             	0.5780             	60.0000            	0.0000             	0.0000             	0.0000             
125                	2021-01-28 21:54:27	217.0000           	14.8700            	1.9040             	3.2268             	2.6077             	0.5890             	60.0000            	0.0000             	0.0000             	0.0000             
126                	2021-01-28 21:54:28	217.0000           	15.0500            	1.9240             	3.2659             	2.6392             	0.5890             	60.0000            	0.0000             	0.0000             	0.0000             
127                	2021-01-28 21:54:29	217.1000           	15.8200            	2.0050             	3.4345             	2.7905             	0.5830             	60.0000            	0.0000             	0.0000             	0.0000             
128                	2021-01-28 21:54:30	216.9000           	14.8500            	1.9010             	3.2210             	2.6030             	0.5890             	60.0000            	0.0000             	0.0000             	0.0000             
129                	2021-01-28 21:54:31	217.1000           	15.7800            	2.0000             	3.4258             	2.7834             	0.5830             	60.0100            	0.0000             	0.0000             	0.0000             
130                	2021-01-28 21:54:32	217.0000           	14.7700            	1.8980             	3.2051             	2.5855             	0.5910             	60.0100            	0.0000             	0.0000             	0.0000             
131                	2021-01-28 21:54:34	217.0000           	14.8200            	1.9050             	3.2159             	2.5918             	0.5920             	60.0100            	0.0000             	0.0000             	0.0000             
132                	2021-01-28 21:54:35	217.1000           	25.9000            	3.1740             	5.6229             	4.6432             	0.5640             	60.0100            	0.0000             	0.0000             	0.0000             
133                	2021-01-28 21:54:36	217.1000           	24.8300            	3.0750             	5.3906             	4.4292             	0.5700             	60.0100            	0.0000             	0.0000             	0.0000             
134                	2021-01-28 21:54:37	217.1000           	24.8100            	3.0740             	5.3863             	4.4256             	0.5700             	60.0100            	0.0000             	0.0000             	0.0000             
135                	2021-01-28 21:54:38	217.1000           	24.8000            	3.0770             	5.3841             	4.4201             	0.5710             	60.0200            	0.0000             	0.0000             	0.0000             
136                	2021-01-28 21:54:39	217.0000           	24.9900            	3.1110             	5.4228             	4.4443             	0.5730             	60.0100            	0.0000             	0.0000             	0.0000             
137                	2021-01-28 21:54:40	217.1000           	24.7900            	3.0740             	5.3819             	4.4183             	0.5710             	60.0100            	0.0000             	0.0000             	0.0000             
138                	2021-01-28 21:54:41	217.1000           	25.6300            	3.1640             	5.5643             	4.5796             	0.5680             	60.0100            	0.0000             	0.0000             	0.0000             
139                	2021-01-28 21:54:42	216.9000           	58.0300            	5.9840             	12.5867            	11.0761            	0.4750             	60.0100            	0.0000             	0.0000             	0.0000             
140                	2021-01-28 21:54:43	217.1000           	57.9500            	5.9800             	12.5809            	11.0711            	0.4750             	60.0000            	0.0000             	0.0000             	0.0000             
141                	2021-01-28 21:54:45	216.9000           	59.5700            	6.0750             	12.9207            	11.4047            	0.4700             	60.0000            	0.0000             	0.0000             	0.0000             
142                	2021-01-28 21:54:46	217.0000           	25.5600            	3.1610             	5.5465             	4.5573             	0.5700             	60.0000            	0.0000             	0.0000             	0.0000             
143                	2021-01-28 21:54:47	217.0000           	20.7100            	2.6550             	4.4941             	3.6285             	0.5900             	60.0000            	0.0000             	0.0000             	0.0000             
144                	2021-01-28 21:54:48	217.0000           	14.6000            	1.8870             	3.1682             	2.5464             	0.5950             	60.0000            	0.0000             	0.0000             	0.0000             
145                	2021-01-28 21:54:49	216.9000           	14.6600            	1.9000             	3.1798             	2.5509             	0.5970             	60.0000            	0.0000             	0.0000             	0.0000             
146                	2021-01-28 21:54:50	217.2000           	15.6100            	2.0020             	3.3905             	2.7400             	0.5890             	60.0100            	0.0000             	0.0000             	0.0000             
147                	2021-01-28 21:54:51	217.4000           	14.6100            	1.8960             	3.1762             	2.5505             	0.5960             	60.0100            	0.0000             	0.0000             	0.0000             
148                	2021-01-28 21:54:52	217.3000           	14.6700            	1.9000             	3.1878             	2.5597             	0.5960             	60.0100            	0.0000             	0.0000             	0.0000             
149                	2021-01-28 21:54:53	217.4000           	15.8600            	2.0150             	3.4480             	2.7989             	0.5840             	60.0100            	0.0000             	0.0000             	0.0000             
150                	2021-01-28 21:54:54	217.3000           	14.6500            	1.9020             	3.1834             	2.5539             	0.5970             	60.0000            	0.0000             	0.0000             	0.0000             
151                	2021-01-28 21:54:56	217.3000           	15.6200            	1.9960             	3.3942             	2.7479             	0.5870             	60.0100            	0.0000             	0.0000             	0.0000             
152                	2021-01-28 21:54:57	217.4000           	25.3200            	3.1430             	5.5046             	4.5228             	0.5700             	60.0000            	0.0000             	0.0000             	0.0000             
153                	2021-01-28 21:54:58	217.3000           	24.6800            	3.0780             	5.3630             	4.3952             	0.5730             	60.0000            	0.0000             	0.0000             	0.0000             
154                	2021-01-28 21:54:59	217.2000           	24.6700            	3.0700             	5.3583             	4.3952             	0.5720             	60.0000            	0.0000             	0.0000             	0.0000             
155                	2021-01-28 21:55:00	217.3000           	24.4900            	3.0570             	5.3217             	4.3577             	0.5740             	60.0000            	0.0000             	0.0000             	0.0000             
156                	2021-01-28 21:55:01	217.5000           	24.5500            	3.0720             	5.3396             	4.3686             	0.5750             	59.9900            	0.0000             	0.0000             	0.0000             
157                	2021-01-28 21:55:02	217.4000           	25.5900            	3.1680             	5.5633             	4.5749             	0.5690             	60.0000            	0.0000             	0.0000             	0.0000             
158                	2021-01-28 21:55:03	217.6000           	25.4600            	3.1580             	5.5401             	4.5558             	0.5690             	60.0000            	0.0000             	0.0000             	0.0000             
159                	2021-01-28 21:55:05	217.4000           	57.4500            	5.9750             	12.4896            	10.9704            	0.4780             	60.0000            	0.0000             	0.0000             	0.0000             
160                	2021-01-28 21:55:06	217.2000           	59.2700            	6.0770             	12.8734            	11.3561            	0.4710             	60.0000            	0.0000             	0.0000             	0.0000             
161                	2021-01-28 21:55:07	217.3000           	25.7900            	3.1980             	5.6042             	4.6046             	0.5700             	60.0300            	0.0000             	0.0000             	0.0000             
162                	2021-01-28 21:55:08	217.4000           	21.0200            	2.6910             	4.5697             	3.6963             	0.5880             	60.0100            	0.0000             	0.0000             	0.0000             
163                	2021-01-28 21:55:09	217.3000           	20.4900            	2.6460             	4.4525             	3.5819             	0.5940             	60.0100            	0.0000             	0.0000             	0.0000             
164                	2021-01-28 21:55:10	217.5000           	14.6100            	1.9040             	3.1777             	2.5445             	0.5990             	60.0100            	0.0000             	0.0000             	0.0000             
165                	2021-01-28 21:55:11	217.4000           	15.5600            	2.0040             	3.3827             	2.7263             	0.5920             	60.0100            	0.0000             	0.0000             	0.0000             
166                	2021-01-28 21:55:12	217.4000           	15.8500            	1.9110             	3.4458             	2.7566             	0.6000             	60.0100            	0.0000             	0.0000             	0.0000             
167                	2021-01-28 21:55:14	217.3000           	16.0100            	2.0170             	3.4790             	2.8365             	0.5790             	60.0100            	0.0000             	0.0000             	0.0000             
168                	2021-01-28 21:55:15	217.2000           	15.3900            	1.9830             	3.3427             	2.6940             	0.5920             	60.0100            	0.0000             	0.0000             	0.0000             
169                	2021-01-28 21:55:16	217.3000           	15.7200            	2.0190             	3.4160             	2.7581             	0.5900             	60.0100            	0.0000             	0.0000             	0.0000             
170                	2021-01-28 21:55:17	217.1000           	15.8000            	2.0120             	3.4302             	2.7795             	0.5860             	60.0200            	0.0000             	0.0000             	0.0000             
171                	2021-01-28 21:55:18	217.0000           	25.0700            	3.1390             	5.4402             	4.4471             	0.5760             	60.0100            	0.0000             	0.0000             	0.0000             
172                	2021-01-28 21:55:19	217.0000           	24.4400            	3.0600             	5.3035             	4.3353             	0.5760             	60.0100            	0.0000             	0.0000             	0.0000             
173                	2021-01-28 21:55:20	217.1000           	25.9400            	3.2040             	5.6316             	4.6349             	0.5680             	60.0000            	0.0000             	0.0000             	0.0000             
174                	2021-01-28 21:55:21	216.9000           	24.6000            	3.0700             	5.3357             	4.3655             	0.5750             	59.9900            	0.0000             	0.0000             	0.0000             
175                	2021-01-28 21:55:22	217.1000           	24.5500            	3.0640             	5.3298             	4.3643             	0.5740             	59.9900            	0.0000             	0.0000             	0.0000             
176                	2021-01-28 21:55:23	217.1000           	24.5900            	3.0770             	5.3385             	4.3639             	0.5760             	59.9900            	0.0000             	0.0000             	0.0000             
177                	2021-01-28 21:55:24	217.0000           	27.3100            	3.3300             	5.9263             	4.9059             	0.5610             	59.9800            	0.0000             	0.0000             	0.0000             
178                	2021-01-28 21:55:26	217.0000           	46.9800            	4.9160             	10.1947            	8.9323             	0.4820             	59.9900            	0.0000             	0.0000             	0.0000             
179                	2021-01-28 21:55:27	217.0000           	57.4900            	5.9640             	12.4753            	10.9646            	0.4770             	59.9900            	0.0000             	0.0000             	0.0000             
180                	2021-01-28 21:55:28	217.1000           	59.2700            	6.0900             	12.8675            	11.3371            	0.4730             	59.9900            	0.0000             	0.0000             	0.0000             
181                	2021-01-28 21:55:29	217.2000           	25.5800            	3.1660             	5.5560             	4.5689             	0.5690             	59.9900            	0.0000             	0.0000             	0.0000             
182                	2021-01-28 21:55:30	217.2000           	20.4400            	2.6260             	4.4396             	3.5813             	0.5910             	59.9900            	0.0000             	0.0000             	0.0000             
183                	2021-01-28 21:55:31	217.3000           	14.6700            	1.9040             	3.1878             	2.5574             	0.5970             	59.9900            	0.0000             	0.0000             	0.0000             
184                	2021-01-28 21:55:32	217.3000           	15.5300            	1.9900             	3.3747             	2.7272             	0.5890             	59.9900            	0.0000             	0.0000             	0.0000             
185                	2021-01-28 21:55:33	217.2000           	15.6700            	2.0060             	3.4035             	2.7505             	0.5890             	60.0000            	0.0000             	0.0000             	0.0000             
186                	2021-01-28 21:55:35	217.2000           	15.6900            	2.0030             	3.4079             	2.7590             	0.5870             	60.0000            	0.0000             	0.0000             	0.0000             
187                	2021-01-28 21:55:36	217.0000           	15.4800            	1.9880             	3.3592             	2.7097             	0.5910             	59.9900            	0.0000             	0.0000             	0.0000             
188                	2021-01-28 21:55:37	217.1000           	15.7700            	2.0100             	3.4237             	2.7742             	0.5860             	60.0000            	0.0000             	0.0000             	0.0000             
189                	2021-01-28 21:55:38	216.9000           	14.7400            	1.9100             	3.1971             	2.5649             	0.5970             	59.9900            	0.0000             	0.0000             	0.0000             
190                	2021-01-28 21:55:39	216.8000           	22.6100            	2.7860             	4.9018             	4.0344             	0.5680             	59.9800            	0.0000             	0.0000             	0.0000             
191                	2021-01-28 21:55:40	217.1000           	25.6200            	3.1650             	5.5621             	4.5778             	0.5680             	59.9900            	0.0000             	0.0000             	0.0000             
192                	2021-01-28 21:55:41	217.2000           	24.6700            	3.0760             	5.3583             	4.3914             	0.5730             	59.9900            	0.0000             	0.0000             	0.0000             
193                	2021-01-28 21:55:42	217.1000           	24.7100            	3.0740             	5.3645             	4.4003             	0.5720             	59.9900            	0.0000             	0.0000             	0.0000             
194                	2021-01-28 21:55:43	217.1000           	24.5200            	3.0650             	5.3233             	4.3553             	0.5750             	59.9900            	0.0000             	0.0000             	0.0000             
195                	2021-01-28 21:55:44	217.1000           	24.4700            	3.0700             	5.3124             	4.3389             	0.5770             	59.9900            	0.0000             	0.0000             	0.0000             
196                	2021-01-28 21:55:45	217.1000           	26.9900            	3.2950             	5.8595             	4.8466             	0.5620             	59.9900            	0.0000             	0.0000             	0.0000             
197                	2021-01-28 21:55:46	217.0000           	25.8900            	3.2120             	5.6181             	4.6122             	0.5710             	59.9800            	0.0000             	0.0000             	0.0000             
198                	2021-01-28 21:55:47	217.1000           	57.5200            	5.9750             	12.4876            	10.9686            	0.4780             	59.9900            	0.0000             	0.0000             	0.0000             
199                	2021-01-28 21:55:49	217.1000           	57.5500            	5.9760             	12.4941            	10.9743            	0.4780             	59.9900            	0.0000             	0.0000             	0.0000             
200                	2021-01-28 21:55:50	217.1000           	59.1500            	6.0530             	12.8415            	11.3279            	0.4710             	59.9900            	0.0000             	0.0000             	0.0000             
201                	2021-01-28 21:55:51	217.2000           	21.0400            	2.6910             	4.5699             	3.6931             	0.5890             	60.0100            	0.0000             	0.0000             	0.0000             
202                	2021-01-28 21:55:52	217.1000           	20.6200            	2.6460             	4.4766             	3.6111             	0.5910             	59.9900            	0.0000             	0.0000             	0.0000             
203                	2021-01-28 21:55:53	217.1000           	14.7500            	1.9150             	3.2022             	2.5690             	0.5970             	59.9900            	0.0000             	0.0000             	0.0000             
204                	2021-01-28 21:55:54	217.2000           	14.7300            	1.9110             	3.1994             	2.5667             	0.5970             	59.9900            	0.0000             	0.0000             	0.0000             
205                	2021-01-28 21:55:55	217.2000           	15.7700            	2.0070             	3.4252             	2.7780             	0.5850             	60.0000            	0.0000             	0.0000             	0.0000             
206                	2021-01-28 21:55:56	217.2000           	14.5600            	1.8920             	3.1624             	2.5347             	0.5980             	60.0000            	0.0000             	0.0000             	0.0000             
207                	2021-01-28 21:55:57	217.1000           	15.7100            	2.0210             	3.4106             	2.7488             	0.5920             	59.9900            	0.0000             	0.0000             	0.0000             
208                	2021-01-28 21:55:58	216.9000           	15.4700            	2.0040             	3.3554             	2.6919             	0.5970             	59.9900            	0.0000             	0.0000             	0.0000             
209                	2021-01-28 21:55:59	217.0000           	14.6400            	1.8940             	3.1769             	2.5510             	0.5960             	60.0000            	0.0000             	0.0000             	0.0000             
210                	2021-01-28 21:56:00	216.9000           	15.8400            	2.0230             	3.4357             	2.7790             	0.5880             	59.9900            	0.0000             	0.0000             	0.0000             
211                	2021-01-28 21:56:01	217.0000           	25.9900            	3.1950             	5.6398             	4.6495             	0.5660             	59.9900            	0.0000             	0.0000             	0.0000             
212                	2021-01-28 21:56:02	216.9000           	24.8000            	3.0770             	5.3791             	4.4160             	0.5710             	59.9900            	0.0000             	0.0000             	0.0000             
213                	2021-01-28 21:56:03	217.1000           	24.7300            	3.0780             	5.3689             	4.4001             	0.5730             	60.0000            	0.0000             	0.0000             	0.0000             
214                	2021-01-28 21:56:04	217.2000           	25.8100            	3.1720             	5.6059             	4.6254             	0.5650             	59.9900            	0.0000             	0.0000             	0.0000             
215                	2021-01-28 21:56:05	217.3000           	24.7200            	3.0750             	5.3717             	4.4061             	0.5720             	59.9900            	0.0000             	0.0000             	0.0000             
216                	2021-01-28 21:56:07	217.6000           	24.7900            	3.0780             	5.3943             	4.4322             	0.5700             	59.9900            	0.0000             	0.0000             	0.0000             
217                	2021-01-28 21:56:08	217.5000           	29.8000            	3.5230             	6.4815             	5.4427             	0.5430             	60.0000            	0.0000             	0.0000             	0.0000             
218                	2021-01-28 21:56:09	217.5000           	55.9400            	5.8350             	12.1669            	10.6803            	0.4790             	59.9900            	0.0000             	0.0000             	0.0000             
219                	2021-01-28 21:56:10	217.5000           	57.5700            	6.0710             	12.5215            	11.0722            	0.4670             	60.0000            	0.0000             	0.0000             	0.0000             
220                	2021-01-28 21:56:11	217.4000           	59.7300            	6.0820             	12.9853            	11.4755            	0.4680             	60.0000            	0.0000             	0.0000             	0.0000             
221                	2021-01-28 21:56:12	217.5000           	25.8500            	3.1730             	5.6224             	4.6428             	0.5640             	59.9900            	0.0000             	0.0000             	0.0000             
222                	2021-01-28 21:56:13	217.5000           	21.0300            	2.6860             	4.5740             	3.7031             	0.5870             	60.0000            	0.0000             	0.0000             	0.0000             
223                	2021-01-28 21:56:14	217.4000           	14.6900            	1.9130             	3.1936             	2.5597             	0.5980             	60.0000            	0.0000             	0.0000             	0.0000             
224                	2021-01-28 21:56:15	217.5000           	15.4700            	1.9630             	3.3647             	2.7337             	0.5830             	60.0000            	0.0000             	0.0000             	0.0000             
225                	2021-01-28 21:56:17	217.5000           	15.6900            	2.0020             	3.4126             	2.7652             	0.5860             	60.0100            	0.0000             	0.0000             	0.0000             
226                	2021-01-28 21:56:18	217.6000           	14.6700            	1.8990             	3.1922             	2.5680             	0.5940             	59.9900            	0.0000             	0.0000             	0.0000             
227                	2021-01-28 21:56:19	217.5000           	14.6800            	1.8990             	3.1929             	2.5686             	0.5940             	59.9900            	0.0000             	0.0000             	0.0000             
228                	2021-01-28 21:56:20	217.5000           	14.8400            	1.9250             	3.2277             	2.5942             	0.5950             	59.9900            	0.0000             	0.0000             	0.0000             
229                	2021-01-28 21:56:21	217.6000           	14.7900            	1.9170             	3.2183             	2.5866             	0.5950             	59.9900            	0.0000             	0.0000             	0.0000             
230                	2021-01-28 21:56:22	217.6000           	15.8900            	2.0130             	3.4577             	2.8117             	0.5820             	60.0000            	0.0000             	0.0000             	0.0000             
231                	2021-01-28 21:56:23	217.6000           	25.7800            	3.1770             	5.6097             	4.6247             	0.5660             	60.0000            	0.0000             	0.0000             	0.0000             
232                	2021-01-28 21:56:24	217.7000           	25.1800            	3.1180             	5.4817             	4.5116             	0.5680             	60.0000            	0.0000             	0.0000             	0.0000             
233                	2021-01-28 21:56:25	217.7000           	24.7700            	3.0790             	5.3924             	4.4307             	0.5700             	60.0000            	0.0000             	0.0000             	0.0000             
234                	2021-01-28 21:56:26	217.6000           	24.8300            	3.0770             	5.4030             	4.4431             	0.5690             	60.0000            	0.0000             	0.0000             	0.0000             
235                	2021-01-28 21:56:27	217.6000           	24.8600            	3.0820             	5.4095             	4.4485             	0.5690             	60.0000            	0.0000             	0.0000             	0.0000             
236                	2021-01-28 21:56:28	217.5000           	25.8900            	3.1830             	5.6311             	4.6461             	0.5650             	60.0100            	0.0000             	0.0000             	0.0000             
237                	2021-01-28 21:56:29	217.5000           	25.8300            	3.1670             	5.6180             	4.6431             	0.5630             	60.0100            	0.0000             	0.0000             	0.0000             
238                	2021-01-28 21:56:31	217.4000           	57.8000            	5.9480             	12.5657            	11.0712            	0.4730             	60.0200            	0.0000             	0.0000             	0.0000             
239                	2021-01-28 21:56:32	217.4000           	57.7300            	6.0530             	12.5505            	11.0912            	0.4680             	60.0100            	0.0000             	0.0000             	0.0000             
240                	2021-01-28 21:56:33	217.5000           	59.1300            	6.0450             	12.8608            	11.3586            	0.4690             	60.0100            	0.0000             	0.0000             	0.0000             
241                	2021-01-28 21:56:34	217.5000           	21.6100            	2.7290             	4.7002             	3.8288             	0.5800             	60.0100            	0.0000             	0.0000             	0.0000             
242                	2021-01-28 21:56:35	217.6000           	20.9800            	2.6740             	4.5652             	3.7026             	0.5850             	60.0100            	0.0000             	0.0000             	0.0000             
243                	2021-01-28 21:56:36	217.5000           	14.9000            	1.9190             	3.2407             	2.6118             	0.5920             	60.0100            	0.0000             	0.0000             	0.0000             
244                	2021-01-28 21:56:37	217.6000           	15.8400            	2.0090             	3.4468             	2.8029             	0.5820             	60.0100            	0.0000             	0.0000             	0.0000             
245                	2021-01-28 21:56:38	217.7000           	14.8300            	1.9120             	3.2285             	2.6043             	0.5910             	60.0200            	0.0000             	0.0000             	0.0000             
246                	2021-01-28 21:56:39	217.7000           	14.9900            	1.9340             	3.2633             	2.6300             	0.5920             	60.0200            	0.0000             	0.0000             	0.0000             
247                	2021-01-28 21:56:40	214.0000           	15.3800            	1.9070             	3.2913             	2.6835             	0.5790             	60.0200            	0.0000             	0.0000             	0.0000             
248                	2021-01-28 21:56:42	217.2000           	14.9800            	1.9100             	3.2537             	2.6365             	0.5860             	60.0200            	0.0000             	0.0000             	0.0000             
249                	2021-01-28 21:56:43	217.2000           	15.0800            	1.9210             	3.2754             	2.6541             	0.5860             	60.0200            	0.0000             	0.0000             	0.0000             
250                	2021-01-28 21:56:44	217.2000           	27.7100            	3.3200             	6.0186             	5.0226             	0.5510             	60.0200            	0.0000             	0.0000             	0.0000             
251                	2021-01-28 21:56:45	217.2000           	24.7600            	3.0340             	5.3779             	4.4446             	0.5630             	60.0100            	0.0000             	0.0000             	0.0000             
252                	2021-01-28 21:56:46	217.3000           	24.9400            	3.0670             	5.4195             	4.4715             	0.5650             	60.0300            	0.0000             	0.0000             	0.0000             
253                	2021-01-28 21:56:47	217.1000           	25.4900            	3.1140             	5.5339             	4.5773             	0.5620             	60.0300            	0.0000             	0.0000             	0.0000             
254                	2021-01-28 21:56:48	217.2000           	26.2500            	3.1820             	5.7015             	4.7352             	0.5570             	60.0100            	0.0000             	0.0000             	0.0000             
255                	2021-01-28 21:56:49	217.3000           	28.4900            	3.3950             	6.1909             	5.1785             	0.5480             	60.0100            	0.0000             	0.0000             	0.0000             
256                	2021-01-28 21:56:50	217.2000           	26.0700            	3.1760             	5.6624             	4.6913             	0.5600             	60.0100            	0.0000             	0.0000             	0.0000             
257                	2021-01-28 21:56:51	217.2000           	25.0300            	3.0800             	5.4365             	4.4819             	0.5660             	60.0100            	0.0000             	0.0000             	0.0000             
258                	2021-01-28 21:56:53	217.3000           	14.8500            	1.9070             	3.2269             	2.6054             	0.5900             	60.0100            	0.0000             	0.0000             	0.0000             
259                	2021-01-28 21:56:54	217.3000           	16.4200            	2.0720             	3.5681             	2.9066             	0.5800             	60.0100            	0.0000             	0.0000             	0.0000             
260                	2021-01-28 21:56:55	217.2000           	15.9000            	2.0100             	3.4535             	2.8083             	0.5820             	60.0100            	0.0000             	0.0000             	0.0000             
261                	2021-01-28 21:56:56	217.3000           	15.8900            	2.0140             	3.4529             	2.8054             	0.5830             	60.0100            	0.0000             	0.0000             	0.0000             
262                	2021-01-28 21:56:57	217.2000           	14.8700            	1.9050             	3.2298             	2.6101             	0.5890             	60.0100            	0.0000             	0.0000             	0.0000             
263                	2021-01-28 21:56:58	217.2000           	15.0100            	1.9290             	3.2602             	2.6299             	0.5910             	59.9800            	0.0000             	0.0000             	0.0000             
264                	2021-01-28 21:56:59	217.1000           	14.8800            	1.9100             	3.2304             	2.6059             	0.5910             	60.0000            	0.0000             	0.0000             	0.0000             
265                	2021-01-28 21:57:01	217.2000           	14.8200            	1.9100             	3.2189             	2.5919             	0.5930             	59.9900            	0.0000             	0.0000             	0.0000             
266                	2021-01-28 21:57:02	217.2000           	14.8600            	1.9040             	3.2276             	2.6083             	0.5890             	60.0100            	0.0000             	0.0000             	0.0000             
267                	2021-01-28 21:57:03	217.2000           	15.8100            	2.0110             	3.4339             	2.7850             	0.5850             	59.9900            	0.0000             	0.0000             	0.0000             
268                	2021-01-28 21:57:04	217.1000           	14.2000            	1.8160             	3.0828             	2.4936             	0.5880             	59.9900            	0.0000             	0.0000             	0.0000             
269                	2021-01-28 21:57:05	217.1000           	14.2100            	1.8160             	3.0850             	2.4953             	0.5880             	59.9900            	0.0000             	0.0000             	0.0000             
270                	2021-01-28 21:57:06	217.0000           	14.1800            	1.8140             	3.0771             	2.4867             	0.5890             	59.9900            	0.0000             	0.0000             	0.0000             
271                	2021-01-28 21:57:07	217.2000           	14.3100            	1.8300             	3.1081             	2.5140             	0.5880             	59.9900            	0.0000             	0.0000             	0.0000             
272                	2021-01-28 21:57:08	217.2000           	14.2900            	1.8290             	3.1038             	2.5083             	0.5890             	59.9900            	0.0000             	0.0000             	0.0000             
273                	2021-01-28 21:57:09	217.3000           	14.1800            	1.8160             	3.0813             	2.4901             	0.5890             	59.9900            	0.0000             	0.0000             	0.0000             
274                	2021-01-28 21:57:10	217.3000           	14.2900            	1.8310             	3.1052             	2.5094             	0.5890             	59.9900            	0.0000             	0.0000             	0.0000             
