No.                	Time               	Voltage[ V ]       	Current[ mA ]      	Active Power[ W ]  	Apparent Power[ VA ]	Reactive Power[ Var ]	Power Factor[ PF ] 	Frequency[ Hz ]    	Watt Hours[ Wh ]   	CO2[ g ]           	Cost[ Dollar ]     
1                  	2021-01-29 12:50:09	217.4000           	20.7000            	2.5110             	4.5002             	3.7344             	0.5580             	59.9800            	0.0000             	0.0000             	0.0000             
2                  	2021-01-29 12:50:10	217.4000           	20.7200            	2.5090             	4.5045             	3.7441             	0.5560             	59.9800            	0.0000             	0.0000             	0.0000             
3                  	2021-01-29 12:50:11	217.7000           	20.8000            	2.5200             	4.5282             	3.7637             	0.5560             	59.9800            	0.0000             	0.0000             	0.0000             
4                  	2021-01-29 12:50:12	217.6000           	20.7800            	2.5150             	4.5217             	3.7584             	0.5560             	59.9900            	0.0000             	0.0000             	0.0000             
5                  	2021-01-29 12:50:14	217.4000           	20.7300            	2.5180             	4.5067             	3.7398             	0.5580             	59.9900            	0.0000             	0.0000             	0.0000             
6                  	2021-01-29 12:50:15	217.5000           	20.7000            	2.5120             	4.5023             	3.7392             	0.5570             	59.9800            	0.0000             	0.0000             	0.0000             
7                  	2021-01-29 12:50:16	217.5000           	20.6900            	2.5130             	4.5001             	3.7343             	0.5580             	59.9900            	0.0000             	0.0000             	0.0000             
8                  	2021-01-29 12:50:17	217.4000           	20.7900            	2.5180             	4.5197             	3.7537             	0.5570             	59.9900            	0.0000             	0.0000             	0.0000             
9                  	2021-01-29 12:50:18	217.5000           	21.4000            	2.5850             	4.6545             	3.8718             	0.5550             	59.9900            	0.0000             	0.0000             	0.0000             
10                 	2021-01-29 12:50:19	217.6000           	20.7600            	2.5150             	4.5174             	3.7548             	0.5560             	59.9800            	0.0000             	0.0000             	0.0000             
11                 	2021-01-29 12:50:20	217.4000           	20.6600            	2.5110             	4.4915             	3.7272             	0.5580             	59.9800            	0.0000             	0.0000             	0.0000             
12                 	2021-01-29 12:50:21	217.4000           	20.7600            	2.5130             	4.5132             	3.7513             	0.5560             	59.9800            	0.0000             	0.0000             	0.0000             
13                 	2021-01-29 12:50:22	217.4000           	20.8600            	2.5150             	4.5350             	3.7754             	0.5540             	59.9900            	0.0000             	0.0000             	0.0000             
14                 	2021-01-29 12:50:23	217.4000           	21.6600            	2.5950             	4.7089             	3.9327             	0.5500             	59.9900            	0.0000             	0.0000             	0.0000             
15                 	2021-01-29 12:50:24	217.3000           	22.2900            	2.6550             	4.8436             	4.0547             	0.5470             	59.9900            	0.0000             	0.0000             	0.0000             
16                 	2021-01-29 12:50:26	217.4000           	21.4300            	2.5720             	4.6589             	3.8879             	0.5510             	59.9900            	0.0000             	0.0000             	0.0000             
17                 	2021-01-29 12:50:27	217.3000           	20.9100            	2.5140             	4.5437             	3.7858             	0.5530             	59.9900            	0.0000             	0.0000             	0.0000             
18                 	2021-01-29 12:50:28	217.3000           	21.0000            	2.5250             	4.5633             	3.8021             	0.5530             	59.9900            	0.0000             	0.0000             	0.0000             
19                 	2021-01-29 12:50:29	217.3000           	22.1600            	2.6480             	4.8154             	4.0248             	0.5490             	59.9800            	0.0000             	0.0000             	0.0000             
20                 	2021-01-29 12:50:30	217.2000           	22.1200            	2.6490             	4.8045             	4.0094             	0.5510             	59.9900            	0.0000             	0.0000             	0.0000             
21                 	2021-01-29 12:50:31	217.2000           	20.8300            	2.5060             	4.5243             	3.7695             	0.5530             	59.9800            	0.0000             	0.0000             	0.0000             
22                 	2021-01-29 12:50:32	217.3000           	20.8700            	2.5110             	4.5351             	3.7785             	0.5530             	59.9800            	0.0000             	0.0000             	0.0000             
23                 	2021-01-29 12:50:33	217.3000           	20.8600            	2.5130             	4.5329             	3.7737             	0.5540             	59.9800            	0.0000             	0.0000             	0.0000             
24                 	2021-01-29 12:50:34	217.1000           	20.8800            	2.5110             	4.5330             	3.7769             	0.5530             	59.9800            	0.0000             	0.0000             	0.0000             
25                 	2021-01-29 12:50:35	217.3000           	20.9200            	2.5170             	4.5459             	3.7876             	0.5530             	59.9900            	0.0000             	0.0000             	0.0000             
26                 	2021-01-29 12:50:36	217.1000           	20.9100            	2.5170             	4.5396             	3.7793             	0.5540             	59.9800            	0.0000             	0.0000             	0.0000             
27                 	2021-01-29 12:50:38	217.0000           	20.8900            	2.5160             	4.5331             	3.7739             	0.5540             	59.9800            	0.0000             	0.0000             	0.0000             
28                 	2021-01-29 12:50:39	217.0000           	20.9000            	2.5170             	4.5353             	3.7757             	0.5540             	59.9800            	0.0000             	0.0000             	0.0000             
29                 	2021-01-29 12:50:40	217.0000           	20.8700            	2.5140             	4.5288             	3.7703             	0.5540             	59.9800            	0.0000             	0.0000             	0.0000             
30                 	2021-01-29 12:50:41	217.0000           	20.8000            	2.5130             	4.5136             	3.7516             	0.5560             	59.9800            	0.0000             	0.0000             	0.0000             
31                 	2021-01-29 12:50:42	217.0000           	20.7700            	2.5110             	4.5071             	3.7462             	0.5560             	59.9800            	0.0000             	0.0000             	0.0000             
32                 	2021-01-29 12:50:43	217.0000           	20.7600            	2.5090             	4.5049             	3.7414             	0.5570             	59.9800            	0.0000             	0.0000             	0.0000             
33                 	2021-01-29 12:50:44	217.0000           	20.7700            	2.5140             	4.5071             	3.7432             	0.5570             	59.9800            	0.0000             	0.0000             	0.0000             
34                 	2021-01-29 12:50:45	216.8000           	20.8000            	2.5150             	4.5094             	3.7451             	0.5570             	59.9800            	0.0000             	0.0000             	0.0000             
35                 	2021-01-29 12:50:46	216.7000           	20.7300            	2.5110             	4.4922             	3.7278             	0.5580             	59.9800            	0.0000             	0.0000             	0.0000             
36                 	2021-01-29 12:50:47	216.7000           	23.8600            	2.8220             	5.1705             	4.3351             	0.5450             	59.9700            	0.0000             	0.0000             	0.0000             
37                 	2021-01-29 12:50:48	216.8000           	22.2700            	2.6670             	4.8281             	4.0259             	0.5520             	59.9700            	0.0000             	0.0000             	0.0000             
38                 	2021-01-29 12:50:49	216.6000           	20.8800            	2.5140             	4.5226             	3.7621             	0.5550             	59.9700            	0.0000             	0.0000             	0.0000             
39                 	2021-01-29 12:50:51	216.5000           	20.9300            	2.5180             	4.5313             	3.7694             	0.5550             	59.9700            	0.0000             	0.0000             	0.0000             
40                 	2021-01-29 12:50:52	216.7000           	20.8700            	2.5190             	4.5225             	3.7590             	0.5560             	59.9800            	0.0000             	0.0000             	0.0000             
41                 	2021-01-29 12:50:53	216.8000           	20.8800            	2.5120             	4.5268             	3.7686             	0.5540             	59.9800            	0.0000             	0.0000             	0.0000             
42                 	2021-01-29 12:50:54	216.8000           	21.0000            	2.5200             	4.5528             	3.7933             	0.5530             	59.9700            	0.0000             	0.0000             	0.0000             
43                 	2021-01-29 12:50:55	216.8000           	20.9000            	2.5120             	4.5311             	3.7722             	0.5540             	59.9800            	0.0000             	0.0000             	0.0000             
44                 	2021-01-29 12:50:56	216.9000           	22.1400            	2.6550             	4.8022             	4.0043             	0.5520             	59.9800            	0.0000             	0.0000             	0.0000             
45                 	2021-01-29 12:50:57	217.0000           	22.1500            	2.6550             	4.8065             	4.0079             	0.5520             	59.9800            	0.0000             	0.0000             	0.0000             
46                 	2021-01-29 12:50:58	216.8000           	22.1700            	2.6630             	4.8065             	4.0046             	0.5530             	59.9800            	0.0000             	0.0000             	0.0000             
47                 	2021-01-29 12:50:59	216.8000           	20.8000            	2.5100             	4.5094             	3.7482             	0.5560             	59.9800            	0.0000             	0.0000             	0.0000             
48                 	2021-01-29 12:51:00	216.9000           	21.5100            	2.5890             	4.6655             	3.8841             	0.5540             	59.9700            	0.0000             	0.0000             	0.0000             
49                 	2021-01-29 12:51:02	217.0000           	22.2500            	2.6660             	4.8282             	4.0260             	0.5520             	59.9800            	0.0000             	0.0000             	0.0000             
50                 	2021-01-29 12:51:03	217.1000           	22.1800            	2.6570             	4.8153             	4.0184             	0.5510             	59.9800            	0.0000             	0.0000             	0.0000             
51                 	2021-01-29 12:51:04	217.2000           	20.8900            	2.5160             	4.5373             	3.7774             	0.5540             	59.9800            	0.0000             	0.0000             	0.0000             
52                 	2021-01-29 12:51:05	217.2000           	20.8700            	2.5160             	4.5330             	3.7707             	0.5550             	59.9800            	0.0000             	0.0000             	0.0000             
53                 	2021-01-29 12:51:06	217.0000           	20.8000            	2.5090             	4.5136             	3.7546             	0.5550             	59.9800            	0.0000             	0.0000             	0.0000             
54                 	2021-01-29 12:51:07	217.0000           	20.8600            	2.5100             	4.5266             	3.7685             	0.5540             	59.9800            	0.0000             	0.0000             	0.0000             
55                 	2021-01-29 12:51:08	217.2000           	20.8400            	2.5150             	4.5264             	3.7653             	0.5550             	59.9800            	0.0000             	0.0000             	0.0000             
56                 	2021-01-29 12:51:09	217.0000           	20.8500            	2.5090             	4.5244             	3.7667             	0.5540             	59.9800            	0.0000             	0.0000             	0.0000             
57                 	2021-01-29 12:51:11	216.9000           	20.9000            	2.5120             	4.5332             	3.7770             	0.5530             	59.9900            	0.0000             	0.0000             	0.0000             
58                 	2021-01-29 12:51:12	216.8000           	20.9200            	2.5130             	4.5355             	3.7789             	0.5530             	59.9900            	0.0000             	0.0000             	0.0000             
59                 	2021-01-29 12:51:13	216.7000           	20.9100            	2.5150             	4.5312             	3.7723             	0.5540             	59.9800            	0.0000             	0.0000             	0.0000             
60                 	2021-01-29 12:51:14	216.6000           	20.9200            	2.5100             	4.5313             	3.7754             	0.5530             	59.9900            	0.0000             	0.0000             	0.0000             
61                 	2021-01-29 12:51:15	216.6000           	20.8900            	2.5090             	4.5248             	3.7669             	0.5540             	59.9900            	0.0000             	0.0000             	0.0000             
62                 	2021-01-29 12:51:16	216.7000           	20.8900            	2.5130             	4.5269             	3.7687             	0.5540             	59.9800            	0.0000             	0.0000             	0.0000             
63                 	2021-01-29 12:51:17	216.7000           	20.9800            	2.5170             	4.5464             	3.7879             	0.5530             	60.0000            	0.0000             	0.0000             	0.0000             
64                 	2021-01-29 12:51:18	216.8000           	21.0200            	2.5270             	4.5571             	3.7939             	0.5540             	60.0000            	0.0000             	0.0000             	0.0000             
65                 	2021-01-29 12:51:19	216.2000           	20.8900            	2.5110             	4.5164             	3.7570             	0.5550             	59.9800            	0.0000             	0.0000             	0.0000             
66                 	2021-01-29 12:51:20	216.1000           	20.8700            	2.5090             	4.5100             	3.7486             	0.5560             	59.9800            	0.0000             	0.0000             	0.0000             
67                 	2021-01-29 12:51:21	216.2000           	20.9100            	2.5130             	4.5207             	3.7606             	0.5550             	59.9800            	0.0000             	0.0000             	0.0000             
68                 	2021-01-29 12:51:23	216.2000           	20.9000            	2.5090             	4.5186             	3.7588             	0.5550             	59.9800            	0.0000             	0.0000             	0.0000             
69                 	2021-01-29 12:51:24	216.3000           	20.9600            	2.5120             	4.5336             	3.7774             	0.5530             	59.9800            	0.0000             	0.0000             	0.0000             
70                 	2021-01-29 12:51:25	216.3000           	20.9400            	2.5110             	4.5293             	3.7707             	0.5540             	59.9800            	0.0000             	0.0000             	0.0000             
71                 	2021-01-29 12:51:26	216.5000           	20.8400            	2.5120             	4.5119             	3.7502             	0.5560             	59.9800            	0.0000             	0.0000             	0.0000             
72                 	2021-01-29 12:51:27	216.6000           	20.8400            	2.5110             	4.5139             	3.7519             	0.5560             	59.9800            	0.0000             	0.0000             	0.0000             
73                 	2021-01-29 12:51:28	216.6000           	20.9300            	2.5100             	4.5334             	3.7772             	0.5530             	59.9800            	0.0000             	0.0000             	0.0000             
74                 	2021-01-29 12:51:29	216.5000           	20.9200            	2.5110             	4.5292             	3.7736             	0.5530             	59.9800            	0.0000             	0.0000             	0.0000             
75                 	2021-01-29 12:51:31	216.5000           	20.9600            	2.5110             	4.5378             	3.7808             	0.5530             	59.9800            	0.0000             	0.0000             	0.0000             
76                 	2021-01-29 12:51:32	216.5000           	20.9000            	2.5090             	4.5248             	3.7670             	0.5540             	59.9800            	0.0000             	0.0000             	0.0000             
77                 	2021-01-29 12:51:33	216.5000           	20.9400            	2.5110             	4.5335             	3.7772             	0.5530             	59.9800            	0.0000             	0.0000             	0.0000             
78                 	2021-01-29 12:51:34	216.5000           	20.8600            	2.5070             	4.5162             	3.7568             	0.5550             	59.9800            	0.0000             	0.0000             	0.0000             
79                 	2021-01-29 12:51:35	216.4000           	20.9000            	2.5030             	4.5228             	3.7683             	0.5530             	59.9800            	0.0000             	0.0000             	0.0000             
80                 	2021-01-29 12:51:36	216.3000           	20.9500            	2.5040             	4.5315             	3.7786             	0.5520             	59.9800            	0.0000             	0.0000             	0.0000             
81                 	2021-01-29 12:51:37	216.4000           	20.9300            	2.5010             	4.5293             	3.7797             	0.5510             	59.9800            	0.0000             	0.0000             	0.0000             
82                 	2021-01-29 12:51:38	216.4000           	20.9800            	2.5140             	4.5401             	3.7827             	0.5530             	59.9800            	0.0000             	0.0000             	0.0000             
83                 	2021-01-29 12:51:39	216.6000           	20.9500            	2.5120             	4.5378             	3.7808             	0.5530             	59.9800            	0.0000             	0.0000             	0.0000             
84                 	2021-01-29 12:51:41	216.6000           	20.9200            	2.5110             	4.5313             	3.7754             	0.5530             	59.9800            	0.0000             	0.0000             	0.0000             
85                 	2021-01-29 12:51:42	216.6000           	20.8700            	2.5120             	4.5204             	3.7603             	0.5550             	59.9800            	0.0000             	0.0000             	0.0000             
86                 	2021-01-29 12:51:43	216.7000           	20.8200            	2.5120             	4.5117             	3.7500             	0.5560             	59.9800            	0.0000             	0.0000             	0.0000             
87                 	2021-01-29 12:51:44	216.6000           	20.8700            	2.5150             	4.5204             	3.7573             	0.5560             	59.9800            	0.0000             	0.0000             	0.0000             
88                 	2021-01-29 12:51:45	216.6000           	20.8300            	2.5120             	4.5118             	3.7501             	0.5560             	59.9800            	0.0000             	0.0000             	0.0000             
89                 	2021-01-29 12:51:46	216.8000           	20.8200            	2.5130             	4.5138             	3.7518             	0.5560             	59.9800            	0.0000             	0.0000             	0.0000             
90                 	2021-01-29 12:51:47	216.7000           	23.1100            	2.7540             	5.0079             	4.1857             	0.5490             	59.9800            	0.0000             	0.0000             	0.0000             
91                 	2021-01-29 12:51:48	216.7000           	28.9300            	3.2910             	6.2691             	5.3395             	0.5240             	59.9900            	0.0000             	0.0000             	0.0000             
92                 	2021-01-29 12:51:49	216.6000           	20.8100            	2.5110             	4.5074             	3.7465             	0.5560             	59.9900            	0.0000             	0.0000             	0.0000             
93                 	2021-01-29 12:51:50	216.7000           	20.8300            	2.5120             	4.5139             	3.7518             	0.5560             	60.0000            	0.0000             	0.0000             	0.0000             
94                 	2021-01-29 12:51:52	216.6000           	20.8800            	2.5100             	4.5226             	3.7621             	0.5550             	60.0000            	0.0000             	0.0000             	0.0000             
95                 	2021-01-29 12:51:53	216.5000           	20.8300            	2.5090             	4.5097             	3.7484             	0.5560             	59.9900            	0.0000             	0.0000             	0.0000             
96                 	2021-01-29 12:51:54	216.7000           	20.8700            	2.5190             	4.5225             	3.7560             	0.5570             	59.9900            	0.0000             	0.0000             	0.0000             
97                 	2021-01-29 12:51:55	216.6000           	20.7400            	2.5060             	4.4923             	3.7309             	0.5570             	60.0000            	0.0000             	0.0000             	0.0000             
98                 	2021-01-29 12:51:56	216.4000           	20.8200            	2.5090             	4.5054             	3.7448             	0.5560             	60.0000            	0.0000             	0.0000             	0.0000             
99                 	2021-01-29 12:51:57	216.4000           	20.9400            	2.5230             	4.5314             	3.7664             	0.5560             	60.0000            	0.0000             	0.0000             	0.0000             
100                	2021-01-29 12:51:58	216.4000           	20.7900            	2.5070             	4.4990             	3.7395             	0.5560             	59.9900            	0.0000             	0.0000             	0.0000             
101                	2021-01-29 12:51:59	216.2000           	20.7500            	2.5070             	4.4862             	3.7228             	0.5580             	59.9900            	0.0000             	0.0000             	0.0000             
102                	2021-01-29 12:52:00	216.0000           	20.7700            	2.5070             	4.4863             	3.7229             	0.5580             	59.9900            	0.0000             	0.0000             	0.0000             
103                	2021-01-29 12:52:01	216.1000           	20.8100            	2.5060             	4.4970             	3.7348             	0.5570             	59.9900            	0.0000             	0.0000             	0.0000             
104                	2021-01-29 12:52:02	216.4000           	20.7300            	2.5110             	4.4860             	3.7196             	0.5590             	59.9900            	0.0000             	0.0000             	0.0000             
105                	2021-01-29 12:52:04	216.5000           	20.7700            	2.5090             	4.4967             	3.7346             	0.5570             	59.9900            	0.0000             	0.0000             	0.0000             
106                	2021-01-29 12:52:05	216.5000           	20.8000            	2.5140             	4.5032             	3.7369             	0.5580             	59.9900            	0.0000             	0.0000             	0.0000             
107                	2021-01-29 12:52:06	216.6000           	20.8000            	2.5090             	4.5053             	3.7447             	0.5560             	59.9900            	0.0000             	0.0000             	0.0000             
108                	2021-01-29 12:52:07	216.7000           	20.7600            	2.5080             	4.4987             	3.7362             	0.5570             	59.9900            	0.0000             	0.0000             	0.0000             
109                	2021-01-29 12:52:08	216.7000           	20.7800            	2.5040             	4.5030             	3.7458             	0.5550             	59.9900            	0.0000             	0.0000             	0.0000             
110                	2021-01-29 12:52:09	216.8000           	20.7800            	2.5100             	4.5051             	3.7446             	0.5560             	59.9900            	0.0000             	0.0000             	0.0000             
111                	2021-01-29 12:52:10	216.6000           	20.7300            	2.5050             	4.4901             	3.7291             	0.5570             	59.9900            	0.0000             	0.0000             	0.0000             
112                	2021-01-29 12:52:11	216.9000           	20.7300            	2.5080             	4.4963             	3.7343             	0.5570             	59.9900            	0.0000             	0.0000             	0.0000             
113                	2021-01-29 12:52:12	217.0000           	20.7400            	2.5030             	4.5006             	3.7408             	0.5560             	59.9900            	0.0000             	0.0000             	0.0000             
114                	2021-01-29 12:52:14	216.8000           	20.6800            	2.5040             	4.4834             	3.7205             	0.5580             	59.9900            	0.0000             	0.0000             	0.0000             
115                	2021-01-29 12:52:15	216.8000           	20.8000            	2.5070             	4.5094             	3.7512             	0.5550             	59.9900            	0.0000             	0.0000             	0.0000             
116                	2021-01-29 12:52:16	217.0000           	20.8000            	2.5160             	4.5136             	3.7486             	0.5570             	59.9900            	0.0000             	0.0000             	0.0000             
117                	2021-01-29 12:52:17	216.8000           	20.7900            	2.5110             	4.5073             	3.7433             	0.5570             	59.9900            	0.0000             	0.0000             	0.0000             
118                	2021-01-29 12:52:18	216.9000           	20.7200            	2.5080             	4.4942             	3.7294             	0.5580             	60.0100            	0.0000             	0.0000             	0.0000             
119                	2021-01-29 12:52:19	216.9000           	20.6500            	2.5070             	4.4790             	3.7138             	0.5590             	59.9900            	0.0000             	0.0000             	0.0000             
120                	2021-01-29 12:52:20	216.9000           	20.7100            	2.5080             	4.4920             	3.7276             	0.5580             	59.9800            	0.0000             	0.0000             	0.0000             
121                	2021-01-29 12:52:21	216.9000           	20.7600            	2.5110             	4.5028             	3.7397             	0.5570             	59.9900            	0.0000             	0.0000             	0.0000             
122                	2021-01-29 12:52:23	217.0000           	20.7500            	2.5110             	4.5027             	3.7396             	0.5570             	59.9800            	0.0000             	0.0000             	0.0000             
123                	2021-01-29 12:52:24	217.1000           	20.7700            	2.5170             	4.5092             	3.7449             	0.5570             	59.9800            	0.0000             	0.0000             	0.0000             
124                	2021-01-29 12:52:25	216.9000           	20.7800            	2.5060             	4.5072             	3.7493             	0.5550             	59.9900            	0.0000             	0.0000             	0.0000             
125                	2021-01-29 12:52:26	217.0000           	20.8000            	2.5130             	4.5136             	3.7516             	0.5560             	59.9700            	0.0000             	0.0000             	0.0000             
126                	2021-01-29 12:52:27	217.1000           	20.8700            	2.5120             	4.5309             	3.7720             	0.5540             	59.9800            	0.0000             	0.0000             	0.0000             
127                	2021-01-29 12:52:28	217.1000           	20.8300            	2.5110             	4.5222             	3.7618             	0.5550             	59.9900            	0.0000             	0.0000             	0.0000             
128                	2021-01-29 12:52:29	217.1000           	20.7300            	2.5060             	4.5005             	3.7407             	0.5560             	59.9800            	0.0000             	0.0000             	0.0000             
129                	2021-01-29 12:52:30	217.0000           	20.7800            	2.5110             	4.5093             	3.7480             	0.5560             	59.9800            	0.0000             	0.0000             	0.0000             
130                	2021-01-29 12:52:31	217.1000           	20.7900            	2.5110             	4.5135             	3.7515             	0.5560             	59.9800            	0.0000             	0.0000             	0.0000             
131                	2021-01-29 12:52:32	217.0000           	20.8400            	2.5120             	4.5223             	3.7619             	0.5550             	59.9900            	0.0000             	0.0000             	0.0000             
132                	2021-01-29 12:52:33	217.0000           	20.9000            	2.5130             	4.5353             	3.7757             	0.5540             	59.9900            	0.0000             	0.0000             	0.0000             
133                	2021-01-29 12:52:34	217.0000           	20.8700            	2.5110             	4.5288             	3.7703             	0.5540             	59.9900            	0.0000             	0.0000             	0.0000             
134                	2021-01-29 12:52:35	216.9000           	20.7900            	2.5090             	4.5094             	3.7481             	0.5560             	59.9900            	0.0000             	0.0000             	0.0000             
135                	2021-01-29 12:52:37	216.8000           	20.7600            	2.5060             	4.5008             	3.7410             	0.5560             	59.9800            	0.0000             	0.0000             	0.0000             
136                	2021-01-29 12:52:38	216.7000           	20.7900            	2.5100             	4.5052             	3.7446             	0.5560             	59.9900            	0.0000             	0.0000             	0.0000             
137                	2021-01-29 12:52:39	216.8000           	20.8400            	2.5040             	4.5181             	3.7614             	0.5540             	59.9800            	0.0000             	0.0000             	0.0000             
138                	2021-01-29 12:52:40	216.7000           	20.8400            	2.5020             	4.5160             	3.7627             	0.5530             	59.9800            	0.0000             	0.0000             	0.0000             
139                	2021-01-29 12:52:41	216.9000           	20.8200            	2.5000             	4.5159             	3.7625             	0.5530             	59.9800            	0.0000             	0.0000             	0.0000             
140                	2021-01-29 12:52:42	216.8000           	20.8400            	2.5080             	4.5181             	3.7614             	0.5540             	59.9800            	0.0000             	0.0000             	0.0000             
141                	2021-01-29 12:52:43	216.8000           	20.8700            	2.5090             	4.5246             	3.7668             	0.5540             	59.9800            	0.0000             	0.0000             	0.0000             
142                	2021-01-29 12:52:44	216.8000           	20.7600            	2.5040             	4.5008             	3.7410             	0.5560             	59.9800            	0.0000             	0.0000             	0.0000             
143                	2021-01-29 12:52:45	216.8000           	20.8800            	2.5090             	4.5268             	3.7716             	0.5530             	59.9800            	0.0000             	0.0000             	0.0000             
144                	2021-01-29 12:52:46	216.9000           	20.8300            	2.5060             	4.5180             	3.7613             	0.5540             	59.9900            	0.0000             	0.0000             	0.0000             
145                	2021-01-29 12:52:47	216.7000           	23.3500            	2.7630             	5.0599             	4.2424             	0.5450             	59.9800            	0.0000             	0.0000             	0.0000             
146                	2021-01-29 12:52:48	216.8000           	29.0900            	3.2960             	6.3067             	5.3793             	0.5220             	59.9900            	0.0000             	0.0000             	0.0000             
147                	2021-01-29 12:52:49	217.0000           	20.7800            	2.5080             	4.5093             	3.7480             	0.5560             	59.9800            	0.0000             	0.0000             	0.0000             
148                	2021-01-29 12:52:50	216.9000           	20.7700            	2.5080             	4.5050             	3.7445             	0.5560             	59.9800            	0.0000             	0.0000             	0.0000             
149                	2021-01-29 12:52:52	216.8000           	20.7400            	2.5050             	4.4964             	3.7343             	0.5570             	59.9700            	0.0000             	0.0000             	0.0000             
150                	2021-01-29 12:52:53	217.0000           	20.8300            	2.5120             	4.5201             	3.7601             	0.5550             	59.9800            	0.0000             	0.0000             	0.0000             
151                	2021-01-29 12:52:54	216.8000           	20.8200            	2.5110             	4.5138             	3.7548             	0.5550             	59.9800            	0.0000             	0.0000             	0.0000             
152                	2021-01-29 12:52:55	216.9000           	20.8200            	2.5110             	4.5159             	3.7535             	0.5560             	59.9800            	0.0000             	0.0000             	0.0000             
153                	2021-01-29 12:52:56	216.8000           	20.7800            	2.5030             	4.5051             	3.7476             	0.5550             	59.9800            	0.0000             	0.0000             	0.0000             
154                	2021-01-29 12:52:57	216.7000           	20.9200            	2.5070             	4.5334             	3.7801             	0.5520             	59.9800            	0.0000             	0.0000             	0.0000             
155                	2021-01-29 12:52:58	216.7000           	20.8200            	2.5080             	4.5117             	3.7531             	0.5550             	59.9900            	0.0000             	0.0000             	0.0000             
156                	2021-01-29 12:52:59	216.6000           	20.8200            	2.5090             	4.5096             	3.7483             	0.5560             	59.9800            	0.0000             	0.0000             	0.0000             
157                	2021-01-29 12:53:00	216.5000           	20.8200            	2.5020             	4.5075             	3.7496             	0.5550             	59.9800            	0.0000             	0.0000             	0.0000             
158                	2021-01-29 12:53:02	216.5000           	20.8800            	2.5060             	4.5205             	3.7634             	0.5540             	59.9800            	0.0000             	0.0000             	0.0000             
159                	2021-01-29 12:53:03	216.3000           	20.7400            	2.4930             	4.4861             	3.7317             	0.5550             	59.9800            	0.0000             	0.0000             	0.0000             
160                	2021-01-29 12:53:04	216.4000           	20.9700            	2.5080             	4.5379             	3.7839             	0.5520             	59.9800            	0.0000             	0.0000             	0.0000             
161                	2021-01-29 12:53:05	216.4000           	20.8800            	2.5080             	4.5184             	3.7617             	0.5540             	59.9700            	0.0000             	0.0000             	0.0000             
162                	2021-01-29 12:53:06	216.4000           	20.8100            	2.5070             	4.5033             	3.7430             	0.5560             	59.9800            	0.0000             	0.0000             	0.0000             
163                	2021-01-29 12:53:07	216.5000           	20.7800            	2.5080             	4.4989             	3.7364             	0.5570             	59.9700            	0.0000             	0.0000             	0.0000             
164                	2021-01-29 12:53:08	216.5000           	20.7100            	2.5040             	4.4837             	3.7208             	0.5580             	59.9700            	0.0000             	0.0000             	0.0000             
