No.                	Time               	Voltage[ V ]       	Current[ mA ]      	Active Power[ W ]  	Apparent Power[ VA ]	Reactive Power[ Var ]	Power Factor[ PF ] 	Frequency[ Hz ]    	Watt Hours[ Wh ]   	CO2[ g ]           	Cost[ Dollar ]     
1                  	2021-01-29 12:53:38	216.8000           	13.4600            	1.6590             	2.9181             	2.4017             	0.5680             	60.0000            	0.0000             	0.0000             	0.0000             
2                  	2021-01-29 12:53:39	216.8000           	13.4900            	1.6650             	2.9246             	2.4050             	0.5690             	60.0000            	0.0000             	0.0000             	0.0000             
3                  	2021-01-29 12:53:40	216.7000           	13.4700            	1.6600             	2.9189             	2.4024             	0.5680             	60.0000            	0.0000             	0.0000             	0.0000             
4                  	2021-01-29 12:53:41	216.8000           	13.5300            	1.6670             	2.9333             	2.4142             	0.5680             	60.0000            	0.0000             	0.0000             	0.0000             
5                  	2021-01-29 12:53:42	216.9000           	13.4400            	1.6590             	2.9151             	2.3972             	0.5690             	60.0100            	0.0000             	0.0000             	0.0000             
6                  	2021-01-29 12:53:43	216.8000           	13.4300            	1.6610             	2.9116             	2.3923             	0.5700             	60.0000            	0.0000             	0.0000             	0.0000             
7                  	2021-01-29 12:53:45	216.8000           	13.4400            	1.6620             	2.9138             	2.3941             	0.5700             	60.0000            	0.0000             	0.0000             	0.0000             
8                  	2021-01-29 12:53:46	216.8000           	13.4500            	1.6580             	2.9160             	2.3999             	0.5680             	60.0100            	0.0000             	0.0000             	0.0000             
9                  	2021-01-29 12:53:47	216.8000           	15.5400            	1.9060             	3.3691             	2.7798             	0.5650             	60.0000            	0.0000             	0.0000             	0.0000             
10                 	2021-01-29 12:53:48	216.6000           	20.3900            	2.4440             	4.4165             	3.6797             	0.5530             	60.0000            	0.0000             	0.0000             	0.0000             
11                 	2021-01-29 12:53:49	217.0000           	14.7700            	1.8180             	3.2051             	2.6401             	0.5670             	60.0100            	0.0000             	0.0000             	0.0000             
12                 	2021-01-29 12:53:50	217.1000           	13.4500            	1.6620             	2.9200             	2.4012             	0.5690             	60.0100            	0.0000             	0.0000             	0.0000             
13                 	2021-01-29 12:53:51	216.9000           	13.4500            	1.6600             	2.9173             	2.3990             	0.5690             	60.0100            	0.0000             	0.0000             	0.0000             
14                 	2021-01-29 12:53:52	216.9000           	13.3700            	1.6540             	2.9000             	2.3827             	0.5700             	60.0100            	0.0000             	0.0000             	0.0000             
15                 	2021-01-29 12:53:53	217.0000           	13.4100            	1.6600             	2.9100             	2.3910             	0.5700             	60.0100            	0.0000             	0.0000             	0.0000             
16                 	2021-01-29 12:53:54	217.0000           	13.4200            	1.6610             	2.9121             	2.3927             	0.5700             	60.0200            	0.0000             	0.0000             	0.0000             
17                 	2021-01-29 12:53:56	217.1000           	13.3800            	1.6670             	2.9048             	2.3806             	0.5730             	60.0100            	0.0000             	0.0000             	0.0000             
18                 	2021-01-29 12:53:57	217.1000           	13.5000            	1.6730             	2.9308             	2.4081             	0.5700             	60.0200            	0.0000             	0.0000             	0.0000             
19                 	2021-01-29 12:53:58	217.0000           	13.5100            	1.6720             	2.9317             	2.4088             	0.5700             	60.0200            	0.0000             	0.0000             	0.0000             
20                 	2021-01-29 12:53:59	216.8000           	13.3900            	1.6570             	2.9030             	2.3852             	0.5700             	60.0200            	0.0000             	0.0000             	0.0000             
21                 	2021-01-29 12:54:00	216.7000           	13.3900            	1.6560             	2.9016             	2.3841             	0.5700             	60.0200            	0.0000             	0.0000             	0.0000             
22                 	2021-01-29 12:54:01	216.8000           	13.4800            	1.6670             	2.9225             	2.4012             	0.5700             	60.0200            	0.0000             	0.0000             	0.0000             
23                 	2021-01-29 12:54:02	216.8000           	13.3900            	1.6610             	2.9030             	2.3832             	0.5710             	60.0200            	0.0000             	0.0000             	0.0000             
24                 	2021-01-29 12:54:03	216.8000           	13.4200            	1.6600             	2.9095             	2.3905             	0.5700             	60.0300            	0.0000             	0.0000             	0.0000             
25                 	2021-01-29 12:54:05	216.9000           	13.3800            	1.6640             	2.9021             	2.3784             	0.5730             	60.0200            	0.0000             	0.0000             	0.0000             
26                 	2021-01-29 12:54:06	216.8000           	13.3800            	1.6620             	2.9008             	2.3794             	0.5720             	60.0200            	0.0000             	0.0000             	0.0000             
27                 	2021-01-29 12:54:07	216.8000           	13.4200            	1.6630             	2.9095             	2.3885             	0.5710             	60.0200            	0.0000             	0.0000             	0.0000             
28                 	2021-01-29 12:54:08	216.8000           	13.4200            	1.6640             	2.9095             	2.3885             	0.5710             	60.0300            	0.0000             	0.0000             	0.0000             
29                 	2021-01-29 12:54:09	216.7000           	13.4000            	1.6590             	2.9038             	2.3839             	0.5710             	60.0200            	0.0000             	0.0000             	0.0000             
30                 	2021-01-29 12:54:10	216.7000           	13.4500            	1.6630             	2.9146             	2.3948             	0.5700             	60.0200            	0.0000             	0.0000             	0.0000             
31                 	2021-01-29 12:54:11	216.7000           	13.4500            	1.6630             	2.9146             	2.3948             	0.5700             	60.0200            	0.0000             	0.0000             	0.0000             
32                 	2021-01-29 12:54:13	216.8000           	13.4700            	1.6610             	2.9203             	2.4035             	0.5680             	60.0200            	0.0000             	0.0000             	0.0000             
33                 	2021-01-29 12:54:14	216.7000           	13.4400            	1.6600             	2.9124             	2.3950             	0.5690             	60.0200            	0.0000             	0.0000             	0.0000             
34                 	2021-01-29 12:54:15	216.7000           	13.4600            	1.6630             	2.9168             	2.3986             	0.5690             	60.0200            	0.0000             	0.0000             	0.0000             
35                 	2021-01-29 12:54:16	216.6000           	13.5100            	1.6620             	2.9263             	2.4084             	0.5680             	60.0300            	0.0000             	0.0000             	0.0000             
36                 	2021-01-29 12:54:17	216.6000           	13.4900            	1.6630             	2.9219             	2.4048             	0.5680             	60.0200            	0.0000             	0.0000             	0.0000             
37                 	2021-01-29 12:54:18	216.5000           	14.0600            	1.7250             	3.0440             	2.5095             	0.5660             	60.0200            	0.0000             	0.0000             	0.0000             
38                 	2021-01-29 12:54:19	216.5000           	13.5700            	1.6610             	2.9379             	2.4240             	0.5650             	60.0100            	0.0000             	0.0000             	0.0000             
39                 	2021-01-29 12:54:20	216.5000           	13.5500            	1.6610             	2.9336             	2.4205             	0.5650             	60.0200            	0.0000             	0.0000             	0.0000             
40                 	2021-01-29 12:54:21	216.5000           	13.5600            	1.6600             	2.9357             	2.4223             	0.5650             	60.0200            	0.0000             	0.0000             	0.0000             
41                 	2021-01-29 12:54:22	216.4000           	13.5600            	1.6600             	2.9344             	2.4211             	0.5650             	60.0100            	0.0000             	0.0000             	0.0000             
42                 	2021-01-29 12:54:24	216.5000           	13.5300            	1.6620             	2.9292             	2.4129             	0.5670             	60.0100            	0.0000             	0.0000             	0.0000             
43                 	2021-01-29 12:54:25	216.3000           	13.5000            	1.6560             	2.9201             	2.4053             	0.5670             	60.0200            	0.0000             	0.0000             	0.0000             
44                 	2021-01-29 12:54:26	216.3000           	13.5300            	1.6570             	2.9265             	2.4147             	0.5650             	60.0200            	0.0000             	0.0000             	0.0000             
45                 	2021-01-29 12:54:27	216.4000           	13.5400            	1.6600             	2.9301             	2.4156             	0.5660             	60.0200            	0.0000             	0.0000             	0.0000             
46                 	2021-01-29 12:54:28	216.5000           	13.5500            	1.6590             	2.9336             	2.4205             	0.5650             	60.0200            	0.0000             	0.0000             	0.0000             
47                 	2021-01-29 12:54:29	216.4000           	13.6100            	1.6640             	2.9452             	2.4321             	0.5640             	60.0200            	0.0000             	0.0000             	0.0000             
48                 	2021-01-29 12:54:30	216.4000           	13.5500            	1.6590             	2.9322             	2.4193             	0.5650             	60.0200            	0.0000             	0.0000             	0.0000             
49                 	2021-01-29 12:54:31	216.5000           	13.4700            	1.6560             	2.9163             	2.4022             	0.5670             	60.0200            	0.0000             	0.0000             	0.0000             
50                 	2021-01-29 12:54:32	216.5000           	13.4300            	1.6600             	2.9076             	2.3890             	0.5700             	60.0300            	0.0000             	0.0000             	0.0000             
51                 	2021-01-29 12:54:33	216.5000           	13.9000            	1.7140             	3.0094             	2.4747             	0.5690             	60.0300            	0.0000             	0.0000             	0.0000             
52                 	2021-01-29 12:54:34	216.5000           	13.4300            	1.6600             	2.9076             	2.3890             	0.5700             	60.0300            	0.0000             	0.0000             	0.0000             
53                 	2021-01-29 12:54:35	216.6000           	13.4000            	1.6620             	2.9024             	2.3807             	0.5720             	60.0300            	0.0000             	0.0000             	0.0000             
54                 	2021-01-29 12:54:36	216.5000           	13.4900            	1.6640             	2.9206             	2.4017             	0.5690             	60.0200            	0.0000             	0.0000             	0.0000             
55                 	2021-01-29 12:54:38	216.7000           	13.4400            	1.6580             	2.9124             	2.3970             	0.5680             	60.0300            	0.0000             	0.0000             	0.0000             
56                 	2021-01-29 12:54:39	216.7000           	13.4200            	1.6520             	2.9081             	2.3935             	0.5680             	60.0200            	0.0000             	0.0000             	0.0000             
57                 	2021-01-29 12:54:40	216.5000           	13.4700            	1.6580             	2.9163             	2.4002             	0.5680             	60.0300            	0.0000             	0.0000             	0.0000             
58                 	2021-01-29 12:54:41	216.5000           	13.2500            	1.6590             	2.8686             	2.3409             	0.5780             	60.0300            	0.0000             	0.0000             	0.0000             
59                 	2021-01-29 12:54:42	216.5000           	13.4600            	1.6610             	2.9141             	2.3964             	0.5690             	60.0300            	0.0000             	0.0000             	0.0000             
60                 	2021-01-29 12:54:44	216.6000           	13.4300            	1.6560             	2.9089             	2.3921             	0.5690             	60.0400            	0.0000             	0.0000             	0.0000             
61                 	2021-01-29 12:54:45	216.6000           	13.4200            	1.6560             	2.9068             	2.3903             	0.5690             	60.0300            	0.0000             	0.0000             	0.0000             
62                 	2021-01-29 12:54:46	216.6000           	13.4400            	1.6590             	2.9111             	2.3939             	0.5690             	60.0400            	0.0000             	0.0000             	0.0000             
63                 	2021-01-29 12:54:47	216.3000           	15.4400            	1.9010             	3.3397             	2.7463             	0.5690             	60.0400            	0.0000             	0.0000             	0.0000             
64                 	2021-01-29 12:54:48	216.4000           	19.9700            	2.3910             	4.3215             	3.6006             	0.5530             	60.0300            	0.0000             	0.0000             	0.0000             
65                 	2021-01-29 12:54:49	216.4000           	15.1500            	1.8700             	3.2785             	2.6937             	0.5700             	60.0300            	0.0000             	0.0000             	0.0000             
66                 	2021-01-29 12:54:50	216.5000           	13.4100            	1.6580             	2.9033             	2.3834             	0.5710             	60.0300            	0.0000             	0.0000             	0.0000             
67                 	2021-01-29 12:54:51	216.6000           	13.4300            	1.6560             	2.9089             	2.3921             	0.5690             	60.0300            	0.0000             	0.0000             	0.0000             
68                 	2021-01-29 12:54:52	216.5000           	13.4000            	1.6600             	2.9011             	2.3796             	0.5720             	60.0300            	0.0000             	0.0000             	0.0000             
69                 	2021-01-29 12:54:53	216.4000           	13.4300            	1.6620             	2.9063             	2.3859             	0.5710             	60.0300            	0.0000             	0.0000             	0.0000             
70                 	2021-01-29 12:54:54	216.4000           	13.4600            	1.6650             	2.9127             	2.3912             	0.5710             	60.0300            	0.0000             	0.0000             	0.0000             
71                 	2021-01-29 12:54:55	216.5000           	13.4000            	1.6580             	2.9011             	2.3817             	0.5710             	60.0300            	0.0000             	0.0000             	0.0000             
72                 	2021-01-29 12:54:57	216.5000           	13.4100            	1.6570             	2.9033             	2.3855             	0.5700             	60.0300            	0.0000             	0.0000             	0.0000             
73                 	2021-01-29 12:54:58	216.5000           	13.9400            	1.7130             	3.0180             	2.4860             	0.5670             	60.0300            	0.0000             	0.0000             	0.0000             
74                 	2021-01-29 12:54:59	216.6000           	13.5700            	1.6620             	2.9393             	2.4252             	0.5650             	60.0300            	0.0000             	0.0000             	0.0000             
75                 	2021-01-29 12:55:00	216.4000           	13.5900            	1.6570             	2.9409             	2.4305             	0.5630             	60.0300            	0.0000             	0.0000             	0.0000             
76                 	2021-01-29 12:55:01	216.3000           	13.5300            	1.6590             	2.9265             	2.4127             	0.5660             	60.0300            	0.0000             	0.0000             	0.0000             
77                 	2021-01-29 12:55:02	216.2000           	13.5500            	1.6590             	2.9295             	2.4171             	0.5650             	60.0300            	0.0000             	0.0000             	0.0000             
78                 	2021-01-29 12:55:03	216.4000           	13.5500            	1.6580             	2.9322             	2.4193             	0.5650             	60.0200            	0.0000             	0.0000             	0.0000             
79                 	2021-01-29 12:55:04	216.4000           	13.4600            	1.6570             	2.9127             	2.3973             	0.5680             	60.0200            	0.0000             	0.0000             	0.0000             
80                 	2021-01-29 12:55:05	216.5000           	13.5500            	1.6630             	2.9336             	2.4185             	0.5660             	60.0200            	0.0000             	0.0000             	0.0000             
81                 	2021-01-29 12:55:07	216.4000           	13.5400            	1.6580             	2.9301             	2.4176             	0.5650             	60.0200            	0.0000             	0.0000             	0.0000             
82                 	2021-01-29 12:55:08	216.4000           	13.5000            	1.6590             	2.9214             	2.4064             	0.5670             	60.0200            	0.0000             	0.0000             	0.0000             
83                 	2021-01-29 12:55:09	216.6000           	13.4800            	1.6590             	2.9198             	2.4031             	0.5680             	60.0200            	0.0000             	0.0000             	0.0000             
84                 	2021-01-29 12:55:10	216.6000           	13.4300            	1.6560             	2.9089             	2.3921             	0.5690             	60.0400            	0.0000             	0.0000             	0.0000             
85                 	2021-01-29 12:55:11	216.7000           	13.4900            	1.6620             	2.9233             	2.4059             	0.5680             	60.0200            	0.0000             	0.0000             	0.0000             
86                 	2021-01-29 12:55:12	216.6000           	14.1700            	1.7440             	3.0692             	2.5282             	0.5670             	60.0200            	0.0000             	0.0000             	0.0000             
87                 	2021-01-29 12:55:13	216.8000           	14.7000            	1.8080             	3.1870             	2.6252             	0.5670             	60.0300            	0.0000             	0.0000             	0.0000             
88                 	2021-01-29 12:55:14	216.6000           	14.7000            	1.8120             	3.1840             	2.6205             	0.5680             	60.0200            	0.0000             	0.0000             	0.0000             
89                 	2021-01-29 12:55:15	216.7000           	14.7000            	1.8170             	3.1855             	2.6173             	0.5700             	60.0200            	0.0000             	0.0000             	0.0000             
90                 	2021-01-29 12:55:16	216.6000           	13.4600            	1.6610             	2.9154             	2.3975             	0.5690             	60.0200            	0.0000             	0.0000             	0.0000             
91                 	2021-01-29 12:55:18	216.5000           	14.7400            	1.8190             	3.1912             	2.6243             	0.5690             	60.0200            	0.0000             	0.0000             	0.0000             
92                 	2021-01-29 12:55:19	216.2000           	14.3700            	1.7640             	3.1068             	2.5591             	0.5670             	60.0100            	0.0000             	0.0000             	0.0000             
93                 	2021-01-29 12:55:20	216.2000           	13.5500            	1.6600             	2.9295             	2.4151             	0.5660             	60.0100            	0.0000             	0.0000             	0.0000             
94                 	2021-01-29 12:55:21	216.1000           	13.5400            	1.6570             	2.9260             	2.4142             	0.5650             	60.0100            	0.0000             	0.0000             	0.0000             
95                 	2021-01-29 12:55:22	216.1000           	13.4500            	1.6540             	2.9065             	2.3922             	0.5680             	60.0200            	0.0000             	0.0000             	0.0000             
96                 	2021-01-29 12:55:23	216.3000           	13.4600            	1.6600             	2.9114             	2.3942             	0.5690             	60.0100            	0.0000             	0.0000             	0.0000             
97                 	2021-01-29 12:55:24	216.2000           	13.4700            	1.6590             	2.9122             	2.3948             	0.5690             	60.0100            	0.0000             	0.0000             	0.0000             
98                 	2021-01-29 12:55:25	216.4000           	13.4500            	1.6610             	2.9106             	2.3915             	0.5700             	60.0200            	0.0000             	0.0000             	0.0000             
99                 	2021-01-29 12:55:27	216.3000           	13.4600            	1.6590             	2.9114             	2.3942             	0.5690             	59.9900            	0.0000             	0.0000             	0.0000             
100                	2021-01-29 12:55:28	216.3000           	13.4800            	1.6640             	2.9157             	2.3957             	0.5700             	60.0200            	0.0000             	0.0000             	0.0000             
101                	2021-01-29 12:55:29	216.3000           	13.4000            	1.6570             	2.8984             	2.3795             	0.5710             	60.0200            	0.0000             	0.0000             	0.0000             
102                	2021-01-29 12:55:30	216.2000           	13.4100            	1.6550             	2.8992             	2.3821             	0.5700             	60.0200            	0.0000             	0.0000             	0.0000             
103                	2021-01-29 12:55:31	216.7000           	13.4000            	1.6550             	2.9038             	2.3879             	0.5690             	60.0100            	0.0000             	0.0000             	0.0000             
104                	2021-01-29 12:55:32	216.8000           	13.4300            	1.6590             	2.9116             	2.3943             	0.5690             	60.0100            	0.0000             	0.0000             	0.0000             
105                	2021-01-29 12:55:33	216.6000           	13.4500            	1.6590             	2.9133             	2.3957             	0.5690             	60.0100            	0.0000             	0.0000             	0.0000             
106                	2021-01-29 12:55:34	216.6000           	13.3700            	1.6570             	2.8959             	2.3774             	0.5710             	60.0100            	0.0000             	0.0000             	0.0000             
107                	2021-01-29 12:55:35	216.6000           	13.4400            	1.6590             	2.9111             	2.3939             	0.5690             	60.0100            	0.0000             	0.0000             	0.0000             
108                	2021-01-29 12:55:36	216.6000           	13.5400            	1.6610             	2.9328             	2.4198             	0.5650             	60.0100            	0.0000             	0.0000             	0.0000             
109                	2021-01-29 12:55:38	216.6000           	13.5400            	1.6590             	2.9328             	2.4198             	0.5650             	60.0100            	0.0000             	0.0000             	0.0000             
110                	2021-01-29 12:55:39	216.7000           	13.5300            	1.6600             	2.9320             	2.4191             	0.5650             	60.0100            	0.0000             	0.0000             	0.0000             
111                	2021-01-29 12:55:40	216.6000           	13.5600            	1.6610             	2.9371             	2.4234             	0.5650             	60.0100            	0.0000             	0.0000             	0.0000             
112                	2021-01-29 12:55:41	216.5000           	13.5400            	1.6580             	2.9314             	2.4187             	0.5650             	60.0000            	0.0000             	0.0000             	0.0000             
113                	2021-01-29 12:55:42	216.4000           	13.5200            	1.6580             	2.9257             	2.4120             	0.5660             	60.0100            	0.0000             	0.0000             	0.0000             
114                	2021-01-29 12:55:43	216.5000           	13.5100            	1.6570             	2.9249             	2.4113             	0.5660             	60.0100            	0.0000             	0.0000             	0.0000             
115                	2021-01-29 12:55:44	216.4000           	13.4900            	1.6570             	2.9192             	2.4046             	0.5670             	60.0100            	0.0000             	0.0000             	0.0000             
116                	2021-01-29 12:55:45	216.4000           	13.4500            	1.6560             	2.9106             	2.3955             	0.5680             	60.0100            	0.0000             	0.0000             	0.0000             
117                	2021-01-29 12:55:46	216.5000           	14.0900            	1.7310             	3.0505             	2.5127             	0.5670             	60.0100            	0.0000             	0.0000             	0.0000             
118                	2021-01-29 12:55:47	216.7000           	16.0500            	1.9640             	3.4780             	2.8721             	0.5640             	60.0100            	0.0000             	0.0000             	0.0000             
119                	2021-01-29 12:55:48	216.8000           	15.5700            	1.9220             	3.3756             	2.7759             	0.5690             	60.0400            	0.0000             	0.0000             	0.0000             
120                	2021-01-29 12:55:50	216.8000           	13.3800            	1.6590             	2.9008             	2.3814             	0.5710             	60.0200            	0.0000             	0.0000             	0.0000             
121                	2021-01-29 12:55:51	216.6000           	13.4100            	1.6600             	2.9046             	2.3845             	0.5710             	60.0100            	0.0000             	0.0000             	0.0000             
122                	2021-01-29 12:55:52	216.7000           	13.4300            	1.6570             	2.9103             	2.3932             	0.5690             	60.0200            	0.0000             	0.0000             	0.0000             
123                	2021-01-29 12:55:53	216.6000           	13.4500            	1.6580             	2.9133             	2.3957             	0.5690             	60.0200            	0.0000             	0.0000             	0.0000             
124                	2021-01-29 12:55:54	216.5000           	13.4900            	1.6600             	2.9206             	2.4037             	0.5680             	60.0100            	0.0000             	0.0000             	0.0000             
125                	2021-01-29 12:55:55	216.4000           	13.4200            	1.6580             	2.9041             	2.3881             	0.5690             	60.0200            	0.0000             	0.0000             	0.0000             
126                	2021-01-29 12:55:56	216.4000           	13.4700            	1.6640             	2.9149             	2.3950             	0.5700             	60.0100            	0.0000             	0.0000             	0.0000             
127                	2021-01-29 12:55:57	216.5000           	14.0300            	1.7270             	3.0375             	2.4999             	0.5680             	60.0200            	0.0000             	0.0000             	0.0000             
128                	2021-01-29 12:55:58	216.5000           	13.4100            	1.6620             	2.9033             	2.3814             	0.5720             	60.0100            	0.0000             	0.0000             	0.0000             
129                	2021-01-29 12:55:59	216.6000           	13.3300            	1.6590             	2.8873             	2.3643             	0.5740             	60.0100            	0.0000             	0.0000             	0.0000             
130                	2021-01-29 12:56:01	216.5000           	13.2900            	1.6590             	2.8773             	2.3520             	0.5760             	60.0100            	0.0000             	0.0000             	0.0000             
131                	2021-01-29 12:56:02	216.5000           	13.3200            	1.6600             	2.8838             	2.3594             	0.5750             	60.0100            	0.0000             	0.0000             	0.0000             
132                	2021-01-29 12:56:03	216.5000           	13.3700            	1.6590             	2.8946             	2.3743             	0.5720             	60.0100            	0.0000             	0.0000             	0.0000             
133                	2021-01-29 12:56:04	216.3000           	13.4000            	1.6570             	2.8984             	2.3795             	0.5710             	60.0100            	0.0000             	0.0000             	0.0000             
134                	2021-01-29 12:56:05	216.4000           	13.4100            	1.6620             	2.9019             	2.3803             	0.5720             	60.0100            	0.0000             	0.0000             	0.0000             
135                	2021-01-29 12:56:06	216.4000           	13.3500            	1.6590             	2.8889             	2.3676             	0.5730             	60.0100            	0.0000             	0.0000             	0.0000             
136                	2021-01-29 12:56:07	216.3000           	13.3800            	1.6590             	2.8941             	2.3719             	0.5730             	60.0000            	0.0000             	0.0000             	0.0000             
137                	2021-01-29 12:56:08	216.3000           	13.4400            	1.6600             	2.9071             	2.3886             	0.5700             	60.0100            	0.0000             	0.0000             	0.0000             
138                	2021-01-29 12:56:09	216.2000           	13.4400            	1.6590             	2.9057             	2.3875             	0.5700             	60.0100            	0.0000             	0.0000             	0.0000             
139                	2021-01-29 12:56:10	216.3000           	13.4000            	1.6600             	2.8984             	2.3774             	0.5720             	60.0100            	0.0000             	0.0000             	0.0000             
140                	2021-01-29 12:56:11	216.3000           	13.4200            	1.6600             	2.9027             	2.3830             	0.5710             	60.0100            	0.0000             	0.0000             	0.0000             
141                	2021-01-29 12:56:12	216.4000           	13.4400            	1.6610             	2.9084             	2.3897             	0.5700             	60.0000            	0.0000             	0.0000             	0.0000             
142                	2021-01-29 12:56:13	216.3000           	13.4500            	1.6610             	2.9092             	2.3904             	0.5700             	60.0000            	0.0000             	0.0000             	0.0000             
143                	2021-01-29 12:56:15	216.5000           	13.4500            	1.6600             	2.9119             	2.3946             	0.5690             	59.9900            	0.0000             	0.0000             	0.0000             
144                	2021-01-29 12:56:16	216.7000           	13.4000            	1.6580             	2.9038             	2.3859             	0.5700             	60.0000            	0.0000             	0.0000             	0.0000             
145                	2021-01-29 12:56:17	216.7000           	13.3900            	1.6570             	2.9016             	2.3841             	0.5700             	60.0000            	0.0000             	0.0000             	0.0000             
146                	2021-01-29 12:56:18	216.7000           	13.4300            	1.6550             	2.9103             	2.3952             	0.5680             	59.9900            	0.0000             	0.0000             	0.0000             
147                	2021-01-29 12:56:19	216.8000           	13.4800            	1.6600             	2.9225             	2.4073             	0.5670             	59.9900            	0.0000             	0.0000             	0.0000             
148                	2021-01-29 12:56:20	216.6000           	13.4500            	1.6590             	2.9133             	2.3957             	0.5690             	59.9900            	0.0000             	0.0000             	0.0000             
149                	2021-01-29 12:56:21	216.7000           	13.4100            	1.6560             	2.9059             	2.3897             	0.5690             	59.9800            	0.0000             	0.0000             	0.0000             
150                	2021-01-29 12:56:22	216.8000           	13.4200            	1.6570             	2.9095             	2.3926             	0.5690             	59.9800            	0.0000             	0.0000             	0.0000             
151                	2021-01-29 12:56:23	216.9000           	13.4400            	1.6600             	2.9151             	2.3972             	0.5690             	59.9800            	0.0000             	0.0000             	0.0000             
152                	2021-01-29 12:56:24	216.8000           	13.4400            	1.6580             	2.9138             	2.3961             	0.5690             	59.9900            	0.0000             	0.0000             	0.0000             
153                	2021-01-29 12:56:25	217.0000           	13.3800            	1.6610             	2.9035             	2.3836             	0.5710             	59.9900            	0.0000             	0.0000             	0.0000             
154                	2021-01-29 12:56:27	216.9000           	13.3600            	1.6590             	2.8978             	2.3769             	0.5720             	59.9900            	0.0000             	0.0000             	0.0000             
155                	2021-01-29 12:56:28	217.0000           	13.4900            	1.6720             	2.9273             	2.4032             	0.5710             	59.9900            	0.0000             	0.0000             	0.0000             
156                	2021-01-29 12:56:29	217.0000           	13.3600            	1.6630             	2.8991             	2.3760             	0.5730             	60.0100            	0.0000             	0.0000             	0.0000             
157                	2021-01-29 12:56:30	217.0000           	13.3500            	1.6560             	2.8969             	2.3783             	0.5710             	59.9900            	0.0000             	0.0000             	0.0000             
158                	2021-01-29 12:56:31	216.9000           	13.3700            	1.6630             	2.9000             	2.3787             	0.5720             	59.9900            	0.0000             	0.0000             	0.0000             
159                	2021-01-29 12:56:32	217.0000           	13.3900            	1.6600             	2.9056             	2.3854             	0.5710             	59.9900            	0.0000             	0.0000             	0.0000             
160                	2021-01-29 12:56:33	217.0000           	13.3700            	1.6580             	2.9013             	2.3818             	0.5710             	60.0000            	0.0000             	0.0000             	0.0000             
161                	2021-01-29 12:56:35	217.0000           	13.3700            	1.6610             	2.9013             	2.3798             	0.5720             	60.0000            	0.0000             	0.0000             	0.0000             
162                	2021-01-29 12:56:36	217.0000           	13.3500            	1.6570             	2.8969             	2.3783             	0.5710             	60.0000            	0.0000             	0.0000             	0.0000             
163                	2021-01-29 12:56:37	217.0000           	13.3800            	1.6600             	2.9035             	2.3836             	0.5710             	60.0000            	0.0000             	0.0000             	0.0000             
