No.                	Time               	Voltage[ V ]       	Current[ mA ]      	Active Power[ W ]  	Apparent Power[ VA ]	Reactive Power[ Var ]	Power Factor[ PF ] 	Frequency[ Hz ]    	Watt Hours[ Wh ]   	CO2[ g ]           	Cost[ Dollar ]     
1                  	2021-02-01 14:43:34	215.7000           	23.7800            	3.0540             	5.1293             	4.1226             	0.5950             	60.0200            	0.0000             	0.0000             	0.0000             
2                  	2021-02-01 14:43:35	215.8000           	35.7000            	4.5350             	7.7041             	6.2315             	0.5880             	60.0300            	0.0000             	0.0000             	0.0000             
3                  	2021-02-01 14:43:36	215.8000           	24.5200            	3.1430             	5.2914             	4.2607             	0.5930             	60.0200            	0.0000             	0.0000             	0.0000             
4                  	2021-02-01 14:43:37	215.8000           	23.9000            	3.0610             	5.1576             	4.1529             	0.5930             	60.0200            	0.0000             	0.0000             	0.0000             
5                  	2021-02-01 14:43:38	215.7000           	24.4600            	3.1080             	5.2760             	4.2676             	0.5880             	60.0300            	0.0000             	0.0000             	0.0000             
6                  	2021-02-01 14:43:39	215.7000           	26.4900            	3.3400             	5.7139             	4.6383             	0.5840             	60.0300            	0.0000             	0.0000             	0.0000             
7                  	2021-02-01 14:43:40	216.0000           	23.1400            	2.9780             	4.9982             	4.0172             	0.5950             	60.0200            	0.0000             	0.0000             	0.0000             
8                  	2021-02-01 14:43:41	216.1000           	24.1300            	3.0910             	5.2145             	4.2026             	0.5920             	60.0300            	0.0000             	0.0000             	0.0000             
9                  	2021-02-01 14:43:43	216.2000           	23.2300            	3.0050             	5.0223             	4.0254             	0.5980             	60.0300            	0.0000             	0.0000             	0.0000             
10                 	2021-02-01 14:43:44	216.1000           	23.1500            	3.0010             	5.0027             	4.0059             	0.5990             	60.0200            	0.0000             	0.0000             	0.0000             
11                 	2021-02-01 14:43:45	216.0000           	24.0100            	3.0920             	5.1862             	4.1644             	0.5960             	60.0200            	0.0000             	0.0000             	0.0000             
12                 	2021-02-01 14:43:46	216.1000           	24.7300            	3.1590             	5.3442             	4.3149             	0.5900             	60.0200            	0.0000             	0.0000             	0.0000             
13                 	2021-02-01 14:43:47	216.0000           	44.3300            	5.4730             	9.5753             	7.8608             	0.5710             	60.0200            	0.0000             	0.0000             	0.0000             
14                 	2021-02-01 14:43:48	216.2000           	47.4000            	5.8030             	10.2479            	8.4484             	0.5660             	60.0200            	0.0000             	0.0000             	0.0000             
15                 	2021-02-01 14:43:49	216.1000           	47.2900            	5.8060             	10.2194            	8.4108             	0.5680             	60.0200            	0.0000             	0.0000             	0.0000             
16                 	2021-02-01 14:43:50	216.0000           	48.5300            	5.8960             	10.4825            	8.6704             	0.5620             	60.0200            	0.0000             	0.0000             	0.0000             
17                 	2021-02-01 14:43:52	215.6000           	47.5400            	5.8080             	10.2496            	8.4498             	0.5660             	60.0100            	0.0000             	0.0000             	0.0000             
18                 	2021-02-01 14:43:53	215.5000           	47.5600            	5.8180             	10.2492            	8.4424             	0.5670             	60.0200            	0.0000             	0.0000             	0.0000             
19                 	2021-02-01 14:43:54	215.4000           	46.9200            	5.7700             	10.1066            	8.3040             	0.5700             	60.0200            	0.0000             	0.0000             	0.0000             
20                 	2021-02-01 14:43:55	215.6000           	47.0500            	5.7950             	10.1440            	8.3277             	0.5710             	60.0100            	0.0000             	0.0000             	0.0000             
21                 	2021-02-01 14:43:56	215.5000           	46.9100            	5.7500             	10.1091            	8.3201             	0.5680             	60.0100            	0.0000             	0.0000             	0.0000             
22                 	2021-02-01 14:43:57	216.0000           	49.0300            	5.9600             	10.5905            	8.7598             	0.5620             	60.0000            	0.0000             	0.0000             	0.0000             
23                 	2021-02-01 14:43:59	215.8000           	47.5900            	5.8280             	10.2699            	8.4595             	0.5670             	59.9900            	0.0000             	0.0000             	0.0000             
24                 	2021-02-01 14:44:00	216.0000           	47.3900            	5.8230             	10.2362            	8.4247             	0.5680             	59.9900            	0.0000             	0.0000             	0.0000             
25                 	2021-02-01 14:44:01	215.8000           	47.4400            	5.8360             	10.2376            	8.4187             	0.5690             	59.9900            	0.0000             	0.0000             	0.0000             
26                 	2021-02-01 14:44:02	216.0000           	47.5000            	5.8180             	10.2600            	8.4513             	0.5670             	59.9800            	0.0000             	0.0000             	0.0000             
27                 	2021-02-01 14:44:03	216.0000           	47.6600            	5.8310             	10.2946            	8.4869             	0.5660             	59.9800            	0.0000             	0.0000             	0.0000             
28                 	2021-02-01 14:44:04	215.9000           	47.4500            	5.8290             	10.2445            	8.4315             	0.5680             	59.9800            	0.0000             	0.0000             	0.0000             
29                 	2021-02-01 14:44:05	216.0000           	47.4700            	5.8240             	10.2535            	8.4460             	0.5670             	60.0000            	0.0000             	0.0000             	0.0000             
30                 	2021-02-01 14:44:06	216.1000           	47.0700            	5.7910             	10.1718            	8.3647             	0.5690             	60.0000            	0.0000             	0.0000             	0.0000             
31                 	2021-02-01 14:44:07	216.2000           	48.0800            	5.9000             	10.3949            	8.5625             	0.5670             	59.9800            	0.0000             	0.0000             	0.0000             
32                 	2021-02-01 14:44:08	216.3000           	47.5600            	5.8310             	10.2872            	8.4808             	0.5660             	59.9800            	0.0000             	0.0000             	0.0000             
33                 	2021-02-01 14:44:10	216.1000           	47.9700            	5.8520             	10.3663            	8.5602             	0.5640             	59.9900            	0.0000             	0.0000             	0.0000             
34                 	2021-02-01 14:44:11	216.2000           	47.3200            	5.7950             	10.2306            	8.4341             	0.5660             	59.9900            	0.0000             	0.0000             	0.0000             
35                 	2021-02-01 14:44:12	216.2000           	47.0800            	5.7630             	10.1787            	8.3914             	0.5660             	60.0000            	0.0000             	0.0000             	0.0000             
36                 	2021-02-01 14:44:13	216.1000           	48.0400            	5.8330             	10.3814            	8.5939             	0.5610             	60.0000            	0.0000             	0.0000             	0.0000             
37                 	2021-02-01 14:44:14	215.9000           	48.1800            	5.8280             	10.4021            	8.6180             	0.5600             	60.0000            	0.0000             	0.0000             	0.0000             
38                 	2021-02-01 14:44:15	216.2000           	48.4100            	5.8550             	10.4662            	8.6783             	0.5590             	59.9900            	0.0000             	0.0000             	0.0000             
39                 	2021-02-01 14:44:16	216.0000           	47.9900            	5.8440             	10.3658            	8.5669             	0.5630             	59.9900            	0.0000             	0.0000             	0.0000             
40                 	2021-02-01 14:44:17	216.4000           	24.7400            	3.1740             	5.3537             	4.3148             	0.5920             	60.0000            	0.0000             	0.0000             	0.0000             
41                 	2021-02-01 14:44:18	216.2000           	23.6600            	3.0510             	5.1153             	4.1075             	0.5960             	60.0000            	0.0000             	0.0000             	0.0000             
42                 	2021-02-01 14:44:19	216.1000           	27.8200            	3.5200             	6.0119             	4.8759             	0.5850             	59.9900            	0.0000             	0.0000             	0.0000             
43                 	2021-02-01 14:44:20	216.3000           	24.5100            	3.1290             	5.3015             	4.2843             	0.5890             	59.9900            	0.0000             	0.0000             	0.0000             
44                 	2021-02-01 14:44:21	216.2000           	26.7800            	3.4000             	5.7898             	4.6874             	0.5870             	59.9900            	0.0000             	0.0000             	0.0000             
45                 	2021-02-01 14:44:23	216.2000           	23.6200            	3.0420             	5.1066             	4.1043             	0.5950             	59.9900            	0.0000             	0.0000             	0.0000             
46                 	2021-02-01 14:44:24	216.2000           	24.7700            	3.1610             	5.3553             	4.3239             	0.5900             	59.9900            	0.0000             	0.0000             	0.0000             
47                 	2021-02-01 14:44:25	216.2000           	23.8100            	3.0440             	5.1477             	4.1525             	0.5910             	59.9900            	0.0000             	0.0000             	0.0000             
48                 	2021-02-01 14:44:26	216.0000           	24.3700            	3.1080             	5.2639             	4.2501             	0.5900             	60.0000            	0.0000             	0.0000             	0.0000             
49                 	2021-02-01 14:44:27	216.2000           	40.6800            	4.9450             	8.7950             	7.2747             	0.5620             	59.9900            	0.0000             	0.0000             	0.0000             
50                 	2021-02-01 14:44:28	216.1000           	43.3100            	5.2800             	9.3593             	7.7287             	0.5640             	60.0100            	0.0000             	0.0000             	0.0000             
51                 	2021-02-01 14:44:29	216.1000           	48.4700            	5.8110             	10.4744            	8.7201             	0.5540             	60.0000            	0.0000             	0.0000             	0.0000             
52                 	2021-02-01 14:44:30	216.1000           	49.0100            	5.8540             	10.5911            	8.8313             	0.5520             	60.0000            	0.0000             	0.0000             	0.0000             
53                 	2021-02-01 14:44:32	216.1000           	48.5800            	5.8480             	10.4981            	8.7259             	0.5560             	60.0000            	0.0000             	0.0000             	0.0000             
54                 	2021-02-01 14:44:33	216.2000           	48.5400            	5.8310             	10.4943            	8.7297             	0.5550             	60.0100            	0.0000             	0.0000             	0.0000             
55                 	2021-02-01 14:44:34	216.4000           	48.6700            	5.8370             	10.5322            	8.7682             	0.5540             	60.0100            	0.0000             	0.0000             	0.0000             
56                 	2021-02-01 14:44:35	216.7000           	48.0500            	5.8040             	10.4124            	8.6477             	0.5570             	60.0100            	0.0000             	0.0000             	0.0000             
57                 	2021-02-01 14:44:36	216.7000           	48.2000            	5.8350             	10.4449            	8.6676             	0.5580             	60.0100            	0.0000             	0.0000             	0.0000             
58                 	2021-02-01 14:44:37	216.7000           	48.0500            	5.8220             	10.4124            	8.6407             	0.5580             	60.0200            	0.0000             	0.0000             	0.0000             
59                 	2021-02-01 14:44:38	216.7000           	48.1800            	5.8410             	10.4406            	8.6570             	0.5590             	60.0200            	0.0000             	0.0000             	0.0000             
60                 	2021-02-01 14:44:39	216.7000           	49.3200            	5.9440             	10.6876            	8.8905             	0.5550             	60.0200            	0.0000             	0.0000             	0.0000             
61                 	2021-02-01 14:44:40	216.4000           	48.6100            	5.8930             	10.5192            	8.7222             	0.5590             	60.0200            	0.0000             	0.0000             	0.0000             
62                 	2021-02-01 14:44:41	216.5000           	48.1400            	5.8320             	10.4223            	8.6418             	0.5590             	60.0200            	0.0000             	0.0000             	0.0000             
63                 	2021-02-01 14:44:43	216.4000           	48.2600            	5.8350             	10.4435            	8.6664             	0.5580             	60.0200            	0.0000             	0.0000             	0.0000             
64                 	2021-02-01 14:44:44	216.4000           	47.8000            	5.8200             	10.3439            	8.5558             	0.5620             	60.0300            	0.0000             	0.0000             	0.0000             
65                 	2021-02-01 14:44:45	216.2000           	48.1700            	5.8390             	10.4144            	8.6282             	0.5600             	60.0200            	0.0000             	0.0000             	0.0000             
66                 	2021-02-01 14:44:46	216.1000           	48.0500            	5.8250             	10.3836            	8.6027             	0.5600             	60.0200            	0.0000             	0.0000             	0.0000             
67                 	2021-02-01 14:44:47	216.2000           	48.2100            	5.8320             	10.4230            	8.6424             	0.5590             	60.0200            	0.0000             	0.0000             	0.0000             
68                 	2021-02-01 14:44:48	216.3000           	48.4500            	5.8650             	10.4797            	8.6895             	0.5590             	60.0200            	0.0000             	0.0000             	0.0000             
69                 	2021-02-01 14:44:49	216.3000           	48.3600            	5.8280             	10.4603            	8.6874             	0.5570             	60.0300            	0.0000             	0.0000             	0.0000             
70                 	2021-02-01 14:44:50	216.4000           	48.2900            	5.8400             	10.4500            	8.6718             	0.5580             	60.0300            	0.0000             	0.0000             	0.0000             
71                 	2021-02-01 14:44:51	216.3000           	48.1100            	5.8460             	10.4062            	8.6144             	0.5610             	60.0300            	0.0000             	0.0000             	0.0000             
72                 	2021-02-01 14:44:52	216.6000           	47.9000            	5.8340             	10.3751            	8.5817             	0.5620             	60.0300            	0.0000             	0.0000             	0.0000             
73                 	2021-02-01 14:44:54	216.4000           	49.6300            	5.9980             	10.7399            	8.9124             	0.5580             	60.0400            	0.0000             	0.0000             	0.0000             
74                 	2021-02-01 14:44:55	216.5000           	47.7800            	5.8300             	10.3444            	8.5492             	0.5630             	60.0400            	0.0000             	0.0000             	0.0000             
75                 	2021-02-01 14:44:56	216.4000           	48.3100            	5.8630             	10.4543            	8.6613             	0.5600             	60.0300            	0.0000             	0.0000             	0.0000             
76                 	2021-02-01 14:44:57	216.5000           	35.5900            	4.5300             	7.7052             	6.2381             	0.5870             	60.0300            	0.0000             	0.0000             	0.0000             
77                 	2021-02-01 14:44:58	216.3000           	29.1100            	3.6840             	6.2965             	5.1112             	0.5840             	60.0300            	0.0000             	0.0000             	0.0000             
78                 	2021-02-01 14:44:59	216.4000           	24.5400            	3.1530             	5.3105             	4.2760             	0.5930             	60.0300            	0.0000             	0.0000             	0.0000             
79                 	2021-02-01 14:45:00	216.4000           	27.9400            	3.5660             	6.0462             	4.8861             	0.5890             	60.0300            	0.0000             	0.0000             	0.0000             
80                 	2021-02-01 14:45:01	216.5000           	28.2500            	3.6000             	6.1161             	4.9471             	0.5880             	60.0300            	0.0000             	0.0000             	0.0000             
81                 	2021-02-01 14:45:03	216.2000           	24.4100            	3.1280             	5.2774             	4.2533             	0.5920             	60.0300            	0.0000             	0.0000             	0.0000             
82                 	2021-02-01 14:45:04	216.3000           	23.5500            	3.0390             	5.0939             	4.0903             	0.5960             	60.0200            	0.0000             	0.0000             	0.0000             
83                 	2021-02-01 14:45:05	216.2000           	24.5800            	3.1520             	5.3142             	4.2829             	0.5920             	60.0200            	0.0000             	0.0000             	0.0000             
84                 	2021-02-01 14:45:06	216.3000           	23.7400            	3.0650             	5.1350             	4.1233             	0.5960             	60.0200            	0.0000             	0.0000             	0.0000             
85                 	2021-02-01 14:45:07	216.4000           	23.5700            	3.0410             	5.1005             	4.0957             	0.5960             	60.0200            	0.0000             	0.0000             	0.0000             
86                 	2021-02-01 14:45:08	216.4000           	46.0400            	5.6040             	9.9631             	8.2408             	0.5620             	60.0200            	0.0000             	0.0000             	0.0000             
87                 	2021-02-01 14:45:09	216.4000           	44.4100            	5.4550             	9.6103             	7.9162             	0.5670             	60.0200            	0.0000             	0.0000             	0.0000             
88                 	2021-02-01 14:45:10	216.2000           	47.3000            	5.7730             	10.2263            	8.4446             	0.5640             	60.0200            	0.0000             	0.0000             	0.0000             
89                 	2021-02-01 14:45:11	216.1000           	47.1700            	5.7570             	10.1934            	8.4175             	0.5640             	60.0200            	0.0000             	0.0000             	0.0000             
90                 	2021-02-01 14:45:13	216.2000           	47.4400            	5.7980             	10.2565            	8.4626             	0.5650             	60.0200            	0.0000             	0.0000             	0.0000             
91                 	2021-02-01 14:45:14	216.2000           	47.8500            	5.8260             	10.3452            	8.5569             	0.5620             	60.0200            	0.0000             	0.0000             	0.0000             
92                 	2021-02-01 14:45:15	216.0000           	48.0500            	5.8280             	10.3788            	8.5917             	0.5610             	60.0100            	0.0000             	0.0000             	0.0000             
93                 	2021-02-01 14:45:16	216.0000           	47.7400            	5.8130             	10.3118            	8.5223             	0.5630             	60.0100            	0.0000             	0.0000             	0.0000             
94                 	2021-02-01 14:45:17	216.0000           	48.2500            	5.8770             	10.4220            	8.6133             	0.5630             	60.0100            	0.0000             	0.0000             	0.0000             
95                 	2021-02-01 14:45:18	215.7000           	48.0800            	5.8470             	10.3709            	8.5711             	0.5630             	60.0100            	0.0000             	0.0000             	0.0000             
96                 	2021-02-01 14:45:19	216.1000           	47.3400            	5.7640             	10.2302            	8.4548             	0.5630             	60.0100            	0.0000             	0.0000             	0.0000             
97                 	2021-02-01 14:45:20	216.1000           	48.4200            	5.8860             	10.4636            	8.6548             	0.5620             	60.0200            	0.0000             	0.0000             	0.0000             
98                 	2021-02-01 14:45:21	215.9000           	47.9500            	5.8370             	10.3524            	8.5558             	0.5630             	60.0100            	0.0000             	0.0000             	0.0000             
99                 	2021-02-01 14:45:23	216.0000           	47.9800            	5.8140             	10.3637            	8.5792             	0.5610             	60.0200            	0.0000             	0.0000             	0.0000             
100                	2021-02-01 14:45:24	215.7000           	47.9800            	5.8120             	10.3493            	8.5673             	0.5610             	60.0200            	0.0000             	0.0000             	0.0000             
101                	2021-02-01 14:45:25	215.9000           	47.0100            	5.7480             	10.1495            	8.3673             	0.5660             	60.0200            	0.0000             	0.0000             	0.0000             
102                	2021-02-01 14:45:26	215.9000           	47.8200            	5.8310             	10.3243            	8.5256             	0.5640             	60.0100            	0.0000             	0.0000             	0.0000             
103                	2021-02-01 14:45:27	215.8000           	48.2200            	5.8320             	10.4059            	8.6212             	0.5600             	60.0100            	0.0000             	0.0000             	0.0000             
104                	2021-02-01 14:45:28	215.6000           	48.0400            	5.8290             	10.3574            	8.5670             	0.5620             	60.0100            	0.0000             	0.0000             	0.0000             
105                	2021-02-01 14:45:29	215.9000           	47.7600            	5.8130             	10.3114            	8.5219             	0.5630             	60.0100            	0.0000             	0.0000             	0.0000             
106                	2021-02-01 14:45:30	215.8000           	47.7900            	5.7950             	10.3131            	8.5373             	0.5610             	60.0100            	0.0000             	0.0000             	0.0000             
107                	2021-02-01 14:45:31	215.6000           	47.4300            	5.7760             	10.2259            	8.4443             	0.5640             	60.0100            	0.0000             	0.0000             	0.0000             
108                	2021-02-01 14:45:32	215.6000           	47.3200            	5.8020             	10.2022            	8.3967             	0.5680             	60.0000            	0.0000             	0.0000             	0.0000             
109                	2021-02-01 14:45:33	215.7000           	47.9600            	5.8100             	10.3450            	8.5637             	0.5610             	60.0000            	0.0000             	0.0000             	0.0000             
110                	2021-02-01 14:45:35	215.7000           	48.1300            	5.8210             	10.3816            	8.6011             	0.5600             	60.0000            	0.0000             	0.0000             	0.0000             
111                	2021-02-01 14:45:36	215.5000           	47.0500            	5.7390             	10.1393            	8.3658             	0.5650             	60.0000            	0.0000             	0.0000             	0.0000             
112                	2021-02-01 14:45:37	215.8000           	48.0100            	5.8440             	10.3606            	8.5626             	0.5630             	59.9900            	0.0000             	0.0000             	0.0000             
113                	2021-02-01 14:45:38	215.6000           	35.2300            	4.5010             	7.5956             	6.1216             	0.5920             	60.0000            	0.0000             	0.0000             	0.0000             
114                	2021-02-01 14:45:39	215.7000           	24.5700            	3.1440             	5.2997             	4.2674             	0.5930             	60.0000            	0.0000             	0.0000             	0.0000             
115                	2021-02-01 14:45:40	215.7000           	23.6200            	3.0550             	5.0948             	4.0797             	0.5990             	60.0000            	0.0000             	0.0000             	0.0000             
116                	2021-02-01 14:45:41	215.8000           	24.7100            	3.1790             	5.3324             	4.2858             	0.5950             	60.0000            	0.0000             	0.0000             	0.0000             
117                	2021-02-01 14:45:42	215.8000           	25.9800            	3.3270             	5.6065             	4.5144             	0.5930             	60.0000            	0.0000             	0.0000             	0.0000             
118                	2021-02-01 14:45:43	215.9000           	23.6600            	3.0580             	5.1082             	4.0942             	0.5980             	60.0000            	0.0000             	0.0000             	0.0000             
119                	2021-02-01 14:45:44	215.8000           	24.6700            	3.1680             	5.3238             	4.2789             	0.5950             	60.0000            	0.0000             	0.0000             	0.0000             
120                	2021-02-01 14:45:45	215.7000           	23.8000            	3.0620             	5.1337             	4.1222             	0.5960             	59.9800            	0.0000             	0.0000             	0.0000             
121                	2021-02-01 14:45:47	215.8000           	23.7100            	3.0460             	5.1166             	4.1124             	0.5950             	59.9900            	0.0000             	0.0000             	0.0000             
122                	2021-02-01 14:45:48	215.7000           	24.5900            	3.1580             	5.3041             	4.2630             	0.5950             	60.0000            	0.0000             	0.0000             	0.0000             
123                	2021-02-01 14:45:49	215.6000           	47.0200            	5.6600             	10.1375            	8.4125             	0.5580             	60.0000            	0.0000             	0.0000             	0.0000             
124                	2021-02-01 14:45:50	215.8000           	41.0300            	5.1030             	8.8543             	7.2379             	0.5760             	60.0000            	0.0000             	0.0000             	0.0000             
125                	2021-02-01 14:45:51	215.8000           	48.3800            	5.8210             	10.4404            	8.6709             	0.5570             	60.0000            	0.0000             	0.0000             	0.0000             
126                	2021-02-01 14:45:52	215.6000           	48.2400            	5.8330             	10.4005            	8.6168             	0.5600             	60.0000            	0.0000             	0.0000             	0.0000             
127                	2021-02-01 14:45:53	215.7000           	47.8200            	5.7840             	10.3148            	8.5457             	0.5600             	59.9900            	0.0000             	0.0000             	0.0000             
128                	2021-02-01 14:45:54	215.7000           	48.3500            	5.8710             	10.4291            	8.6263             	0.5620             	59.9900            	0.0000             	0.0000             	0.0000             
129                	2021-02-01 14:45:55	216.0000           	48.2200            	5.8500             	10.4155            	8.6221             	0.5610             	60.0000            	0.0000             	0.0000             	0.0000             
130                	2021-02-01 14:45:56	216.0000           	47.8800            	5.8470             	10.3421            	8.5332             	0.5650             	60.0000            	0.0000             	0.0000             	0.0000             
131                	2021-02-01 14:45:57	216.0000           	48.7900            	5.9090             	10.5386            	8.7312             	0.5600             	60.0000            	0.0000             	0.0000             	0.0000             
132                	2021-02-01 14:45:59	215.9000           	47.9300            	5.8450             	10.3481            	8.5452             	0.5640             	60.0200            	0.0000             	0.0000             	0.0000             
133                	2021-02-01 14:46:00	215.9000           	47.9700            	5.8470             	10.3567            	8.5523             	0.5640             	60.0000            	0.0000             	0.0000             	0.0000             
134                	2021-02-01 14:46:01	215.8000           	48.2400            	5.8460             	10.4102            	8.6177             	0.5610             	60.0000            	0.0000             	0.0000             	0.0000             
135                	2021-02-01 14:46:02	215.7000           	48.0600            	5.8410             	10.3665            	8.5675             	0.5630             	59.9900            	0.0000             	0.0000             	0.0000             
136                	2021-02-01 14:46:03	215.6000           	48.0000            	5.8050             	10.3488            	8.5739             	0.5600             	59.9900            	0.0000             	0.0000             	0.0000             
137                	2021-02-01 14:46:04	215.9000           	48.1500            	5.8490             	10.3956            	8.5986             	0.5620             	59.9900            	0.0000             	0.0000             	0.0000             
138                	2021-02-01 14:46:05	215.8000           	48.3600            	5.8650             	10.4361            	8.6392             	0.5610             	59.9900            	0.0000             	0.0000             	0.0000             
139                	2021-02-01 14:46:06	215.9000           	48.0000            	5.8480             	10.3632            	8.5577             	0.5640             	59.9900            	0.0000             	0.0000             	0.0000             
140                	2021-02-01 14:46:08	216.0000           	47.4800            	5.7790             	10.2557            	8.4759             	0.5630             	59.9900            	0.0000             	0.0000             	0.0000             
141                	2021-02-01 14:46:09	216.0000           	48.1300            	5.8620             	10.3961            	8.5919             	0.5630             	59.9900            	0.0000             	0.0000             	0.0000             
142                	2021-02-01 14:46:10	215.9000           	48.4500            	5.8600             	10.4604            	8.6734             	0.5590             	59.9900            	0.0000             	0.0000             	0.0000             
143                	2021-02-01 14:46:11	215.8000           	48.2900            	5.8440             	10.4210            	8.6337             	0.5600             	59.9900            	0.0000             	0.0000             	0.0000             
144                	2021-02-01 14:46:12	215.8000           	48.1800            	5.8510             	10.3972            	8.5999             	0.5620             	59.9900            	0.0000             	0.0000             	0.0000             
145                	2021-02-01 14:46:13	216.0000           	48.5600            	5.8510             	10.4890            	8.7112             	0.5570             	59.9900            	0.0000             	0.0000             	0.0000             
146                	2021-02-01 14:46:14	215.9000           	48.4100            	5.8600             	10.4517            	8.6592             	0.5600             	59.9900            	0.0000             	0.0000             	0.0000             
147                	2021-02-01 14:46:15	215.6000           	48.1800            	5.8560             	10.3876            	8.5849             	0.5630             	60.0000            	0.0000             	0.0000             	0.0000             
148                	2021-02-01 14:46:17	215.7000           	48.5100            	5.8610             	10.4636            	8.6690             	0.5600             	60.0000            	0.0000             	0.0000             	0.0000             
149                	2021-02-01 14:46:18	215.8000           	48.4100            	5.8580             	10.4469            	8.6552             	0.5600             	60.0000            	0.0000             	0.0000             	0.0000             
150                	2021-02-01 14:46:19	215.9000           	35.6200            	4.5290             	7.6904             	6.2204             	0.5880             	60.0100            	0.0000             	0.0000             	0.0000             
151                	2021-02-01 14:46:20	215.8000           	29.3400            	3.7210             	6.3316             	5.1260             	0.5870             	60.0000            	0.0000             	0.0000             	0.0000             
152                	2021-02-01 14:46:21	215.7000           	24.8000            	3.1770             	5.3494             	4.3073             	0.5930             	59.9900            	0.0000             	0.0000             	0.0000             
153                	2021-02-01 14:46:22	215.7000           	29.3700            	3.7440             	6.3351             	5.1150             	0.5900             	59.9900            	0.0000             	0.0000             	0.0000             
154                	2021-02-01 14:46:23	215.7000           	24.1500            	3.1180             	5.2092             	4.1751             	0.5980             	59.9800            	0.0000             	0.0000             	0.0000             
155                	2021-02-01 14:46:24	215.7000           	24.3800            	3.1370             	5.2588             	4.2227             	0.5960             	59.9800            	0.0000             	0.0000             	0.0000             
156                	2021-02-01 14:46:26	216.1000           	23.6500            	3.0620             	5.1108             	4.0924             	0.5990             	59.9900            	0.0000             	0.0000             	0.0000             
157                	2021-02-01 14:46:27	216.1000           	24.6900            	3.1660             	5.3355             	4.2962             	0.5930             	59.9900            	0.0000             	0.0000             	0.0000             
158                	2021-02-01 14:46:28	216.0000           	23.9800            	3.0890             	5.1797             	4.1592             	0.5960             	59.9900            	0.0000             	0.0000             	0.0000             
159                	2021-02-01 14:46:29	216.1000           	23.6200            	3.0620             	5.1043             	4.0872             	0.5990             	59.9900            	0.0000             	0.0000             	0.0000             
160                	2021-02-01 14:46:30	216.3000           	44.2700            	5.4440             	9.5756             	7.8810             	0.5680             	59.9900            	0.0000             	0.0000             	0.0000             
161                	2021-02-01 14:46:31	216.2000           	45.3400            	5.5850             	9.8025             	8.0610             	0.5690             	60.0000            	0.0000             	0.0000             	0.0000             
162                	2021-02-01 14:46:32	215.9000           	49.3500            	5.9830             	10.6547            	8.8201             	0.5610             	59.9900            	0.0000             	0.0000             	0.0000             
163                	2021-02-01 14:46:33	216.0000           	48.7900            	5.9430             	10.5386            	8.7097             	0.5630             	60.0000            	0.0000             	0.0000             	0.0000             
164                	2021-02-01 14:46:34	216.1000           	48.1500            	5.8650             	10.4052            	8.5995             	0.5630             	60.0000            	0.0000             	0.0000             	0.0000             
165                	2021-02-01 14:46:35	216.1000           	48.0300            	5.8630             	10.3793            	8.5710             	0.5640             	60.0100            	0.0000             	0.0000             	0.0000             
166                	2021-02-01 14:46:36	216.1000           	47.8300            	5.8520             	10.3361            	8.5211             	0.5660             	60.0100            	0.0000             	0.0000             	0.0000             
167                	2021-02-01 14:46:37	216.3000           	47.7300            	5.8160             	10.3240            	8.5323             	0.5630             	60.0100            	0.0000             	0.0000             	0.0000             
168                	2021-02-01 14:46:39	216.2000           	48.1500            	5.8280             	10.4100            	8.6317             	0.5590             	60.0100            	0.0000             	0.0000             	0.0000             
169                	2021-02-01 14:46:40	216.1000           	48.6400            	5.8660             	10.5111            	8.7296             	0.5570             	60.0100            	0.0000             	0.0000             	0.0000             
170                	2021-02-01 14:46:41	216.3000           	47.8600            	5.7900             	10.3521            	8.6114             	0.5550             	60.0100            	0.0000             	0.0000             	0.0000             
171                	2021-02-01 14:46:42	216.2000           	49.1500            	5.9040             	10.6262            	8.8394             	0.5550             	60.0200            	0.0000             	0.0000             	0.0000             
172                	2021-02-01 14:46:43	216.0000           	48.8400            	5.8760             	10.5494            	8.7685             	0.5560             	60.0000            	0.0000             	0.0000             	0.0000             
173                	2021-02-01 14:46:44	216.2000           	48.5000            	5.8770             	10.4857            	8.6873             	0.5600             	60.0000            	0.0000             	0.0000             	0.0000             
174                	2021-02-01 14:46:45	216.0000           	48.1500            	5.8510             	10.4004            	8.6026             	0.5620             	60.0000            	0.0000             	0.0000             	0.0000             
175                	2021-02-01 14:46:46	216.3000           	48.6500            	5.8840             	10.5230            	8.7253             	0.5590             	60.0000            	0.0000             	0.0000             	0.0000             
176                	2021-02-01 14:46:48	216.2000           	48.4200            	5.8880             	10.4684            	8.6588             	0.5620             	60.0100            	0.0000             	0.0000             	0.0000             
177                	2021-02-01 14:46:49	216.2000           	48.3100            	5.8650             	10.4446            	8.6462             	0.5610             	60.0100            	0.0000             	0.0000             	0.0000             
178                	2021-02-01 14:46:50	216.1000           	49.3000            	5.9590             	10.6537            	8.8337             	0.5590             	60.0100            	0.0000             	0.0000             	0.0000             
179                	2021-02-01 14:46:51	216.1000           	48.3600            	5.8810             	10.4506            	8.6441             	0.5620             	60.0100            	0.0000             	0.0000             	0.0000             
180                	2021-02-01 14:46:52	216.0000           	48.8500            	5.9410             	10.5516            	8.7276             	0.5620             	60.0100            	0.0000             	0.0000             	0.0000             
181                	2021-02-01 14:46:53	216.0000           	48.4300            	5.8900             	10.4609            	8.6526             	0.5620             	60.0000            	0.0000             	0.0000             	0.0000             
182                	2021-02-01 14:46:54	216.0000           	47.6800            	5.8040             	10.2989            	8.5116             	0.5630             	60.0000            	0.0000             	0.0000             	0.0000             
183                	2021-02-01 14:46:55	216.1000           	49.1700            	5.9530             	10.6256            	8.8033             	0.5600             	60.0100            	0.0000             	0.0000             	0.0000             
184                	2021-02-01 14:46:56	216.2000           	47.5600            	5.7990             	10.2825            	8.4980             	0.5630             	60.0100            	0.0000             	0.0000             	0.0000             
185                	2021-02-01 14:46:57	216.0000           	48.5700            	5.9270             	10.4911            	8.6633             	0.5640             	60.0100            	0.0000             	0.0000             	0.0000             
186                	2021-02-01 14:46:59	216.2000           	48.5500            	5.8880             	10.4965            	8.6963             	0.5600             	60.0300            	0.0000             	0.0000             	0.0000             
187                	2021-02-01 14:47:00	216.1000           	36.9400            	4.6920             	7.9827             	6.4627             	0.5870             	60.0100            	0.0000             	0.0000             	0.0000             
188                	2021-02-01 14:47:01	215.9000           	25.1100            	3.1980             	5.4212             	4.3811             	0.5890             	60.0000            	0.0000             	0.0000             	0.0000             
189                	2021-02-01 14:47:02	215.9000           	24.8700            	3.1790             	5.3694             	4.3314             	0.5910             	60.0100            	0.0000             	0.0000             	0.0000             
190                	2021-02-01 14:47:03	215.9000           	25.7800            	3.2870             	5.5659             	4.4939             	0.5900             	60.0100            	0.0000             	0.0000             	0.0000             
191                	2021-02-01 14:47:04	215.9000           	27.2100            	3.4500             	5.8746             	4.7603             	0.5860             	60.0100            	0.0000             	0.0000             	0.0000             
192                	2021-02-01 14:47:05	215.8000           	25.0000            	3.1820             	5.3950             	4.3599             	0.5890             	60.0000            	0.0000             	0.0000             	0.0000             
193                	2021-02-01 14:47:06	216.0000           	24.0900            	3.0720             	5.2034             	4.2013             	0.5900             	60.0000            	0.0000             	0.0000             	0.0000             
194                	2021-02-01 14:47:07	215.9000           	24.2500            	3.0690             	5.2356             	4.2462             	0.5850             	60.0000            	0.0000             	0.0000             	0.0000             
195                	2021-02-01 14:47:08	216.1000           	24.3200            	3.0840             	5.2556             	4.2586             	0.5860             	60.0100            	0.0000             	0.0000             	0.0000             
196                	2021-02-01 14:47:10	216.1000           	24.1400            	3.0870             	5.2167             	4.2081             	0.5910             	60.0100            	0.0000             	0.0000             	0.0000             
197                	2021-02-01 14:47:11	216.1000           	44.8200            	5.4690             	9.6856             	7.9981             	0.5640             	60.0100            	0.0000             	0.0000             	0.0000             
198                	2021-02-01 14:47:12	215.9000           	48.4100            	5.8530             	10.4517            	8.6662             	0.5590             	60.0100            	0.0000             	0.0000             	0.0000             
199                	2021-02-01 14:47:13	215.9000           	48.8800            	5.8900             	10.5532            	8.7646             	0.5570             	60.0100            	0.0000             	0.0000             	0.0000             
200                	2021-02-01 14:47:14	215.9000           	48.9200            	5.9170             	10.5618            	8.7504             	0.5600             	60.0100            	0.0000             	0.0000             	0.0000             
201                	2021-02-01 14:47:15	215.8000           	48.9500            	5.8930             	10.5634            	8.7730             	0.5570             	60.0100            	0.0000             	0.0000             	0.0000             
202                	2021-02-01 14:47:16	216.0000           	48.6600            	5.9070             	10.5106            	8.7008             	0.5610             	60.0100            	0.0000             	0.0000             	0.0000             
203                	2021-02-01 14:47:17	215.9000           	48.7300            	5.9120             	10.5208            	8.7093             	0.5610             	60.0100            	0.0000             	0.0000             	0.0000             
204                	2021-02-01 14:47:19	216.0000           	49.2500            	5.9430             	10.6380            	8.8278             	0.5580             	60.0100            	0.0000             	0.0000             	0.0000             
205                	2021-02-01 14:47:20	215.9000           	48.9100            	5.8980             	10.5597            	8.7628             	0.5580             	60.0100            	0.0000             	0.0000             	0.0000             
206                	2021-02-01 14:47:21	216.0000           	48.8100            	5.9130             	10.5430            	8.7348             	0.5600             	60.0000            	0.0000             	0.0000             	0.0000             
207                	2021-02-01 14:47:22	215.8000           	48.7900            	5.9070             	10.5289            	8.7231             	0.5600             	60.0000            	0.0000             	0.0000             	0.0000             
208                	2021-02-01 14:47:23	215.9000           	48.4900            	5.9060             	10.4690            	8.6450             	0.5640             	59.9900            	0.0000             	0.0000             	0.0000             
209                	2021-02-01 14:47:24	215.8000           	48.9200            	5.9060             	10.5569            	8.7535             	0.5590             	60.0000            	0.0000             	0.0000             	0.0000             
210                	2021-02-01 14:47:25	215.9000           	49.7600            	5.9950             	10.7432            	8.9223             	0.5570             	60.0000            	0.0000             	0.0000             	0.0000             
211                	2021-02-01 14:47:27	216.0000           	49.0600            	5.9160             	10.5970            	8.7938             	0.5580             	59.9900            	0.0000             	0.0000             	0.0000             
212                	2021-02-01 14:47:28	216.0000           	47.9600            	5.8320             	10.3594            	8.5686             	0.5620             	59.9900            	0.0000             	0.0000             	0.0000             
213                	2021-02-01 14:47:29	216.1000           	49.8200            	6.0140             	10.7661            	8.9342             	0.5580             	60.0000            	0.0000             	0.0000             	0.0000             
214                	2021-02-01 14:47:30	216.2000           	48.8200            	5.9110             	10.5549            	8.7518             	0.5590             	60.0000            	0.0000             	0.0000             	0.0000             
215                	2021-02-01 14:47:31	216.0000           	48.7600            	5.9040             	10.5322            	8.7258             	0.5600             	59.9900            	0.0000             	0.0000             	0.0000             
216                	2021-02-01 14:47:32	215.9000           	47.9800            	5.8390             	10.3589            	8.5612             	0.5630             	59.9900            	0.0000             	0.0000             	0.0000             
217                	2021-02-01 14:47:33	215.8000           	48.7700            	5.9240             	10.5246            	8.7053             	0.5620             	60.0000            	0.0000             	0.0000             	0.0000             
218                	2021-02-01 14:47:34	215.9000           	48.9700            	5.9360             	10.5726            	8.7522             	0.5610             	60.0000            	0.0000             	0.0000             	0.0000             
219                	2021-02-01 14:47:35	215.9000           	48.6300            	5.9120             	10.4992            	8.6843             	0.5620             	60.0200            	0.0000             	0.0000             	0.0000             
220                	2021-02-01 14:47:36	215.8000           	48.9600            	5.9190             	10.5656            	8.7535             	0.5600             	60.0200            	0.0000             	0.0000             	0.0000             
221                	2021-02-01 14:47:38	216.1000           	48.7100            	5.9180             	10.5262            	8.7066             	0.5620             	60.0000            	0.0000             	0.0000             	0.0000             
222                	2021-02-01 14:47:39	215.8000           	48.6700            	5.9140             	10.5030            	8.6803             	0.5630             	60.0000            	0.0000             	0.0000             	0.0000             
223                	2021-02-01 14:47:40	216.0000           	40.8700            	5.0840             	8.8279             	7.2226             	0.5750             	60.0000            	0.0000             	0.0000             	0.0000             
224                	2021-02-01 14:47:41	216.1000           	27.6300            	3.5350             	5.9708             	4.8165             	0.5910             	59.9900            	0.0000             	0.0000             	0.0000             
225                	2021-02-01 14:47:42	216.0000           	24.7000            	3.1780             	5.3352             	4.2880             	0.5950             	60.0000            	0.0000             	0.0000             	0.0000             
226                	2021-02-01 14:47:43	215.9000           	24.9400            	3.1950             	5.3845             	4.3356             	0.5930             	60.0000            	0.0000             	0.0000             	0.0000             
227                	2021-02-01 14:47:44	216.1000           	23.8400            	3.0770             	5.1518             	4.1368             	0.5960             	60.0000            	0.0000             	0.0000             	0.0000             
228                	2021-02-01 14:47:45	216.0000           	24.5600            	3.1670             	5.3050             	4.2598             	0.5960             	60.0000            	0.0000             	0.0000             	0.0000             
229                	2021-02-01 14:47:46	216.1000           	24.8400            	3.1760             	5.3679             	4.3302             	0.5910             	60.0000            	0.0000             	0.0000             	0.0000             
230                	2021-02-01 14:47:48	216.2000           	23.9400            	3.0890             	5.1758             	4.1561             	0.5960             	60.0100            	0.0000             	0.0000             	0.0000             
231                	2021-02-01 14:47:49	215.8000           	24.8900            	3.1910             	5.3713             	4.3250             	0.5930             	60.0000            	0.0000             	0.0000             	0.0000             
232                	2021-02-01 14:47:50	216.1000           	23.9200            	3.0910             	5.1691             	4.1469             	0.5970             	60.0000            	0.0000             	0.0000             	0.0000             
233                	2021-02-01 14:47:51	216.0000           	44.9700            	5.5020             	9.7135             	8.0079             	0.5660             	60.0000            	0.0000             	0.0000             	0.0000             
234                	2021-02-01 14:47:52	216.1000           	45.8400            	5.6280             	9.9060             	8.1598             	0.5670             	60.0000            	0.0000             	0.0000             	0.0000             
235                	2021-02-01 14:47:53	216.1000           	48.3000            	5.8870             	10.4376            	8.6263             	0.5630             	60.0000            	0.0000             	0.0000             	0.0000             
236                	2021-02-01 14:47:54	215.8000           	48.2600            	5.8660             	10.4145            	8.6071             	0.5630             	60.0000            	0.0000             	0.0000             	0.0000             
237                	2021-02-01 14:47:55	215.5000           	47.9700            	5.8300             	10.3375            	8.5435             	0.5630             	60.0000            	0.0000             	0.0000             	0.0000             
238                	2021-02-01 14:47:56	215.6000           	48.9300            	5.9080             	10.5493            	8.7471             	0.5590             	60.0000            	0.0000             	0.0000             	0.0000             
239                	2021-02-01 14:47:57	215.5000           	49.0300            	5.9160             	10.5660            	8.7610             	0.5590             	60.0000            	0.0000             	0.0000             	0.0000             
240                	2021-02-01 14:47:58	215.6000           	49.7800            	5.9860             	10.7326            	8.9135             	0.5570             	60.0000            	0.0000             	0.0000             	0.0000             
241                	2021-02-01 14:47:59	215.5000           	50.0900            	6.0440             	10.7944            	8.9504             	0.5590             	59.9900            	0.0000             	0.0000             	0.0000             
242                	2021-02-01 14:48:00	215.4000           	49.1300            	5.9200             	10.5826            	8.7748             	0.5590             	59.9900            	0.0000             	0.0000             	0.0000             
243                	2021-02-01 14:48:01	215.4000           	48.7500            	5.9170             	10.5008            	8.6784             	0.5630             	59.9900            	0.0000             	0.0000             	0.0000             
244                	2021-02-01 14:48:03	215.4000           	48.1600            	5.8300             	10.3737            	8.5875             	0.5610             	60.0000            	0.0000             	0.0000             	0.0000             
245                	2021-02-01 14:48:04	215.9000           	48.8700            	5.9290             	10.5510            	8.7343             	0.5610             	60.0000            	0.0000             	0.0000             	0.0000             
246                	2021-02-01 14:48:05	215.7000           	47.8900            	5.8380             	10.3299            	8.5231             	0.5650             	60.0000            	0.0000             	0.0000             	0.0000             
247                	2021-02-01 14:48:06	215.6000           	48.5500            	5.9170             	10.4674            	8.6365             	0.5650             	60.0000            	0.0000             	0.0000             	0.0000             
248                	2021-02-01 14:48:07	215.4000           	48.8400            	5.9340             	10.5201            	8.6944             	0.5630             	59.9900            	0.0000             	0.0000             	0.0000             
249                	2021-02-01 14:48:08	215.7000           	49.0400            	5.9340             	10.5779            	8.7637             	0.5600             	59.9900            	0.0000             	0.0000             	0.0000             
250                	2021-02-01 14:48:09	215.7000           	48.4800            	5.9340             	10.4571            	8.6137             	0.5670             	59.9900            	0.0000             	0.0000             	0.0000             
251                	2021-02-01 14:48:10	215.7000           	48.7800            	5.9440             	10.5218            	8.6887             	0.5640             	59.9900            	0.0000             	0.0000             	0.0000             
252                	2021-02-01 14:48:11	215.8000           	48.7600            	5.9680             	10.5224            	8.6675             	0.5670             	60.0000            	0.0000             	0.0000             	0.0000             
253                	2021-02-01 14:48:12	215.7000           	48.5900            	5.9080             	10.4809            	8.6620             	0.5630             	60.0000            	0.0000             	0.0000             	0.0000             
254                	2021-02-01 14:48:14	215.7000           	48.7900            	5.9380             	10.5240            	8.6905             	0.5640             	60.0100            	0.0000             	0.0000             	0.0000             
255                	2021-02-01 14:48:15	215.8000           	49.0000            	5.9380             	10.5742            	8.7535             	0.5610             	60.0100            	0.0000             	0.0000             	0.0000             
256                	2021-02-01 14:48:16	215.9000           	48.3800            	5.9290             	10.4452            	8.6039             	0.5670             	60.0100            	0.0000             	0.0000             	0.0000             
257                	2021-02-01 14:48:17	215.9000           	48.8400            	5.9320             	10.5446            	8.7218             	0.5620             	60.0200            	0.0000             	0.0000             	0.0000             
258                	2021-02-01 14:48:18	215.7000           	49.2400            	5.9880             	10.6211            	8.7779             	0.5630             	60.0100            	0.0000             	0.0000             	0.0000             
259                	2021-02-01 14:48:19	215.8000           	47.7000            	5.8380             	10.2937            	8.4861             	0.5660             	60.0100            	0.0000             	0.0000             	0.0000             
260                	2021-02-01 14:48:20	215.8000           	49.5600            	6.0450             	10.6950            	8.8244             	0.5650             	60.0200            	0.0000             	0.0000             	0.0000             
261                	2021-02-01 14:48:21	215.8000           	26.1000            	3.3810             	5.6324             	4.5059             	0.6000             	60.0200            	0.0000             	0.0000             	0.0000             
262                	2021-02-01 14:48:22	215.7000           	23.9100            	3.0950             	5.1574             	4.1298             	0.5990             	60.0200            	0.0000             	0.0000             	0.0000             
263                	2021-02-01 14:48:23	215.4000           	23.7300            	3.0760             	5.1114             	4.0853             	0.6010             	60.0300            	0.0000             	0.0000             	0.0000             
264                	2021-02-01 14:48:24	215.6000           	23.8900            	3.0910             	5.1507             	4.1244             	0.5990             	60.0300            	0.0000             	0.0000             	0.0000             
265                	2021-02-01 14:48:26	215.6000           	25.0700            	3.1960             	5.4051             	4.3601             	0.5910             	60.0200            	0.0000             	0.0000             	0.0000             
266                	2021-02-01 14:48:27	215.6000           	24.9200            	3.1760             	5.3728             	4.3340             	0.5910             	60.0200            	0.0000             	0.0000             	0.0000             
267                	2021-02-01 14:48:28	215.5000           	24.7000            	3.1630             	5.3228             	4.2820             	0.5940             	60.0200            	0.0000             	0.0000             	0.0000             
268                	2021-02-01 14:48:29	215.2000           	25.0400            	3.1910             	5.3886             	4.3429             	0.5920             	60.0300            	0.0000             	0.0000             	0.0000             
269                	2021-02-01 14:48:30	215.2000           	24.8100            	3.1910             	5.3391             	4.2833             	0.5970             	60.0300            	0.0000             	0.0000             	0.0000             
270                	2021-02-01 14:48:31	215.3000           	25.2800            	3.2140             	5.4428             	4.3945             	0.5900             	60.0300            	0.0000             	0.0000             	0.0000             
271                	2021-02-01 14:48:32	215.2000           	40.8200            	5.1170             	8.7845             	7.1434             	0.5820             	60.0200            	0.0000             	0.0000             	0.0000             
272                	2021-02-01 14:48:33	215.1000           	48.5000            	5.8930             	10.4323            	8.6148             	0.5640             	60.0200            	0.0000             	0.0000             	0.0000             
273                	2021-02-01 14:48:34	215.3000           	48.9100            	5.9240             	10.5303            	8.7100             	0.5620             	60.0200            	0.0000             	0.0000             	0.0000             
274                	2021-02-01 14:48:36	215.1000           	48.8900            	5.9230             	10.5162            	8.6912             	0.5630             	60.0200            	0.0000             	0.0000             	0.0000             
275                	2021-02-01 14:48:37	215.2000           	48.0900            	5.8440             	10.3490            	8.5459             	0.5640             	60.0200            	0.0000             	0.0000             	0.0000             
276                	2021-02-01 14:48:38	215.2000           	49.5100            	5.9910             	10.6546            	8.8128             	0.5620             	60.0200            	0.0000             	0.0000             	0.0000             
277                	2021-02-01 14:48:39	215.3000           	49.7700            	5.9940             	10.7155            	8.8849             	0.5590             	60.0200            	0.0000             	0.0000             	0.0000             
278                	2021-02-01 14:48:40	215.3000           	50.2700            	6.0320             	10.8231            	8.9887             	0.5570             	60.0200            	0.0000             	0.0000             	0.0000             
279                	2021-02-01 14:48:41	215.3000           	49.1000            	5.9480             	10.5712            	8.7439             	0.5620             	60.0200            	0.0000             	0.0000             	0.0000             
280                	2021-02-01 14:48:42	215.5000           	48.9400            	5.9490             	10.5466            	8.7163             	0.5630             	60.0200            	0.0000             	0.0000             	0.0000             
281                	2021-02-01 14:48:43	215.5000           	49.6700            	6.0130             	10.7039            	8.8608             	0.5610             	60.0200            	0.0000             	0.0000             	0.0000             
282                	2021-02-01 14:48:44	215.4000           	49.0300            	5.9540             	10.5611            	8.7283             	0.5630             	60.0200            	0.0000             	0.0000             	0.0000             
283                	2021-02-01 14:48:46	215.4000           	48.9500            	5.9530             	10.5438            	8.7068             	0.5640             	60.0200            	0.0000             	0.0000             	0.0000             
284                	2021-02-01 14:48:47	215.3000           	47.8500            	5.8460             	10.3021            	8.4860             	0.5670             	60.0100            	0.0000             	0.0000             	0.0000             
285                	2021-02-01 14:48:48	215.3000           	48.6200            	5.9410             	10.4679            	8.6226             	0.5670             	60.0100            	0.0000             	0.0000             	0.0000             
286                	2021-02-01 14:48:49	215.4000           	48.6200            	5.9360             	10.4727            	8.6338             	0.5660             	60.0100            	0.0000             	0.0000             	0.0000             
287                	2021-02-01 14:48:50	215.6000           	49.0300            	5.9580             	10.5709            	8.7364             	0.5630             	60.0000            	0.0000             	0.0000             	0.0000             
288                	2021-02-01 14:48:51	215.6000           	49.3400            	5.9840             	10.6377            	8.7988             	0.5620             	60.0000            	0.0000             	0.0000             	0.0000             
289                	2021-02-01 14:48:52	215.8000           	49.5000            	5.9940             	10.6821            	8.8428             	0.5610             	60.0000            	0.0000             	0.0000             	0.0000             
290                	2021-02-01 14:48:53	215.6000           	48.7900            	5.9400             	10.5191            	8.6864             	0.5640             	60.0000            	0.0000             	0.0000             	0.0000             
291                	2021-02-01 14:48:54	215.6000           	48.8600            	5.9430             	10.5342            	8.7061             	0.5630             	60.0000            	0.0000             	0.0000             	0.0000             
292                	2021-02-01 14:48:56	216.0000           	48.6100            	5.9350             	10.4998            	8.6633             	0.5650             	60.0000            	0.0000             	0.0000             	0.0000             
293                	2021-02-01 14:48:57	216.0000           	48.7200            	5.9420             	10.5235            	8.6901             	0.5640             	60.0000            	0.0000             	0.0000             	0.0000             
294                	2021-02-01 14:48:58	216.1000           	48.7900            	5.9460             	10.5435            	8.7138             	0.5630             	60.0000            	0.0000             	0.0000             	0.0000             
295                	2021-02-01 14:48:59	216.2000           	49.4300            	6.0270             	10.6868            	8.8322             	0.5630             	60.0000            	0.0000             	0.0000             	0.0000             
296                	2021-02-01 14:49:00	216.2000           	48.6800            	5.9380             	10.5246            	8.6910             	0.5640             	60.0000            	0.0000             	0.0000             	0.0000             
297                	2021-02-01 14:49:01	216.1000           	35.7300            	4.5730             	7.7213             	6.2229             	0.5920             	60.0000            	0.0000             	0.0000             	0.0000             
298                	2021-02-01 14:49:02	216.1000           	29.0500            	3.7310             	6.2777             	5.0502             	0.5940             	60.0100            	0.0000             	0.0000             	0.0000             
299                	2021-02-01 14:49:03	216.1000           	23.8400            	3.1020             	5.1518             	4.1176             	0.6010             	60.0100            	0.0000             	0.0000             	0.0000             
300                	2021-02-01 14:49:05	216.0000           	25.8600            	3.3340             	5.5858             	4.4853             	0.5960             	60.0100            	0.0000             	0.0000             	0.0000             
301                	2021-02-01 14:49:06	216.0000           	24.8400            	3.2080             	5.3654             	4.3044             	0.5970             	60.0300            	0.0000             	0.0000             	0.0000             
302                	2021-02-01 14:49:07	215.9000           	25.0100            	3.1960             	5.3997             	4.3558             	0.5910             	60.0200            	0.0000             	0.0000             	0.0000             
303                	2021-02-01 14:49:08	215.8000           	24.8300            	3.1910             	5.3583             	4.3066             	0.5950             	60.0200            	0.0000             	0.0000             	0.0000             
304                	2021-02-01 14:49:09	215.8000           	23.8400            	3.0880             	5.1447             	4.1196             	0.5990             	60.0100            	0.0000             	0.0000             	0.0000             
305                	2021-02-01 14:49:10	216.1000           	24.0100            	3.1020             	5.1886             	4.1625             	0.5970             	60.0200            	0.0000             	0.0000             	0.0000             
306                	2021-02-01 14:49:11	216.0000           	24.0500            	3.0990             	5.1948             	4.1713             	0.5960             	60.0200            	0.0000             	0.0000             	0.0000             
307                	2021-02-01 14:49:12	216.1000           	44.0500            	5.3440             	9.5192             	7.8801             	0.5610             	60.0200            	0.0000             	0.0000             	0.0000             
308                	2021-02-01 14:49:13	216.0000           	44.3900            	5.4480             	9.5882             	7.8980             	0.5670             	60.0200            	0.0000             	0.0000             	0.0000             
309                	2021-02-01 14:49:14	215.8000           	48.9000            	5.9230             	10.5526            	8.7428             	0.5600             	60.0200            	0.0000             	0.0000             	0.0000             
310                	2021-02-01 14:49:16	215.9000           	49.2100            	5.9770             	10.6244            	8.8094             	0.5590             	60.0200            	0.0000             	0.0000             	0.0000             
311                	2021-02-01 14:49:17	216.0000           	49.1700            	5.9520             	10.6207            	8.7992             	0.5600             	60.0200            	0.0000             	0.0000             	0.0000             
312                	2021-02-01 14:49:18	216.0000           	48.6900            	5.9470             	10.5170            	8.6775             	0.5650             	60.0200            	0.0000             	0.0000             	0.0000             
313                	2021-02-01 14:49:19	216.0000           	48.8200            	5.9270             	10.5451            	8.7294             	0.5610             	60.0200            	0.0000             	0.0000             	0.0000             
314                	2021-02-01 14:49:20	216.0000           	48.6400            	5.9390             	10.5062            	8.6686             	0.5650             	60.0200            	0.0000             	0.0000             	0.0000             
315                	2021-02-01 14:49:21	215.7000           	49.5700            	6.0260             	10.6922            	8.8367             	0.5630             	60.0200            	0.0000             	0.0000             	0.0000             
316                	2021-02-01 14:49:22	216.4000           	48.2500            	5.8910             	10.4413            	8.6222             	0.5640             	60.0100            	0.0000             	0.0000             	0.0000             
317                	2021-02-01 14:49:23	216.2000           	50.3700            	6.0780             	10.8900            	9.0443             	0.5570             	60.0200            	0.0000             	0.0000             	0.0000             
318                	2021-02-01 14:49:24	216.2000           	48.9100            	5.9580             	10.5743            	8.7392             	0.5630             	60.0200            	0.0000             	0.0000             	0.0000             
319                	2021-02-01 14:49:25	216.3000           	49.1400            	5.9850             	10.6290            	8.7916             	0.5620             	60.0200            	0.0000             	0.0000             	0.0000             
320                	2021-02-01 14:49:27	216.1000           	49.0400            	5.9570             	10.5975            	8.7728             	0.5610             	60.0100            	0.0000             	0.0000             	0.0000             
321                	2021-02-01 14:49:28	216.2000           	49.1900            	5.9620             	10.6349            	8.8109             	0.5600             	60.0100            	0.0000             	0.0000             	0.0000             
322                	2021-02-01 14:49:29	216.2000           	48.1300            	5.8590             	10.4057            	8.6069             	0.5620             	60.0100            	0.0000             	0.0000             	0.0000             
323                	2021-02-01 14:49:30	216.0000           	49.1000            	5.9690             	10.6056            	8.7723             	0.5620             	60.0000            	0.0000             	0.0000             	0.0000             
324                	2021-02-01 14:49:31	215.8000           	49.1200            	5.9410             	10.6001            	8.7821             	0.5600             	60.0000            	0.0000             	0.0000             	0.0000             
325                	2021-02-01 14:49:32	215.8000           	49.5300            	5.9950             	10.6886            	8.8554             	0.5600             	59.9900            	0.0000             	0.0000             	0.0000             
326                	2021-02-01 14:49:33	215.7000           	50.5400            	6.0950             	10.9015            	9.0392             	0.5590             	59.9900            	0.0000             	0.0000             	0.0000             
327                	2021-02-01 14:49:34	216.0000           	49.1900            	5.9680             	10.6250            	8.7956             	0.5610             	59.9900            	0.0000             	0.0000             	0.0000             
328                	2021-02-01 14:49:35	215.9000           	48.9800            	5.9670             	10.5748            	8.7324             	0.5640             	59.9900            	0.0000             	0.0000             	0.0000             
329                	2021-02-01 14:49:36	216.0000           	48.9500            	5.9560             	10.5732            	8.7383             	0.5630             	59.9900            	0.0000             	0.0000             	0.0000             
330                	2021-02-01 14:49:38	216.1000           	49.1800            	5.9620             	10.6278            	8.8051             	0.5600             	59.9900            	0.0000             	0.0000             	0.0000             
331                	2021-02-01 14:49:39	216.0000           	49.0600            	5.9690             	10.5970            	8.7579             	0.5630             	59.9900            	0.0000             	0.0000             	0.0000             
332                	2021-02-01 14:49:40	216.1000           	50.0300            	6.0620             	10.8115            	8.9572             	0.5600             	59.9900            	0.0000             	0.0000             	0.0000             
333                	2021-02-01 14:49:41	216.2000           	49.3700            	5.9640             	10.6738            	8.8576             	0.5580             	59.9900            	0.0000             	0.0000             	0.0000             
334                	2021-02-01 14:49:42	216.1000           	36.0900            	4.6130             	7.7990             	6.2913             	0.5910             	59.9900            	0.0000             	0.0000             	0.0000             
335                	2021-02-01 14:49:43	216.2000           	25.1400            	3.2450             	5.4353             	4.3644             	0.5960             	59.9900            	0.0000             	0.0000             	0.0000             
336                	2021-02-01 14:49:44	216.3000           	24.3300            	3.1560             	5.2626             	4.2140             	0.5990             	59.9900            	0.0000             	0.0000             	0.0000             
337                	2021-02-01 14:49:45	216.1000           	30.1000            	3.8790             	6.5046             	5.2231             	0.5960             	59.9900            	0.0000             	0.0000             	0.0000             
338                	2021-02-01 14:49:46	216.3000           	25.4700            	3.2850             	5.5092             	4.4238             	0.5960             	60.0000            	0.0000             	0.0000             	0.0000             
339                	2021-02-01 14:49:47	216.2000           	25.4500            	3.0830             	5.5023             	4.4060             	0.5990             	60.0000            	0.0000             	0.0000             	0.0000             
340                	2021-02-01 14:49:48	216.1000           	23.8900            	3.1050             	5.1626             	4.1262             	0.6010             	60.0000            	0.0000             	0.0000             	0.0000             
341                	2021-02-01 14:49:49	216.0000           	24.8300            	3.2100             	5.3633             	4.2986             	0.5980             	59.9800            	0.0000             	0.0000             	0.0000             
342                	2021-02-01 14:49:51	216.4000           	23.7600            	3.0850             	5.1417             	4.1172             	0.5990             	59.9900            	0.0000             	0.0000             	0.0000             
343                	2021-02-01 14:49:52	216.4000           	23.9200            	3.1030             	5.1763             	4.1449             	0.5990             	59.9900            	0.0000             	0.0000             	0.0000             
344                	2021-02-01 14:49:53	216.6000           	31.9500            	4.0630             	6.9204             	5.6026             	0.5870             	59.9900            	0.0000             	0.0000             	0.0000             
345                	2021-02-01 14:49:54	216.2000           	47.1200            	5.7520             	10.1873            	8.4125             	0.5640             	60.0000            	0.0000             	0.0000             	0.0000             
346                	2021-02-01 14:49:55	216.3000           	49.1200            	5.9590             	10.6247            	8.8024             	0.5600             	59.9900            	0.0000             	0.0000             	0.0000             
347                	2021-02-01 14:49:56	216.3000           	49.0400            	5.9580             	10.6074            	8.7809             	0.5610             	60.0000            	0.0000             	0.0000             	0.0000             
348                	2021-02-01 14:49:57	216.3000           	49.1900            	5.9700             	10.6398            	8.8150             	0.5600             	60.0000            	0.0000             	0.0000             	0.0000             
349                	2021-02-01 14:49:58	216.2000           	49.3600            	5.9590             	10.6716            	8.8558             	0.5580             	60.0100            	0.0000             	0.0000             	0.0000             
350                	2021-02-01 14:49:59	216.2000           	49.4500            	5.9700             	10.6911            	8.8719             	0.5580             	60.0200            	0.0000             	0.0000             	0.0000             
351                	2021-02-01 14:50:00	216.1000           	49.4000            	5.9710             	10.6753            	8.8516             	0.5590             	60.0200            	0.0000             	0.0000             	0.0000             
352                	2021-02-01 14:50:01	216.0000           	49.0800            	5.9630             	10.6013            	8.7687             	0.5620             	60.0200            	0.0000             	0.0000             	0.0000             
353                	2021-02-01 14:50:03	216.0000           	49.1800            	5.9540             	10.6229            	8.8010             	0.5600             	60.0200            	0.0000             	0.0000             	0.0000             
354                	2021-02-01 14:50:04	215.9000           	49.1200            	5.9680             	10.6050            	8.7718             	0.5620             	60.0200            	0.0000             	0.0000             	0.0000             
355                	2021-02-01 14:50:05	216.0000           	49.2500            	5.9650             	10.6380            	8.8135             	0.5600             	60.0200            	0.0000             	0.0000             	0.0000             
356                	2021-02-01 14:50:06	216.0000           	48.3000            	5.8810             	10.4328            	8.6223             	0.5630             	60.0200            	0.0000             	0.0000             	0.0000             
357                	2021-02-01 14:50:07	215.9000           	49.0200            	5.9630             	10.5834            	8.7467             	0.5630             	60.0200            	0.0000             	0.0000             	0.0000             
358                	2021-02-01 14:50:08	216.0000           	48.5500            	5.9660             	10.4868            	8.6309             	0.5680             	60.0200            	0.0000             	0.0000             	0.0000             
359                	2021-02-01 14:50:09	216.0000           	49.0700            	5.9610             	10.5991            	8.7669             	0.5620             	60.0200            	0.0000             	0.0000             	0.0000             
360                	2021-02-01 14:50:10	216.1000           	49.2600            	5.9690             	10.6451            	8.8194             	0.5600             	60.0300            	0.0000             	0.0000             	0.0000             
361                	2021-02-01 14:50:11	216.0000           	49.2200            	5.9730             	10.6315            	8.8009             	0.5610             	60.0200            	0.0000             	0.0000             	0.0000             
362                	2021-02-01 14:50:13	216.3000           	48.5600            	5.9150             	10.5035            	8.6879             	0.5620             	60.0200            	0.0000             	0.0000             	0.0000             
363                	2021-02-01 14:50:14	216.3000           	49.4000            	5.9700             	10.6852            	8.8670             	0.5580             	60.0300            	0.0000             	0.0000             	0.0000             
364                	2021-02-01 14:50:15	216.2000           	49.9000            	5.9730             	10.7884            	8.9671             	0.5560             	60.0200            	0.0000             	0.0000             	0.0000             
365                	2021-02-01 14:50:16	216.5000           	49.5300            	5.9810             	10.7232            	8.9058             	0.5570             	60.0200            	0.0000             	0.0000             	0.0000             
366                	2021-02-01 14:50:17	216.6000           	49.4800            	5.9790             	10.7174            	8.9009             	0.5570             	60.0200            	0.0000             	0.0000             	0.0000             
367                	2021-02-01 14:50:18	216.6000           	50.0900            	6.0170             	10.8495            	9.0324             	0.5540             	60.0200            	0.0000             	0.0000             	0.0000             
368                	2021-02-01 14:50:19	216.7000           	49.6000            	5.9680             	10.7483            	8.9410             	0.5550             	60.0200            	0.0000             	0.0000             	0.0000             
369                	2021-02-01 14:50:20	216.5000           	49.4600            	5.9780             	10.7081            	8.8860             	0.5580             	60.0200            	0.0000             	0.0000             	0.0000             
370                	2021-02-01 14:50:21	216.5000           	49.5300            	5.9640             	10.7232            	8.9130             	0.5560             	60.0200            	0.0000             	0.0000             	0.0000             
371                	2021-02-01 14:50:22	216.3000           	40.8800            	5.0450             	8.8423             	7.2653             	0.5700             	60.0200            	0.0000             	0.0000             	0.0000             
372                	2021-02-01 14:50:23	216.4000           	35.9200            	4.5300             	7.7731             	6.3210             	0.5820             	60.0200            	0.0000             	0.0000             	0.0000             
373                	2021-02-01 14:50:24	216.4000           	25.4700            	3.2730             	5.5117             	4.4380             	0.5930             	60.0200            	0.0000             	0.0000             	0.0000             
374                	2021-02-01 14:50:26	216.4000           	24.5100            	3.1490             	5.3040             	4.2708             	0.5930             	60.0100            	0.0000             	0.0000             	0.0000             
375                	2021-02-01 14:50:27	216.4000           	29.0200            	3.6790             	6.2799             	5.0932             	0.5850             	60.0200            	0.0000             	0.0000             	0.0000             
376                	2021-02-01 14:50:28	216.4000           	24.3900            	3.1450             	5.2780             	4.2421             	0.5950             	60.0200            	0.0000             	0.0000             	0.0000             
377                	2021-02-01 14:50:29	216.3000           	24.0900            	3.1100             	5.2107             	4.1841             	0.5960             	60.0100            	0.0000             	0.0000             	0.0000             
378                	2021-02-01 14:50:30	216.4000           	25.2500            	3.2460             	5.4641             	4.3997             	0.5930             	60.0100            	0.0000             	0.0000             	0.0000             
379                	2021-02-01 14:50:31	216.4000           	25.3700            	3.2500             	5.4901             	4.4287             	0.5910             	60.0000            	0.0000             	0.0000             	0.0000             
380                	2021-02-01 14:50:32	216.4000           	24.2400            	3.1380             	5.2455             	4.2082             	0.5970             	59.9800            	0.0000             	0.0000             	0.0000             
381                	2021-02-01 14:50:33	216.5000           	27.5900            	3.4920             	5.9732             	4.8488             	0.5840             	60.0000            	0.0000             	0.0000             	0.0000             
382                	2021-02-01 14:50:35	216.7000           	24.9000            	3.2170             	5.3958             	4.3328             	0.5960             	60.0000            	0.0000             	0.0000             	0.0000             
383                	2021-02-01 14:50:36	216.5000           	24.1400            	3.1350             	5.2263             	4.1850             	0.5990             	60.0000            	0.0000             	0.0000             	0.0000             
384                	2021-02-01 14:50:37	216.4000           	23.8100            	3.0890             	5.1525             	4.1258             	0.5990             	60.0000            	0.0000             	0.0000             	0.0000             
385                	2021-02-01 14:50:38	216.4000           	24.8500            	3.2120             	5.3775             	4.3181             	0.5960             	60.0000            	0.0000             	0.0000             	0.0000             
386                	2021-02-01 14:50:39	216.3000           	25.2700            	3.2570             	5.4659             	4.3931             	0.5950             	60.0000            	0.0000             	0.0000             	0.0000             
387                	2021-02-01 14:50:40	216.3000           	23.9300            	3.1020             	5.1761             	4.1447             	0.5990             	59.9900            	0.0000             	0.0000             	0.0000             
388                	2021-02-01 14:50:41	216.4000           	25.0300            	3.2390             	5.4165             	4.3453             	0.5970             	59.9900            	0.0000             	0.0000             	0.0000             
389                	2021-02-01 14:50:42	216.3000           	23.8800            	3.1030             	5.1652             	4.1322             	0.6000             	59.9900            	0.0000             	0.0000             	0.0000             
390                	2021-02-01 14:50:43	216.2000           	23.9900            	3.1060             	5.1866             	4.1571             	0.5980             	59.9900            	0.0000             	0.0000             	0.0000             
391                	2021-02-01 14:50:44	216.1000           	24.9100            	3.2120             	5.3831             	4.3225             	0.5960             	59.9900            	0.0000             	0.0000             	0.0000             
392                	2021-02-01 14:50:46	216.3000           	23.5000            	3.0510             	5.0831             	4.0664             	0.6000             	59.9900            	0.0000             	0.0000             	0.0000             
393                	2021-02-01 14:50:47	215.8000           	23.5100            	3.0510             	5.0735             	4.0550             	0.6010             	60.0100            	0.0000             	0.0000             	0.0000             
394                	2021-02-01 14:50:48	216.0000           	23.6500            	3.0670             	5.1084             	4.0867             	0.6000             	59.9900            	0.0000             	0.0000             	0.0000             
395                	2021-02-01 14:50:49	216.1000           	23.5700            	3.0530             	5.0935             	4.0786             	0.5990             	59.9900            	0.0000             	0.0000             	0.0000             
396                	2021-02-01 14:50:50	215.9000           	23.5000            	3.0460             	5.0736             	4.0589             	0.6000             	59.9900            	0.0000             	0.0000             	0.0000             
397                	2021-02-01 14:50:51	216.0000           	23.5400            	3.0550             	5.0846             	4.0677             	0.6000             	59.9900            	0.0000             	0.0000             	0.0000             
