No.                	Time               	Voltage[ V ]       	Current[ mA ]      	Active Power[ W ]  	Apparent Power[ VA ]	Reactive Power[ Var ]	Power Factor[ PF ] 	Frequency[ Hz ]    	Watt Hours[ Wh ]   	CO2[ g ]           	Cost[ $ ]          
1                  	2021-02-01 15:11:42	214.2000           	24.3200            	3.0550             	5.2093             	4.2212             	0.5860             	60.0000            	0.0000             	0.0000             	0.0000             
2                  	2021-02-01 15:11:43	213.9000           	27.3900            	3.3960             	5.8587             	4.7768             	0.5790             	59.9900            	0.0000             	0.0000             	0.0000             
3                  	2021-02-01 15:11:44	214.0000           	24.2900            	3.0540             	5.1981             	4.2083             	0.5870             	60.0000            	0.0000             	0.0000             	0.0000             
4                  	2021-02-01 15:11:45	214.1000           	25.0400            	3.1370             	5.3611             	4.3519             	0.5840             	60.0000            	0.0000             	0.0000             	0.0000             
5                  	2021-02-01 15:11:46	214.1000           	30.0000            	3.7200             	6.4230             	5.2368             	0.5790             	60.0000            	0.0000             	0.0000             	0.0000             
6                  	2021-02-01 15:11:47	214.1000           	24.4300            	3.0610             	5.2305             	4.2458             	0.5840             	60.0000            	0.0000             	0.0000             	0.0000             
7                  	2021-02-01 15:11:49	214.1000           	25.2000            	3.1360             	5.3953             	4.3913             	0.5810             	60.0000            	0.0000             	0.0000             	0.0000             
8                  	2021-02-01 15:11:50	214.2000           	24.1500            	3.0490             	5.1729             	4.1804             	0.5890             	60.0000            	0.0000             	0.0000             	0.0000             
9                  	2021-02-01 15:11:51	214.2000           	24.1100            	3.0480             	5.1644             	4.1697             	0.5900             	60.0000            	0.0000             	0.0000             	0.0000             
10                 	2021-02-01 15:11:52	214.2000           	24.9000            	3.1140             	5.3336             	4.3334             	0.5830             	60.0000            	0.0000             	0.0000             	0.0000             
11                 	2021-02-01 15:11:53	214.0000           	28.6400            	3.5470             	6.1290             	5.0015             	0.5780             	60.0000            	0.0000             	0.0000             	0.0000             
12                 	2021-02-01 15:11:54	214.0000           	41.9100            	5.0920             	8.9687             	7.3877             	0.5670             	60.0000            	0.0000             	0.0000             	0.0000             
13                 	2021-02-01 15:11:55	214.1000           	49.1900            	5.8260             	10.5316            	8.7747             	0.5530             	60.0000            	0.0000             	0.0000             	0.0000             
14                 	2021-02-01 15:11:57	214.0000           	49.3100            	5.8350             	10.5523            	8.7990             	0.5520             	60.0000            	0.0000             	0.0000             	0.0000             
15                 	2021-02-01 15:11:58	214.1000           	49.5100            	5.8380             	10.6001            	8.8528             	0.5500             	60.0000            	0.0000             	0.0000             	0.0000             
16                 	2021-02-01 15:11:59	214.0000           	49.6200            	5.8390             	10.6187            	8.8753             	0.5490             	60.0000            	0.0000             	0.0000             	0.0000             
17                 	2021-02-01 15:12:00	214.1000           	49.7000            	5.8520             	10.6408            	8.8938             	0.5490             	60.0000            	0.0000             	0.0000             	0.0000             
18                 	2021-02-01 15:12:01	214.1000           	49.6600            	5.8460             	10.6322            	8.8866             	0.5490             	60.0000            	0.0000             	0.0000             	0.0000             
19                 	2021-02-01 15:12:02	214.2000           	48.8400            	5.7810             	10.4615            	8.7233             	0.5520             	60.0000            	0.0000             	0.0000             	0.0000             
20                 	2021-02-01 15:12:03	214.4000           	49.9200            	5.8770             	10.7028            	8.9245             	0.5520             	60.0000            	0.0000             	0.0000             	0.0000             
21                 	2021-02-01 15:12:05	214.3000           	49.0500            	5.8110             	10.5114            	8.7649             	0.5520             	60.0100            	0.0000             	0.0000             	0.0000             
22                 	2021-02-01 15:12:06	214.3000           	49.3800            	5.8370             	10.5821            	8.8308             	0.5510             	60.0100            	0.0000             	0.0000             	0.0000             
23                 	2021-02-01 15:12:07	214.2000           	49.3800            	5.8490             	10.5772            	8.8197             	0.5520             	60.0100            	0.0000             	0.0000             	0.0000             
24                 	2021-02-01 15:12:08	214.3000           	49.5100            	5.8810             	10.6100            	8.8330             	0.5540             	60.0100            	0.0000             	0.0000             	0.0000             
25                 	2021-02-01 15:12:09	214.4000           	49.3900            	5.8720             	10.5892            	8.8157             	0.5540             	60.0100            	0.0000             	0.0000             	0.0000             
26                 	2021-02-01 15:12:10	214.2000           	49.1500            	5.8510             	10.5279            	8.7577             	0.5550             	60.0200            	0.0000             	0.0000             	0.0000             
27                 	2021-02-01 15:12:11	214.2000           	49.0700            	5.8310             	10.5108            	8.7504             	0.5540             	60.0200            	0.0000             	0.0000             	0.0000             
28                 	2021-02-01 15:12:12	214.1000           	49.1000            	5.8270             	10.5123            	8.7517             	0.5540             	60.0200            	0.0000             	0.0000             	0.0000             
29                 	2021-02-01 15:12:13	214.4000           	48.8900            	5.8200             	10.4820            	8.7195             	0.5550             	60.0200            	0.0000             	0.0000             	0.0000             
30                 	2021-02-01 15:12:15	214.3000           	49.7800            	5.9410             	10.6679            	8.8669             	0.5560             	60.0100            	0.0000             	0.0000             	0.0000             
31                 	2021-02-01 15:12:16	214.4000           	49.0700            	5.8310             	10.5206            	8.7586             	0.5540             	60.0200            	0.0000             	0.0000             	0.0000             
32                 	2021-02-01 15:12:17	214.1000           	49.1700            	5.8400             	10.5273            	8.7642             	0.5540             	60.0200            	0.0000             	0.0000             	0.0000             
33                 	2021-02-01 15:12:18	214.0000           	48.0900            	5.7460             	10.2913            	8.5401             	0.5580             	60.0200            	0.0000             	0.0000             	0.0000             
34                 	2021-02-01 15:12:19	214.1000           	48.7800            	5.8020             	10.4438            	8.6877             	0.5550             	60.0200            	0.0000             	0.0000             	0.0000             
35                 	2021-02-01 15:12:20	214.4000           	48.6000            	5.7980             	10.4198            	8.6608             	0.5560             	60.0300            	0.0000             	0.0000             	0.0000             
36                 	2021-02-01 15:12:21	214.1000           	48.4700            	5.7840             	10.3774            	8.6186             	0.5570             	60.0200            	0.0000             	0.0000             	0.0000             
37                 	2021-02-01 15:12:22	214.1000           	48.3100            	5.7510             	10.3432            	8.6040             	0.5550             	60.0200            	0.0000             	0.0000             	0.0000             
38                 	2021-02-01 15:12:23	214.2000           	36.3600            	4.5010             	7.7883             	6.3611             	0.5770             	60.0200            	0.0000             	0.0000             	0.0000             
39                 	2021-02-01 15:12:24	214.2000           	25.8200            	3.2230             	5.5306             	4.4975             	0.5820             	60.0200            	0.0000             	0.0000             	0.0000             
40                 	2021-02-01 15:12:26	214.4000           	24.1300            	3.0550             	5.1735             	4.1771             	0.5900             	60.0200            	0.0000             	0.0000             	0.0000             
41                 	2021-02-01 15:12:27	214.4000           	24.0700            	3.0520             	5.1606             	4.1629             	0.5910             	60.0200            	0.0000             	0.0000             	0.0000             
42                 	2021-02-01 15:12:28	214.5000           	24.1400            	3.0580             	5.1780             	4.1808             	0.5900             	60.0200            	0.0000             	0.0000             	0.0000             
43                 	2021-02-01 15:12:29	214.5000           	24.1400            	3.0610             	5.1780             	4.1770             	0.5910             	60.0100            	0.0000             	0.0000             	0.0000             
44                 	2021-02-01 15:12:30	214.5000           	25.3000            	3.1880             	5.4268             	4.3935             	0.5870             	60.0200            	0.0000             	0.0000             	0.0000             
45                 	2021-02-01 15:12:31	214.5000           	25.1600            	3.1650             	5.3968             	4.3731             	0.5860             	60.0200            	0.0000             	0.0000             	0.0000             
46                 	2021-02-01 15:12:32	214.5000           	24.7600            	3.1220             	5.3110             	4.2997             	0.5870             	60.0200            	0.0000             	0.0000             	0.0000             
47                 	2021-02-01 15:12:34	214.6000           	32.0700            	3.9910             	6.8822             	5.6113             	0.5790             	60.0200            	0.0000             	0.0000             	0.0000             
48                 	2021-02-01 15:12:35	214.6000           	42.5000            	5.1900             	9.1205             	7.5001             	0.5690             	60.0100            	0.0000             	0.0000             	0.0000             
49                 	2021-02-01 15:12:36	214.5000           	48.8100            	5.8500             	10.4697            	8.6882             	0.5580             	60.0200            	0.0000             	0.0000             	0.0000             
50                 	2021-02-01 15:12:37	214.5000           	50.7100            	5.9880             	10.8773            	9.0843             	0.5500             	60.0200            	0.0000             	0.0000             	0.0000             
51                 	2021-02-01 15:12:38	214.6000           	49.3900            	5.8830             	10.5991            	8.8239             	0.5540             	60.0200            	0.0000             	0.0000             	0.0000             
52                 	2021-02-01 15:12:39	214.6000           	49.8600            	5.8980             	10.7000            	8.9362             	0.5500             	60.0200            	0.0000             	0.0000             	0.0000             
53                 	2021-02-01 15:12:40	214.6000           	49.1400            	5.8550             	10.5454            	8.7722             	0.5550             	60.0300            	0.0000             	0.0000             	0.0000             
54                 	2021-02-01 15:12:41	214.5000           	50.2200            	5.8960             	10.7722            	8.9680             	0.5540             	60.0200            	0.0000             	0.0000             	0.0000             
55                 	2021-02-01 15:12:43	214.5000           	49.6000            	5.8960             	10.6392            	8.8573             	0.5540             	60.0200            	0.0000             	0.0000             	0.0000             
56                 	2021-02-01 15:12:44	214.4000           	49.7900            	5.8860             	10.6750            	8.9083             	0.5510             	60.0200            	0.0000             	0.0000             	0.0000             
57                 	2021-02-01 15:12:45	214.3000           	49.5500            	5.8930             	10.6186            	8.8401             	0.5540             	60.0100            	0.0000             	0.0000             	0.0000             
58                 	2021-02-01 15:12:46	214.5000           	49.7100            	5.9040             	10.6628            	8.8840             	0.5530             	60.0100            	0.0000             	0.0000             	0.0000             
59                 	2021-02-01 15:12:47	214.3000           	49.9000            	5.9010             	10.6936            	8.9238             	0.5510             	60.0100            	0.0000             	0.0000             	0.0000             
60                 	2021-02-01 15:12:48	214.4000           	49.7800            	5.8970             	10.6728            	8.8995             	0.5520             	60.0100            	0.0000             	0.0000             	0.0000             
61                 	2021-02-01 15:12:49	214.4000           	49.8400            	5.8690             	10.6857            	8.9313             	0.5490             	60.0000            	0.0000             	0.0000             	0.0000             
62                 	2021-02-01 15:12:50	214.4000           	50.3800            	5.8990             	10.8015            	9.0563             	0.5450             	60.0100            	0.0000             	0.0000             	0.0000             
63                 	2021-02-01 15:12:52	214.5000           	50.2000            	5.9110             	10.7679            	9.0071             	0.5480             	60.0000            	0.0000             	0.0000             	0.0000             
64                 	2021-02-01 15:12:53	214.3000           	49.9800            	5.9100             	10.7107            	8.9381             	0.5510             	60.0000            	0.0000             	0.0000             	0.0000             
65                 	2021-02-01 15:12:54	214.5000           	50.2900            	5.9060             	10.7872            	9.0303             	0.5470             	60.0000            	0.0000             	0.0000             	0.0000             
66                 	2021-02-01 15:12:55	214.4000           	50.0900            	5.9050             	10.7393            	8.9761             	0.5490             	60.0000            	0.0000             	0.0000             	0.0000             
67                 	2021-02-01 15:12:56	214.4000           	50.0200            	5.9130             	10.7243            	8.9495             	0.5510             	60.0000            	0.0000             	0.0000             	0.0000             
68                 	2021-02-01 15:12:57	214.3000           	50.1500            	5.9150             	10.7471            	8.9756             	0.5500             	60.0000            	0.0000             	0.0000             	0.0000             
69                 	2021-02-01 15:12:59	214.4000           	50.5300            	5.9390             	10.8336            	9.0621             	0.5480             	59.9900            	0.0000             	0.0000             	0.0000             
70                 	2021-02-01 15:13:00	214.5000           	51.1800            	5.9750             	10.9781            	9.2116             	0.5440             	59.9900            	0.0000             	0.0000             	0.0000             
71                 	2021-02-01 15:13:01	214.5000           	50.2500            	5.9180             	10.7786            	9.0090             	0.5490             	59.9900            	0.0000             	0.0000             	0.0000             
72                 	2021-02-01 15:13:02	214.5000           	49.4000            	5.8290             	10.5963            	8.8566             	0.5490             	59.9800            	0.0000             	0.0000             	0.0000             
73                 	2021-02-01 15:13:03	214.5000           	51.1800            	5.9940             	10.9781            	9.2044             	0.5450             	59.9800            	0.0000             	0.0000             	0.0000             
74                 	2021-02-01 15:13:04	214.7000           	31.0700            	3.8280             	6.6707             	5.4670             	0.5730             	59.9800            	0.0000             	0.0000             	0.0000             
75                 	2021-02-01 15:13:05	214.5000           	25.4900            	3.1810             	5.4676             	4.4501             	0.5810             	59.9800            	0.0000             	0.0000             	0.0000             
76                 	2021-02-01 15:13:06	214.7000           	25.7400            	3.1970             	5.5264             	4.5097             	0.5780             	59.9800            	0.0000             	0.0000             	0.0000             
77                 	2021-02-01 15:13:08	214.7000           	29.0700            	3.5870             	6.2413             	5.1107             	0.5740             	59.9800            	0.0000             	0.0000             	0.0000             
78                 	2021-02-01 15:13:09	214.5000           	24.3300            	3.0530             	5.2188             	4.2364             	0.5840             	59.9900            	0.0000             	0.0000             	0.0000             
79                 	2021-02-01 15:13:10	214.5000           	24.5300            	3.0760             	5.2617             	4.2712             	0.5840             	59.9800            	0.0000             	0.0000             	0.0000             
80                 	2021-02-01 15:13:11	214.5000           	24.5300            	3.0850             	5.2617             	4.2636             	0.5860             	59.9900            	0.0000             	0.0000             	0.0000             
81                 	2021-02-01 15:13:12	214.6000           	24.5100            	3.0710             	5.2598             	4.2735             	0.5830             	59.9700            	0.0000             	0.0000             	0.0000             
82                 	2021-02-01 15:13:13	214.6000           	25.5800            	3.1790             	5.4895             	4.4796             	0.5780             	59.9800            	0.0000             	0.0000             	0.0000             
83                 	2021-02-01 15:13:14	214.5000           	48.0700            	5.6830             	10.3110            	8.6046             	0.5510             	59.9900            	0.0000             	0.0000             	0.0000             
84                 	2021-02-01 15:13:15	214.6000           	42.4800            	5.1370             	9.1162             	7.5342             	0.5630             	59.9900            	0.0000             	0.0000             	0.0000             
85                 	2021-02-01 15:13:16	214.7000           	50.3100            	5.8850             	10.8016            	9.0634             	0.5440             	59.9800            	0.0000             	0.0000             	0.0000             
86                 	2021-02-01 15:13:17	214.7000           	50.1700            	5.9160             	10.7715            	9.0172             	0.5470             	59.9800            	0.0000             	0.0000             	0.0000             
87                 	2021-02-01 15:13:18	214.7000           	51.3600            	5.9950             	11.0270            	9.2597             	0.5430             	59.9900            	0.0000             	0.0000             	0.0000             
88                 	2021-02-01 15:13:19	214.5000           	49.5800            	5.8390             	10.6349            	8.8889             	0.5490             	59.9800            	0.0000             	0.0000             	0.0000             
89                 	2021-02-01 15:13:20	214.4000           	50.4500            	5.9210             	10.8165            	9.0548             	0.5470             	59.9800            	0.0000             	0.0000             	0.0000             
90                 	2021-02-01 15:13:21	214.4000           	50.4600            	5.9240             	10.8186            	9.0566             	0.5470             	59.9800            	0.0000             	0.0000             	0.0000             
91                 	2021-02-01 15:13:23	214.4000           	50.7400            	5.9460             	10.8787            	9.1140             	0.5460             	59.9800            	0.0000             	0.0000             	0.0000             
92                 	2021-02-01 15:13:24	214.4000           	50.7800            	5.9310             	10.8872            	9.1353             	0.5440             	59.9800            	0.0000             	0.0000             	0.0000             
93                 	2021-02-01 15:13:25	214.4000           	50.6500            	5.8960             	10.8594            	9.1260             	0.5420             	59.9800            	0.0000             	0.0000             	0.0000             
94                 	2021-02-01 15:13:26	214.1000           	51.7800            	5.9810             	11.0861            	9.3379             	0.5390             	59.9800            	0.0000             	0.0000             	0.0000             
95                 	2021-02-01 15:13:27	214.2000           	50.9300            	5.9310             	10.9092            	9.1608             	0.5430             	59.9900            	0.0000             	0.0000             	0.0000             
96                 	2021-02-01 15:13:28	214.3000           	50.9700            	5.9340             	10.9229            	9.1723             	0.5430             	59.9900            	0.0000             	0.0000             	0.0000             
97                 	2021-02-01 15:13:29	214.2000           	50.8300            	5.9290             	10.8878            	9.1358             	0.5440             	59.9900            	0.0000             	0.0000             	0.0000             
98                 	2021-02-01 15:13:30	214.1000           	51.2200            	5.9490             	10.9662            	9.2158             	0.5420             	59.9900            	0.0000             	0.0000             	0.0000             
99                 	2021-02-01 15:13:31	214.2000           	51.0800            	5.9250             	10.9413            	9.2019             	0.5410             	59.9900            	0.0000             	0.0000             	0.0000             
100                	2021-02-01 15:13:33	214.1000           	50.8500            	5.9290             	10.8870            	9.1351             	0.5440             	60.0000            	0.0000             	0.0000             	0.0000             
101                	2021-02-01 15:13:34	214.4000           	50.9400            	5.9270             	10.9215            	9.1782             	0.5420             	60.0000            	0.0000             	0.0000             	0.0000             
102                	2021-02-01 15:13:35	214.4000           	50.8800            	5.9460             	10.9087            	9.1533             	0.5440             	59.9900            	0.0000             	0.0000             	0.0000             
103                	2021-02-01 15:13:36	214.4000           	50.6700            	5.9310             	10.8636            	9.1085             	0.5450             	59.9900            	0.0000             	0.0000             	0.0000             
104                	2021-02-01 15:13:37	214.3000           	50.9700            	5.9260             	10.9229            	9.1793             	0.5420             	59.9900            	0.0000             	0.0000             	0.0000             
105                	2021-02-01 15:13:38	214.6000           	50.9100            	5.9370             	10.9253            	9.1743             	0.5430             	59.9900            	0.0000             	0.0000             	0.0000             
106                	2021-02-01 15:13:39	214.8000           	50.4500            	5.9140             	10.8367            	9.0858             	0.5450             	59.9900            	0.0000             	0.0000             	0.0000             
107                	2021-02-01 15:13:40	214.7000           	50.6200            	5.9360             	10.8681            	9.1051             	0.5460             	59.9900            	0.0000             	0.0000             	0.0000             
108                	2021-02-01 15:13:41	214.7000           	50.2900            	5.9340             	10.7973            	9.0246             	0.5490             	59.9900            	0.0000             	0.0000             	0.0000             
109                	2021-02-01 15:13:42	214.6000           	51.0100            	5.9840             	10.9467            	9.1710             	0.5460             	59.9900            	0.0000             	0.0000             	0.0000             
110                	2021-02-01 15:13:44	214.5000           	49.5900            	5.8570             	10.6371            	8.8837             	0.5500             	59.9800            	0.0000             	0.0000             	0.0000             
111                	2021-02-01 15:13:45	214.6000           	25.5800            	3.1950             	5.4895             	4.4640             	0.5820             	59.9900            	0.0000             	0.0000             	0.0000             
112                	2021-02-01 15:13:46	214.5000           	25.6300            	3.1860             	5.4976             	4.4824             	0.5790             	59.9900            	0.0000             	0.0000             	0.0000             
113                	2021-02-01 15:13:47	214.5000           	28.6700            	3.5230             	6.1497             	5.0443             	0.5720             	60.0000            	0.0000             	0.0000             	0.0000             
114                	2021-02-01 15:13:48	214.5000           	29.9100            	3.6960             	6.4157             	5.2490             	0.5750             	60.0000            	0.0000             	0.0000             	0.0000             
115                	2021-02-01 15:13:49	214.4000           	25.6000            	3.1880             	5.4886             	4.4711             	0.5800             	60.0000            	0.0000             	0.0000             	0.0000             
116                	2021-02-01 15:13:50	214.3000           	24.4500            	3.0670             	5.2396             	4.2533             	0.5840             	60.0100            	0.0000             	0.0000             	0.0000             
117                	2021-02-01 15:13:51	214.4000           	25.7600            	3.1980             	5.5229             	4.5069             	0.5780             	60.0100            	0.0000             	0.0000             	0.0000             
118                	2021-02-01 15:13:52	214.2000           	25.6000            	3.1830             	5.4835             	4.4670             	0.5800             	60.0100            	0.0000             	0.0000             	0.0000             
119                	2021-02-01 15:13:53	214.2000           	24.4200            	3.0600             	5.2308             	4.2461             	0.5840             	60.0100            	0.0000             	0.0000             	0.0000             
120                	2021-02-01 15:13:55	214.1000           	49.9800            	5.8710             	10.7007            	8.9509             	0.5480             	60.0100            	0.0000             	0.0000             	0.0000             
121                	2021-02-01 15:13:56	214.1000           	42.2800            	5.1190             	9.0521             	7.4688             	0.5650             	60.0100            	0.0000             	0.0000             	0.0000             
122                	2021-02-01 15:13:57	214.2000           	49.9500            	5.8880             	10.6993            	8.9357             	0.5500             	60.0100            	0.0000             	0.0000             	0.0000             
123                	2021-02-01 15:13:58	214.2000           	51.6700            	6.0370             	11.0677            	9.2796             	0.5450             	60.0100            	0.0000             	0.0000             	0.0000             
124                	2021-02-01 15:13:59	214.3000           	51.1100            	5.9890             	10.9529            	9.1762             	0.5460             	60.0100            	0.0000             	0.0000             	0.0000             
125                	2021-02-01 15:14:00	213.9000           	51.0600            	5.9790             	10.9217            	9.1429             	0.5470             	60.0100            	0.0000             	0.0000             	0.0000             
126                	2021-02-01 15:14:01	213.9000           	50.4000            	5.9260             	10.7806            	9.0106             	0.5490             	59.9900            	0.0000             	0.0000             	0.0000             
127                	2021-02-01 15:14:02	214.0000           	50.4300            	5.9220             	10.7920            	9.0273             	0.5480             	60.0100            	0.0000             	0.0000             	0.0000             
128                	2021-02-01 15:14:04	214.3000           	50.6700            	5.9410             	10.8586            	9.0972             	0.5460             	60.0200            	0.0000             	0.0000             	0.0000             
129                	2021-02-01 15:14:05	214.5000           	49.3700            	5.8280             	10.5899            	8.8443             	0.5500             	60.0200            	0.0000             	0.0000             	0.0000             
130                	2021-02-01 15:14:06	214.5000           	50.3600            	5.9270             	10.8022            	9.0358             	0.5480             	60.0200            	0.0000             	0.0000             	0.0000             
131                	2021-02-01 15:14:07	214.4000           	50.5300            	5.9240             	10.8336            	9.0763             	0.5460             	60.0200            	0.0000             	0.0000             	0.0000             
132                	2021-02-01 15:14:08	214.5000           	50.4700            	5.9200             	10.8258            	9.0697             	0.5460             	60.0200            	0.0000             	0.0000             	0.0000             
133                	2021-02-01 15:14:09	214.5000           	50.5500            	5.9360             	10.8430            	9.0770             	0.5470             	60.0200            	0.0000             	0.0000             	0.0000             
134                	2021-02-01 15:14:10	214.5000           	50.3800            	5.9250             	10.8065            	9.0394             	0.5480             	60.0100            	0.0000             	0.0000             	0.0000             
135                	2021-02-01 15:14:11	214.5000           	50.4000            	5.9390             	10.8108            	9.0359             	0.5490             	60.0100            	0.0000             	0.0000             	0.0000             
136                	2021-02-01 15:14:12	214.4000           	50.3700            	5.9270             	10.7993            	9.0334             	0.5480             	60.0000            	0.0000             	0.0000             	0.0000             
137                	2021-02-01 15:14:13	214.4000           	50.5900            	5.9200             	10.8465            	9.0941             	0.5450             	60.0000            	0.0000             	0.0000             	0.0000             
138                	2021-02-01 15:14:15	214.3000           	50.4200            	5.9020             	10.8050            	9.0523             	0.5460             	60.0000            	0.0000             	0.0000             	0.0000             
139                	2021-02-01 15:14:16	214.5000           	50.4200            	5.9310             	10.8151            	9.0466             	0.5480             	60.0000            	0.0000             	0.0000             	0.0000             
140                	2021-02-01 15:14:17	214.5000           	50.4500            	5.9030             	10.8215            	9.0732             	0.5450             	60.0000            	0.0000             	0.0000             	0.0000             
141                	2021-02-01 15:14:18	214.6000           	50.2700            	5.9210             	10.7879            	9.0239             	0.5480             	59.9900            	0.0000             	0.0000             	0.0000             
142                	2021-02-01 15:14:19	214.5000           	50.2800            	5.9010             	10.7851            	9.0356             	0.5460             	60.0000            	0.0000             	0.0000             	0.0000             
143                	2021-02-01 15:14:20	214.6000           	51.2600            	5.9980             	11.0004            	9.2231             	0.5450             	60.0000            	0.0000             	0.0000             	0.0000             
144                	2021-02-01 15:14:21	214.6000           	50.4100            	5.9140             	10.8180            	9.0631             	0.5460             	60.0000            	0.0000             	0.0000             	0.0000             
145                	2021-02-01 15:14:22	214.5000           	49.0100            	5.7860             	10.5126            	8.7798             	0.5500             	60.0000            	0.0000             	0.0000             	0.0000             
146                	2021-02-01 15:14:23	214.5000           	49.2600            	5.8290             	10.5663            	8.8176             	0.5510             	60.0100            	0.0000             	0.0000             	0.0000             
147                	2021-02-01 15:14:24	214.4000           	50.5000            	5.9390             	10.8272            	9.0567             	0.5480             	60.0100            	0.0000             	0.0000             	0.0000             
148                	2021-02-01 15:14:26	214.4000           	26.0000            	3.2280             	5.5744             	4.5489             	0.5780             	60.0100            	0.0000             	0.0000             	0.0000             
149                	2021-02-01 15:14:27	214.4000           	24.7100            	3.0860             	5.2978             	4.3081             	0.5820             	60.0100            	0.0000             	0.0000             	0.0000             
150                	2021-02-01 15:14:28	214.5000           	24.6500            	3.0800             	5.2874             	4.2997             	0.5820             	60.0100            	0.0000             	0.0000             	0.0000             
151                	2021-02-01 15:14:29	214.6000           	25.5600            	3.1840             	5.4852             	4.4683             	0.5800             	60.0000            	0.0000             	0.0000             	0.0000             
152                	2021-02-01 15:14:30	214.6000           	25.8200            	3.2230             	5.5410             	4.5098             	0.5810             	60.0100            	0.0000             	0.0000             	0.0000             
153                	2021-02-01 15:14:31	214.2000           	24.6100            	3.0820             	5.2715             	4.2791             	0.5840             	60.0100            	0.0000             	0.0000             	0.0000             
154                	2021-02-01 15:14:32	214.5000           	25.1300            	3.1380             	5.3904             	4.3873             	0.5810             	60.0100            	0.0000             	0.0000             	0.0000             
155                	2021-02-01 15:14:33	214.5000           	24.6000            	3.0790             	5.2767             	4.2872             	0.5830             	60.0100            	0.0000             	0.0000             	0.0000             
156                	2021-02-01 15:14:34	214.6000           	24.5300            	3.0720             	5.2641             	4.2770             	0.5830             	60.0200            	0.0000             	0.0000             	0.0000             
157                	2021-02-01 15:14:35	214.4000           	49.6100            	5.8440             	10.6364            	8.8901             	0.5490             	60.0200            	0.0000             	0.0000             	0.0000             
158                	2021-02-01 15:14:36	214.5000           	42.1800            	5.1240             	9.0476             	7.4589             	0.5660             	60.0200            	0.0000             	0.0000             	0.0000             
159                	2021-02-01 15:14:37	214.4000           	50.3800            	5.9040             	10.8015            	9.0493             	0.5460             	60.0200            	0.0000             	0.0000             	0.0000             
160                	2021-02-01 15:14:39	214.1000           	50.9100            	5.9820             	10.8998            	9.1175             	0.5480             	60.0200            	0.0000             	0.0000             	0.0000             
161                	2021-02-01 15:14:40	214.4000           	50.7900            	5.9510             	10.8894            	9.1230             	0.5460             	60.0200            	0.0000             	0.0000             	0.0000             
162                	2021-02-01 15:14:41	214.2000           	50.6100            	5.9410             	10.8407            	9.0751             	0.5470             	60.0300            	0.0000             	0.0000             	0.0000             
163                	2021-02-01 15:14:42	214.3000           	50.7900            	5.9420             	10.8843            	9.1187             	0.5460             	60.0200            	0.0000             	0.0000             	0.0000             
164                	2021-02-01 15:14:43	214.2000           	50.4400            	5.9430             	10.8042            	9.0233             	0.5500             	60.0200            	0.0000             	0.0000             	0.0000             
165                	2021-02-01 15:14:44	214.2000           	50.6800            	5.9410             	10.8557            	9.0876             	0.5470             	60.0200            	0.0000             	0.0000             	0.0000             
166                	2021-02-01 15:14:45	214.4000           	50.4300            	5.9260             	10.8122            	9.0442             	0.5480             	60.0200            	0.0000             	0.0000             	0.0000             
167                	2021-02-01 15:14:46	214.4000           	50.5000            	5.9360             	10.8272            	9.0567             	0.5480             	60.0200            	0.0000             	0.0000             	0.0000             
168                	2021-02-01 15:14:47	214.0000           	50.3100            	5.9180             	10.7663            	8.9987             	0.5490             	60.0200            	0.0000             	0.0000             	0.0000             
169                	2021-02-01 15:14:49	214.0000           	49.6400            	5.8430             	10.6230            	8.8789             	0.5490             	60.0200            	0.0000             	0.0000             	0.0000             
170                	2021-02-01 15:14:50	214.0000           	50.5700            	5.9360             	10.8220            	9.0524             	0.5480             	60.0200            	0.0000             	0.0000             	0.0000             
171                	2021-02-01 15:14:51	213.9000           	50.4100            	5.9270             	10.7827            	9.0124             	0.5490             	60.0200            	0.0000             	0.0000             	0.0000             
172                	2021-02-01 15:14:52	213.9000           	50.5000            	5.9360             	10.8020            	9.0285             	0.5490             	60.0200            	0.0000             	0.0000             	0.0000             
173                	2021-02-01 15:14:53	214.0000           	50.7700            	5.9650             	10.8648            	9.0882             	0.5480             	60.0200            	0.0000             	0.0000             	0.0000             
174                	2021-02-01 15:14:54	214.0000           	50.4300            	5.9370             	10.7920            	9.0131             	0.5500             	60.0100            	0.0000             	0.0000             	0.0000             
175                	2021-02-01 15:14:55	214.0000           	51.0000            	5.9980             	10.9140            	9.1222             	0.5490             	60.0200            	0.0000             	0.0000             	0.0000             
176                	2021-02-01 15:14:56	214.2000           	50.5000            	5.9440             	10.8171            	9.0412             	0.5490             	60.0200            	0.0000             	0.0000             	0.0000             
177                	2021-02-01 15:14:57	214.0000           	50.5600            	5.9550             	10.8198            	9.0363             	0.5500             	60.0200            	0.0000             	0.0000             	0.0000             
178                	2021-02-01 15:14:59	214.1000           	50.6900            	5.9670             	10.8527            	9.0710             	0.5490             	60.0100            	0.0000             	0.0000             	0.0000             
179                	2021-02-01 15:15:00	214.2000           	50.6400            	5.9460             	10.8471            	9.0805             	0.5470             	60.0000            	0.0000             	0.0000             	0.0000             
180                	2021-02-01 15:15:01	214.3000           	50.8400            	5.9480             	10.8950            	9.1348             	0.5450             	60.0000            	0.0000             	0.0000             	0.0000             
181                	2021-02-01 15:15:02	213.9000           	51.5900            	6.0140             	11.0351            	9.2594             	0.5440             	60.0000            	0.0000             	0.0000             	0.0000             
182                	2021-02-01 15:15:03	214.1000           	49.8300            	5.8660             	10.6686            	8.9171             	0.5490             	60.0000            	0.0000             	0.0000             	0.0000             
183                	2021-02-01 15:15:04	214.3000           	50.5400            	5.9460             	10.8307            	9.0526             	0.5490             	60.0000            	0.0000             	0.0000             	0.0000             
184                	2021-02-01 15:15:05	214.0000           	34.4600            	4.2730             	7.3744             	6.0126             	0.5790             	60.0000            	0.0000             	0.0000             	0.0000             
185                	2021-02-01 15:15:06	214.2000           	26.1500            	3.2530             	5.6013             	4.5629             	0.5800             	60.0000            	0.0000             	0.0000             	0.0000             
186                	2021-02-01 15:15:08	214.2000           	30.5000            	3.7670             	6.5331             	5.3405             	0.5760             	60.0000            	0.0000             	0.0000             	0.0000             
187                	2021-02-01 15:15:09	214.1000           	25.8800            	3.2230             	5.5409             	4.5098             	0.5810             	59.9800            	0.0000             	0.0000             	0.0000             
188                	2021-02-01 15:15:10	214.0000           	25.3400            	3.1700             	5.4228             	4.4019             	0.5840             	59.9900            	0.0000             	0.0000             	0.0000             
189                	2021-02-01 15:15:11	213.9000           	24.5900            	3.0830             	5.2598             	4.2659             	0.5850             	59.9900            	0.0000             	0.0000             	0.0000             
190                	2021-02-01 15:15:12	214.0000           	25.4400            	3.1760             	5.4442             	4.4232             	0.5830             	59.9800            	0.0000             	0.0000             	0.0000             
191                	2021-02-01 15:15:13	214.0000           	25.6400            	3.1810             	5.4870             	4.4737             	0.5790             	59.9900            	0.0000             	0.0000             	0.0000             
192                	2021-02-01 15:15:14	214.0000           	24.1900            	3.0720             	5.1767             	4.1683             	0.5930             	59.9900            	0.0000             	0.0000             	0.0000             
193                	2021-02-01 15:15:15	214.1000           	26.9900            	3.3390             	5.7786             	4.7196             	0.5770             	59.9900            	0.0000             	0.0000             	0.0000             
194                	2021-02-01 15:15:16	214.1000           	43.9200            	5.2800             	9.4033             	7.7842             	0.5610             	59.9900            	0.0000             	0.0000             	0.0000             
195                	2021-02-01 15:15:17	214.1000           	50.0700            	5.8750             	10.7200            	8.9741             	0.5470             	60.0000            	0.0000             	0.0000             	0.0000             
196                	2021-02-01 15:15:19	213.9000           	50.2100            	5.8940             	10.7399            	8.9837             	0.5480             	59.9900            	0.0000             	0.0000             	0.0000             
197                	2021-02-01 15:15:20	214.1000           	50.3400            	5.8810             	10.7778            	9.0365             	0.5450             	59.9900            	0.0000             	0.0000             	0.0000             
198                	2021-02-01 15:15:21	214.0000           	51.0300            	5.9490             	10.9204            	9.1632             	0.5440             	59.9900            	0.0000             	0.0000             	0.0000             
199                	2021-02-01 15:15:22	213.8000           	50.5000            	5.9310             	10.7969            	9.0243             	0.5490             	59.9900            	0.0000             	0.0000             	0.0000             
200                	2021-02-01 15:15:23	214.3000           	50.5900            	5.9120             	10.8414            	9.0899             	0.5450             	60.0000            	0.0000             	0.0000             	0.0000             
201                	2021-02-01 15:15:24	214.2000           	49.3200            	5.8220             	10.5643            	8.8160             	0.5510             	60.0200            	0.0000             	0.0000             	0.0000             
202                	2021-02-01 15:15:25	213.8000           	50.7900            	5.9220             	10.8589            	9.1045             	0.5450             	60.0000            	0.0000             	0.0000             	0.0000             
203                	2021-02-01 15:15:26	213.9000           	50.6700            	5.9240             	10.8383            	9.0802             	0.5460             	60.0100            	0.0000             	0.0000             	0.0000             
204                	2021-02-01 15:15:27	213.8000           	50.9800            	5.9330             	10.8995            	9.1456             	0.5440             	60.0100            	0.0000             	0.0000             	0.0000             
205                	2021-02-01 15:15:29	213.8000           	50.3100            	5.9180             	10.7563            	8.9903             	0.5490             	60.0100            	0.0000             	0.0000             	0.0000             
206                	2021-02-01 15:15:30	213.8000           	49.6300            	5.8590             	10.6109            	8.8548             	0.5510             	60.0200            	0.0000             	0.0000             	0.0000             
207                	2021-02-01 15:15:31	213.8000           	50.6300            	5.9320             	10.8247            	9.0617             	0.5470             	60.0200            	0.0000             	0.0000             	0.0000             
208                	2021-02-01 15:15:32	213.6000           	50.1700            	5.9340             	10.7163            	8.9286             	0.5530             	60.0200            	0.0000             	0.0000             	0.0000             
209                	2021-02-01 15:15:33	213.5000           	50.2300            	5.9260             	10.7241            	8.9422             	0.5520             	60.0100            	0.0000             	0.0000             	0.0000             
210                	2021-02-01 15:15:34	213.7000           	50.5700            	5.9390             	10.8068            	9.0326             	0.5490             	60.0100            	0.0000             	0.0000             	0.0000             
211                	2021-02-01 15:15:35	213.7000           	50.6800            	5.9670             	10.8303            	9.0451             	0.5500             	60.0100            	0.0000             	0.0000             	0.0000             
212                	2021-02-01 15:15:36	213.9000           	50.4500            	5.9590             	10.7913            	8.9982             	0.5520             	60.0100            	0.0000             	0.0000             	0.0000             
213                	2021-02-01 15:15:37	214.0000           	50.4700            	5.9460             	10.8006            	9.0203             	0.5500             	60.0200            	0.0000             	0.0000             	0.0000             
214                	2021-02-01 15:15:38	214.1000           	50.5800            	5.9590             	10.8292            	9.0441             	0.5500             	60.0200            	0.0000             	0.0000             	0.0000             
215                	2021-02-01 15:15:39	214.0000           	50.2600            	5.9660             	10.7556            	8.9542             	0.5540             	60.0200            	0.0000             	0.0000             	0.0000             
216                	2021-02-01 15:15:41	214.1000           	50.5300            	5.9480             	10.8185            	9.0423             	0.5490             	60.0200            	0.0000             	0.0000             	0.0000             
217                	2021-02-01 15:15:42	214.0000           	50.5600            	5.9460             	10.8198            	9.0435             	0.5490             	60.0300            	0.0000             	0.0000             	0.0000             
218                	2021-02-01 15:15:43	213.9000           	50.5100            	5.9620             	10.8041            	9.0161             	0.5510             	60.0300            	0.0000             	0.0000             	0.0000             
219                	2021-02-01 15:15:44	214.1000           	50.5300            	5.9590             	10.8185            	9.0352             	0.5500             	60.0200            	0.0000             	0.0000             	0.0000             
220                	2021-02-01 15:15:45	213.8000           	45.6200            	5.4320             	9.7536             	8.1070             	0.5560             	60.0200            	0.0000             	0.0000             	0.0000             
221                	2021-02-01 15:15:46	214.1000           	26.2300            	3.2710             	5.6158             	4.5667             	0.5820             	60.0100            	0.0000             	0.0000             	0.0000             
222                	2021-02-01 15:15:47	214.1000           	24.6900            	3.0950             	5.2861             	4.2872             	0.5850             	60.0100            	0.0000             	0.0000             	0.0000             
223                	2021-02-01 15:15:48	214.0000           	25.6400            	3.1940             	5.4870             	4.4619             	0.5820             	60.0100            	0.0000             	0.0000             	0.0000             
224                	2021-02-01 15:15:49	214.0000           	25.6400            	3.2030             	5.4870             	4.4580             	0.5830             	60.0100            	0.0000             	0.0000             	0.0000             
225                	2021-02-01 15:15:50	213.9000           	24.7700            	3.1110             	5.2983             	4.2894             	0.5870             	60.0200            	0.0000             	0.0000             	0.0000             
226                	2021-02-01 15:15:51	213.9000           	26.5600            	3.2870             	5.6812             	4.6361             	0.5780             	60.0200            	0.0000             	0.0000             	0.0000             
227                	2021-02-01 15:15:53	213.9000           	24.5100            	3.0700             	5.2427             	4.2520             	0.5850             	60.0200            	0.0000             	0.0000             	0.0000             
228                	2021-02-01 15:15:54	213.9000           	24.4600            	3.0790             	5.2320             	4.2320             	0.5880             	60.0100            	0.0000             	0.0000             	0.0000             
229                	2021-02-01 15:15:55	214.0000           	24.4800            	3.0750             	5.2387             	4.2412             	0.5870             	60.0100            	0.0000             	0.0000             	0.0000             
230                	2021-02-01 15:15:56	214.0000           	32.6800            	4.0290             	6.9935             	5.7218             	0.5750             	60.0200            	0.0000             	0.0000             	0.0000             
231                	2021-02-01 15:15:57	214.0000           	43.1700            	5.2120             	9.2384             	7.6288             	0.5640             	60.0200            	0.0000             	0.0000             	0.0000             
232                	2021-02-01 15:15:58	213.9000           	49.9200            	5.9070             	10.6779            	8.8966             	0.5530             	60.0200            	0.0000             	0.0000             	0.0000             
233                	2021-02-01 15:15:59	213.7000           	51.0300            	6.0010             	10.9051            	9.1076             	0.5500             	60.0200            	0.0000             	0.0000             	0.0000             
234                	2021-02-01 15:16:00	213.7000           	50.9400            	5.9890             	10.8859            	9.0915             	0.5500             	60.0200            	0.0000             	0.0000             	0.0000             
235                	2021-02-01 15:16:02	213.8000           	50.4800            	5.9620             	10.7926            	8.9994             	0.5520             	60.0200            	0.0000             	0.0000             	0.0000             
236                	2021-02-01 15:16:03	213.8000           	50.5900            	5.9540             	10.8161            	9.0333             	0.5500             	60.0200            	0.0000             	0.0000             	0.0000             
237                	2021-02-01 15:16:04	213.8000           	50.6100            	5.9400             	10.8204            	9.0510             	0.5480             	60.0200            	0.0000             	0.0000             	0.0000             
238                	2021-02-01 15:16:05	213.7000           	50.6800            	5.9530             	10.8303            	9.0522             	0.5490             	60.0200            	0.0000             	0.0000             	0.0000             
239                	2021-02-01 15:16:06	214.0000           	51.2600            	5.9640             	10.9696            	9.2116             	0.5430             	60.0200            	0.0000             	0.0000             	0.0000             
240                	2021-02-01 15:16:07	213.9000           	51.0400            	5.9570             	10.9175            	9.1536             	0.5450             	60.0100            	0.0000             	0.0000             	0.0000             
241                	2021-02-01 15:16:08	213.9000           	51.1500            	5.9650             	10.9410            	9.1733             	0.5450             	60.0200            	0.0000             	0.0000             	0.0000             
242                	2021-02-01 15:16:09	213.7000           	51.2600            	5.9850             	10.9543            	9.1773             	0.5460             	60.0200            	0.0000             	0.0000             	0.0000             
243                	2021-02-01 15:16:11	213.6000           	50.6900            	5.9460             	10.8274            	9.0498             	0.5490             	59.9900            	0.0000             	0.0000             	0.0000             
244                	2021-02-01 15:16:12	213.6000           	50.5500            	5.9520             	10.7975            	9.0106             	0.5510             	60.0100            	0.0000             	0.0000             	0.0000             
245                	2021-02-01 15:16:13	213.6000           	50.9100            	5.9840             	10.8744            	9.0819             	0.5500             	60.0100            	0.0000             	0.0000             	0.0000             
246                	2021-02-01 15:16:14	213.6000           	50.7600            	5.9600             	10.8423            	9.0623             	0.5490             	60.0100            	0.0000             	0.0000             	0.0000             
247                	2021-02-01 15:16:15	213.4000           	51.1700            	6.0040             	10.9197            	9.1269             	0.5490             	60.0100            	0.0000             	0.0000             	0.0000             
248                	2021-02-01 15:16:16	213.3000           	50.5900            	5.9620             	10.7908            	8.9979             	0.5520             	60.0200            	0.0000             	0.0000             	0.0000             
249                	2021-02-01 15:16:17	213.2000           	50.7300            	5.9670             	10.8156            	9.0257             	0.5510             	60.0100            	0.0000             	0.0000             	0.0000             
250                	2021-02-01 15:16:18	213.4000           	50.6900            	5.9840             	10.8172            	9.0127             	0.5530             	60.0100            	0.0000             	0.0000             	0.0000             
251                	2021-02-01 15:16:19	213.5000           	50.8700            	5.9850             	10.8607            	9.0705             	0.5500             	60.0200            	0.0000             	0.0000             	0.0000             
252                	2021-02-01 15:16:20	213.5000           	50.9100            	5.9890             	10.8693            	9.0776             	0.5500             	60.0100            	0.0000             	0.0000             	0.0000             
253                	2021-02-01 15:16:21	213.5000           	50.9900            	5.9940             	10.8864            	9.0919             	0.5500             	60.0100            	0.0000             	0.0000             	0.0000             
254                	2021-02-01 15:16:22	213.5000           	50.8900            	5.9690             	10.8650            	9.0812             	0.5490             	60.0200            	0.0000             	0.0000             	0.0000             
255                	2021-02-01 15:16:24	213.3000           	50.8400            	5.9670             	10.8442            	9.0567             	0.5500             	60.0200            	0.0000             	0.0000             	0.0000             
256                	2021-02-01 15:16:25	213.3000           	51.2300            	5.9740             	10.9274            	9.1548             	0.5460             	60.0200            	0.0000             	0.0000             	0.0000             
257                	2021-02-01 15:16:26	213.4000           	50.8200            	5.9660             	10.8450            	9.0574             	0.5500             	60.0200            	0.0000             	0.0000             	0.0000             
258                	2021-02-01 15:16:27	213.3000           	25.9800            	3.2400             	5.5415             	4.4984             	0.5840             	60.0200            	0.0000             	0.0000             	0.0000             
259                	2021-02-01 15:16:28	213.3000           	25.0700            	3.1360             	5.3474             	4.3331             	0.5860             	60.0200            	0.0000             	0.0000             	0.0000             
260                	2021-02-01 15:16:29	213.4000           	24.7600            	3.1020             	5.2838             	4.2777             	0.5870             	60.0200            	0.0000             	0.0000             	0.0000             
261                	2021-02-01 15:16:30	213.4000           	25.8200            	3.2180             	5.5100             	4.4767             	0.5830             	60.0200            	0.0000             	0.0000             	0.0000             
262                	2021-02-01 15:16:31	213.4000           	25.6000            	3.1960             	5.4630             	4.4346             	0.5840             	60.0200            	0.0000             	0.0000             	0.0000             
263                	2021-02-01 15:16:32	213.5000           	24.7300            	3.0980             	5.2799             	4.2783             	0.5860             	60.0100            	0.0000             	0.0000             	0.0000             
264                	2021-02-01 15:16:33	213.4000           	25.7700            	3.2090             	5.4993             	4.4680             	0.5830             	60.0100            	0.0000             	0.0000             	0.0000             
265                	2021-02-01 15:16:34	213.4000           	25.8800            	3.2190             	5.5228             	4.4911             	0.5820             	60.0200            	0.0000             	0.0000             	0.0000             
266                	2021-02-01 15:16:35	213.4000           	24.6900            	3.0780             	5.2688             	4.2770             	0.5840             	60.0200            	0.0000             	0.0000             	0.0000             
267                	2021-02-01 15:16:37	213.4000           	28.8300            	3.4990             	6.1523             	5.0635             	0.5680             	60.0200            	0.0000             	0.0000             	0.0000             
268                	2021-02-01 15:16:38	213.6000           	44.3800            	5.2930             	9.4796             	7.8665             	0.5580             	60.0200            	0.0000             	0.0000             	0.0000             
269                	2021-02-01 15:16:39	213.6000           	50.3600            	5.9060             	10.7569            	8.9979             	0.5480             	60.0200            	0.0000             	0.0000             	0.0000             
270                	2021-02-01 15:16:40	213.7000           	50.2900            	5.9120             	10.7470            	8.9755             	0.5500             	60.0200            	0.0000             	0.0000             	0.0000             
271                	2021-02-01 15:16:41	213.7000           	49.7400            	5.8730             	10.6294            	8.8633             	0.5520             	60.0200            	0.0000             	0.0000             	0.0000             
272                	2021-02-01 15:16:42	213.6000           	50.6300            	5.9600             	10.8146            	9.0248             	0.5510             	60.0300            	0.0000             	0.0000             	0.0000             
273                	2021-02-01 15:16:43	213.6000           	50.5100            	5.9510             	10.7889            	9.0034             	0.5510             	60.0300            	0.0000             	0.0000             	0.0000             
274                	2021-02-01 15:16:44	213.4000           	50.6100            	5.9520             	10.8002            	9.0128             	0.5510             	60.0300            	0.0000             	0.0000             	0.0000             
275                	2021-02-01 15:16:45	213.6000           	50.7800            	5.9620             	10.8466            	9.0658             	0.5490             	60.0300            	0.0000             	0.0000             	0.0000             
276                	2021-02-01 15:16:46	213.6000           	50.6900            	5.9730             	10.8274            	9.0355             	0.5510             	60.0200            	0.0000             	0.0000             	0.0000             
277                	2021-02-01 15:16:47	213.6000           	51.0100            	5.9760             	10.8957            	9.1140             	0.5480             	60.0200            	0.0000             	0.0000             	0.0000             
278                	2021-02-01 15:16:49	213.5000           	51.2900            	6.0170             	10.9504            	9.1526             	0.5490             	60.0200            	0.0000             	0.0000             	0.0000             
279                	2021-02-01 15:16:50	213.5000           	50.9600            	5.9570             	10.8800            	9.1080             	0.5470             	60.0200            	0.0000             	0.0000             	0.0000             
280                	2021-02-01 15:16:51	213.2000           	50.6000            	5.9590             	10.7879            	8.9954             	0.5520             	60.0400            	0.0000             	0.0000             	0.0000             
281                	2021-02-01 15:16:52	213.5000           	50.7300            	5.9650             	10.8309            	9.0455             	0.5500             	60.0200            	0.0000             	0.0000             	0.0000             
282                	2021-02-01 15:16:53	213.1000           	50.6900            	5.9480             	10.8020            	9.0215             	0.5500             	60.0200            	0.0000             	0.0000             	0.0000             
283                	2021-02-01 15:16:54	213.4000           	50.5300            	5.9250             	10.7831            	9.0128             	0.5490             	60.0200            	0.0000             	0.0000             	0.0000             
284                	2021-02-01 15:16:55	213.4000           	50.8200            	5.9640             	10.8450            	9.0645             	0.5490             	60.0100            	0.0000             	0.0000             	0.0000             
285                	2021-02-01 15:16:56	213.5000           	50.8200            	5.9630             	10.8501            	9.0687             	0.5490             	60.0100            	0.0000             	0.0000             	0.0000             
286                	2021-02-01 15:16:57	213.4000           	50.8700            	5.9570             	10.8557            	9.0805             	0.5480             	60.0100            	0.0000             	0.0000             	0.0000             
287                	2021-02-01 15:16:58	213.4000           	49.6400            	5.8460             	10.5932            	8.8401             	0.5510             	60.0100            	0.0000             	0.0000             	0.0000             
288                	2021-02-01 15:17:00	213.4000           	49.3200            	5.7980             	10.5249            	8.7900             	0.5500             	60.0100            	0.0000             	0.0000             	0.0000             
289                	2021-02-01 15:17:01	213.5000           	49.7900            	5.8850             	10.6302            	8.8569             	0.5530             	60.0100            	0.0000             	0.0000             	0.0000             
290                	2021-02-01 15:17:02	213.2000           	49.2800            	5.8310             	10.5065            	8.7468             	0.5540             	60.0100            	0.0000             	0.0000             	0.0000             
291                	2021-02-01 15:17:03	213.1000           	49.3800            	5.8130             	10.5229            	8.7744             	0.5520             	60.0000            	0.0000             	0.0000             	0.0000             
292                	2021-02-01 15:17:04	213.4000           	49.7800            	5.8540             	10.6231            	8.8650             	0.5510             	60.0000            	0.0000             	0.0000             	0.0000             
293                	2021-02-01 15:17:05	213.5000           	49.6500            	5.8360             	10.6003            	8.8530             	0.5500             	60.0100            	0.0000             	0.0000             	0.0000             
294                	2021-02-01 15:17:06	213.4000           	49.5700            	5.8460             	10.5782            	8.8206             	0.5520             	60.0000            	0.0000             	0.0000             	0.0000             
295                	2021-02-01 15:17:07	213.5000           	24.9100            	3.1160             	5.3183             	4.3133             	0.5850             	60.0000            	0.0000             	0.0000             	0.0000             
296                	2021-02-01 15:17:08	213.4000           	25.0600            	3.1240             	5.3478             	4.3411             	0.5840             	60.0000            	0.0000             	0.0000             	0.0000             
297                	2021-02-01 15:17:10	213.2000           	25.7500            	3.1890             	5.4899             	4.4722             	0.5800             	60.0000            	0.0000             	0.0000             	0.0000             
298                	2021-02-01 15:17:11	213.3000           	26.2400            	3.2640             	5.5970             	4.5474             	0.5830             	60.0000            	0.0000             	0.0000             	0.0000             
299                	2021-02-01 15:17:12	213.2000           	24.5400            	3.0680             	5.2319             	4.2395             	0.5860             	60.0000            	0.0000             	0.0000             	0.0000             
300                	2021-02-01 15:17:13	213.2000           	25.6600            	3.1910             	5.4707             	4.4448             	0.5830             	60.0000            	0.0000             	0.0000             	0.0000             
301                	2021-02-01 15:17:14	213.3000           	24.7000            	3.0780             	5.2685             	4.2767             	0.5840             	59.9900            	0.0000             	0.0000             	0.0000             
302                	2021-02-01 15:17:15	213.4000           	25.8100            	3.2030             	5.5079             	4.4829             	0.5810             	59.9900            	0.0000             	0.0000             	0.0000             
303                	2021-02-01 15:17:16	213.4000           	24.6300            	3.0760             	5.2560             	4.2628             	0.5850             	60.0100            	0.0000             	0.0000             	0.0000             
304                	2021-02-01 15:17:17	213.2000           	50.2100            	5.8690             	10.7048            	8.9613             	0.5470             	60.0000            	0.0000             	0.0000             	0.0000             
305                	2021-02-01 15:17:19	213.3000           	45.7400            	5.4350             	9.7563             	8.1093             	0.5560             	60.0000            	0.0000             	0.0000             	0.0000             
306                	2021-02-01 15:17:20	213.3000           	50.5700            	5.9280             	10.7866            	9.0157             	0.5490             	60.0100            	0.0000             	0.0000             	0.0000             
307                	2021-02-01 15:17:21	213.2000           	50.6700            	5.9400             	10.8028            	9.0293             	0.5490             	60.0000            	0.0000             	0.0000             	0.0000             
308                	2021-02-01 15:17:22	213.2000           	49.7500            	5.8660             	10.6067            	8.8443             	0.5520             	60.0100            	0.0000             	0.0000             	0.0000             
309                	2021-02-01 15:17:23	213.2000           	51.5200            	6.0220             	10.9841            	9.1879             	0.5480             	60.0100            	0.0000             	0.0000             	0.0000             
310                	2021-02-01 15:17:24	213.4000           	50.8400            	5.9650             	10.8493            	9.0681             	0.5490             	60.0100            	0.0000             	0.0000             	0.0000             
311                	2021-02-01 15:17:25	213.3000           	50.6900            	5.9630             	10.8122            	9.0228             	0.5510             	60.0100            	0.0000             	0.0000             	0.0000             
312                	2021-02-01 15:17:26	213.3000           	50.9100            	5.9570             	10.8591            	9.0834             	0.5480             	60.0100            	0.0000             	0.0000             	0.0000             
313                	2021-02-01 15:17:28	213.2000           	51.2000            	5.9860             	10.9158            	9.1309             	0.5480             	60.0000            	0.0000             	0.0000             	0.0000             
314                	2021-02-01 15:17:29	213.5000           	50.7600            	5.9760             	10.8373            	9.0438             	0.5510             	60.0100            	0.0000             	0.0000             	0.0000             
315                	2021-02-01 15:17:30	213.2000           	50.2900            	5.9670             	10.7218            	8.9118             	0.5560             	60.0100            	0.0000             	0.0000             	0.0000             
316                	2021-02-01 15:17:31	213.3000           	51.1400            	5.9740             	10.9082            	9.1316             	0.5470             	60.0100            	0.0000             	0.0000             	0.0000             
317                	2021-02-01 15:17:32	213.3000           	50.7600            	5.9730             	10.8271            	9.0353             	0.5510             	60.0000            	0.0000             	0.0000             	0.0000             
318                	2021-02-01 15:17:33	213.4000           	50.6800            	5.9720             	10.8151            	9.0181             	0.5520             	60.0000            	0.0000             	0.0000             	0.0000             
319                	2021-02-01 15:17:34	213.4000           	50.3700            	5.9270             	10.7490            	8.9701             	0.5510             	60.0000            	0.0000             	0.0000             	0.0000             
320                	2021-02-01 15:17:35	213.5000           	50.9400            	5.9750             	10.8757            	9.0901             	0.5490             	59.9900            	0.0000             	0.0000             	0.0000             
321                	2021-02-01 15:17:36	213.3000           	49.9700            	5.8760             	10.6586            	8.8947             	0.5510             	59.9900            	0.0000             	0.0000             	0.0000             
322                	2021-02-01 15:17:38	213.3000           	50.1600            	5.9000             	10.6991            	8.9285             	0.5510             	59.9900            	0.0000             	0.0000             	0.0000             
323                	2021-02-01 15:17:39	213.2000           	51.6600            	6.0290             	11.0139            	9.2201             	0.5470             	59.9900            	0.0000             	0.0000             	0.0000             
324                	2021-02-01 15:17:40	213.4000           	51.7900            	6.0690             	11.0520            	9.2447             	0.5480             	59.9900            	0.0000             	0.0000             	0.0000             
325                	2021-02-01 15:17:41	213.5000           	50.9200            	5.9770             	10.8714            	9.0866             	0.5490             	59.9900            	0.0000             	0.0000             	0.0000             
326                	2021-02-01 15:17:42	213.4000           	50.8100            	5.9680             	10.8429            	9.0556             	0.5500             	59.9900            	0.0000             	0.0000             	0.0000             
327                	2021-02-01 15:17:43	213.4000           	50.3500            	5.8860             	10.7447            	8.9947             	0.5470             	60.0000            	0.0000             	0.0000             	0.0000             
328                	2021-02-01 15:17:44	213.5000           	51.9100            	6.0080             	11.0828            	9.3209             	0.5410             	59.9700            	0.0000             	0.0000             	0.0000             
329                	2021-02-01 15:17:45	213.5000           	51.4400            	5.9620             	10.9824            	9.2294             	0.5420             	59.9900            	0.0000             	0.0000             	0.0000             
330                	2021-02-01 15:17:46	213.5000           	51.2300            	5.9690             	10.9376            	9.1705             	0.5450             	59.9900            	0.0000             	0.0000             	0.0000             
331                	2021-02-01 15:17:48	213.5000           	38.0200            	4.6360             	8.1173             	6.6695             	0.5700             	59.9900            	0.0000             	0.0000             	0.0000             
332                	2021-02-01 15:17:49	213.5000           	28.0100            	3.4450             	5.9801             	4.8927             	0.5750             	59.9900            	0.0000             	0.0000             	0.0000             
333                	2021-02-01 15:17:50	213.3000           	25.1000            	3.1180             	5.3538             	4.3537             	0.5820             	59.9900            	0.0000             	0.0000             	0.0000             
334                	2021-02-01 15:17:51	213.3000           	31.6600            	3.8800             	6.7531             	5.5298             	0.5740             	59.9900            	0.0000             	0.0000             	0.0000             
335                	2021-02-01 15:17:52	213.4000           	29.2500            	3.5720             	6.2420             	5.1200             	0.5720             	59.9900            	0.0000             	0.0000             	0.0000             
336                	2021-02-01 15:17:53	213.5000           	25.0600            	3.1110             	5.3503             	4.3546             	0.5810             	59.9900            	0.0000             	0.0000             	0.0000             
337                	2021-02-01 15:17:54	213.3000           	24.7500            	3.0820             	5.2792             	4.2892             	0.5830             	60.0000            	0.0000             	0.0000             	0.0000             
338                	2021-02-01 15:17:55	213.4000           	24.7800            	3.0890             	5.2881             	4.2926             	0.5840             	60.0000            	0.0000             	0.0000             	0.0000             
339                	2021-02-01 15:17:56	213.3000           	25.7000            	3.2060             	5.4818             	4.4499             	0.5840             	60.0000            	0.0000             	0.0000             	0.0000             
340                	2021-02-01 15:17:57	213.2000           	25.2400            	3.1510             	5.3812             	4.3643             	0.5850             	60.0100            	0.0000             	0.0000             	0.0000             
341                	2021-02-01 15:17:58	213.4000           	43.9700            	5.2700             	9.3832             	7.7676             	0.5610             	60.0000            	0.0000             	0.0000             	0.0000             
342                	2021-02-01 15:17:59	213.5000           	49.6200            	5.8420             	10.5939            	8.8406             	0.5510             	60.0000            	0.0000             	0.0000             	0.0000             
343                	2021-02-01 15:18:00	213.4000           	50.3100            	5.9230             	10.7362            	8.9594             	0.5510             	60.0000            	0.0000             	0.0000             	0.0000             
344                	2021-02-01 15:18:02	213.4000           	50.3500            	5.9390             	10.7447            	8.9594             	0.5520             	60.0100            	0.0000             	0.0000             	0.0000             
345                	2021-02-01 15:18:03	213.4000           	50.4900            	5.9410             	10.7746            	8.9914             	0.5510             	60.0100            	0.0000             	0.0000             	0.0000             
346                	2021-02-01 15:18:04	213.3000           	50.5700            	5.9350             	10.7866            	9.0086             	0.5500             	60.0100            	0.0000             	0.0000             	0.0000             
347                	2021-02-01 15:18:05	213.7000           	49.4800            	5.8340             	10.5739            	8.8240             	0.5510             	60.0100            	0.0000             	0.0000             	0.0000             
348                	2021-02-01 15:18:06	213.6000           	49.2400            	5.8060             	10.5177            	8.7770             	0.5510             	60.0000            	0.0000             	0.0000             	0.0000             
349                	2021-02-01 15:18:07	213.5000           	51.2800            	5.9930             	10.9483            	9.1652             	0.5470             	60.0100            	0.0000             	0.0000             	0.0000             
350                	2021-02-01 15:18:08	213.6000           	49.6200            	5.8510             	10.5988            	8.8448             	0.5510             	60.0000            	0.0000             	0.0000             	0.0000             
351                	2021-02-01 15:18:09	213.4000           	50.4900            	5.9480             	10.7746            	8.9914             	0.5510             	60.0000            	0.0000             	0.0000             	0.0000             
352                	2021-02-01 15:18:10	213.5000           	50.9500            	5.9690             	10.8778            	9.0991             	0.5480             	60.0000            	0.0000             	0.0000             	0.0000             
353                	2021-02-01 15:18:11	213.5000           	50.7400            	5.9520             	10.8330            	9.0545             	0.5490             	59.9900            	0.0000             	0.0000             	0.0000             
354                	2021-02-01 15:18:13	213.4000           	51.6200            	6.0390             	11.0157            	9.2144             	0.5480             	59.9900            	0.0000             	0.0000             	0.0000             
355                	2021-02-01 15:18:14	213.4000           	50.9600            	5.9520             	10.8749            	9.1037             	0.5470             	60.0000            	0.0000             	0.0000             	0.0000             
356                	2021-02-01 15:18:15	213.1000           	50.0100            	5.8730             	10.6571            	8.9005             	0.5500             	60.0000            	0.0000             	0.0000             	0.0000             
357                	2021-02-01 15:18:16	213.2000           	50.8300            	5.9460             	10.8370            	9.0649             	0.5480             	59.9900            	0.0000             	0.0000             	0.0000             
358                	2021-02-01 15:18:17	213.6000           	50.8200            	5.9670             	10.8552            	9.0730             	0.5490             	59.9900            	0.0000             	0.0000             	0.0000             
359                	2021-02-01 15:18:18	213.4000           	50.7400            	5.9520             	10.8279            	9.0502             	0.5490             	59.9900            	0.0000             	0.0000             	0.0000             
360                	2021-02-01 15:18:19	213.4000           	50.2000            	5.8750             	10.7127            	8.9609             	0.5480             	59.9900            	0.0000             	0.0000             	0.0000             
361                	2021-02-01 15:18:20	213.4000           	50.6800            	5.9550             	10.8151            	9.0324             	0.5500             	60.0000            	0.0000             	0.0000             	0.0000             
362                	2021-02-01 15:18:21	213.4000           	50.9300            	5.9420             	10.8685            	9.1054             	0.5460             	60.0000            	0.0000             	0.0000             	0.0000             
363                	2021-02-01 15:18:22	213.4000           	49.7600            	5.8370             	10.6188            	8.8754             	0.5490             	59.9900            	0.0000             	0.0000             	0.0000             
364                	2021-02-01 15:18:23	213.3000           	49.7900            	5.8770             	10.6202            	8.8486             	0.5530             	59.9800            	0.0000             	0.0000             	0.0000             
365                	2021-02-01 15:18:24	213.6000           	49.4200            	5.8490             	10.5561            	8.7881             	0.5540             	59.9800            	0.0000             	0.0000             	0.0000             
366                	2021-02-01 15:18:26	213.6000           	49.9700            	5.8730             	10.6736            	8.9142             	0.5500             	59.9800            	0.0000             	0.0000             	0.0000             
367                	2021-02-01 15:18:27	213.7000           	49.8400            	5.8600             	10.6508            	8.8952             	0.5500             	59.9800            	0.0000             	0.0000             	0.0000             
368                	2021-02-01 15:18:28	213.5000           	49.0300            	5.8080             	10.4679            	8.7147             	0.5540             	59.9700            	0.0000             	0.0000             	0.0000             
369                	2021-02-01 15:18:29	213.7000           	34.3000            	4.2160             	7.3299             	5.9970             	0.5750             	59.9900            	0.0000             	0.0000             	0.0000             
370                	2021-02-01 15:18:30	213.7000           	25.8400            	3.2260             	5.5220             	4.4825             	0.5840             	59.9800            	0.0000             	0.0000             	0.0000             
371                	2021-02-01 15:18:31	213.5000           	24.5700            	3.0730             	5.2457             	4.2544             	0.5850             	59.9800            	0.0000             	0.0000             	0.0000             
372                	2021-02-01 15:18:32	213.7000           	24.4300            	3.0680             	5.2207             	4.2266             	0.5870             	59.9900            	0.0000             	0.0000             	0.0000             
373                	2021-02-01 15:18:33	213.7000           	25.6900            	3.2000             	5.4900             	4.4644             	0.5820             	59.9900            	0.0000             	0.0000             	0.0000             
374                	2021-02-01 15:18:34	213.6000           	24.7300            	3.0880             	5.2823             	4.2879             	0.5840             	59.9800            	0.0000             	0.0000             	0.0000             
375                	2021-02-01 15:18:35	213.7000           	25.8700            	3.2130             	5.5284             	4.4996             	0.5810             	59.9900            	0.0000             	0.0000             	0.0000             
376                	2021-02-01 15:18:36	213.6000           	25.8900            	3.2130             	5.5301             	4.5049             	0.5800             	59.9900            	0.0000             	0.0000             	0.0000             
377                	2021-02-01 15:18:37	213.5000           	24.7600            	3.0920             	5.2863             	4.2911             	0.5840             	59.9900            	0.0000             	0.0000             	0.0000             
378                	2021-02-01 15:18:38	213.6000           	27.0100            	3.3340             	5.7693             	4.7121             	0.5770             	59.9900            	0.0000             	0.0000             	0.0000             
379                	2021-02-01 15:18:39	213.7000           	25.7000            	3.1880             	5.4921             	4.4739             	0.5800             	59.9900            	0.0000             	0.0000             	0.0000             
380                	2021-02-01 15:18:40	213.5000           	26.0200            	3.2350             	5.5553             	4.5175             	0.5820             	59.9900            	0.0000             	0.0000             	0.0000             
381                	2021-02-01 15:18:41	213.5000           	24.5800            	3.0720             	5.2478             	4.2562             	0.5850             	59.9900            	0.0000             	0.0000             	0.0000             
382                	2021-02-01 15:18:43	213.6000           	24.5900            	3.0720             	5.2524             	4.2637             	0.5840             	59.9900            	0.0000             	0.0000             	0.0000             
383                	2021-02-01 15:18:44	213.4000           	25.8500            	3.2080             	5.5164             	4.4898             	0.5810             	59.9900            	0.0000             	0.0000             	0.0000             
384                	2021-02-01 15:18:45	213.5000           	24.6000            	3.0790             	5.2521             	4.2558             	0.5860             	59.9900            	0.0000             	0.0000             	0.0000             
385                	2021-02-01 15:18:46	213.6000           	25.2400            	3.1580             	5.3913             	4.3725             	0.5850             	59.9900            	0.0000             	0.0000             	0.0000             
386                	2021-02-01 15:18:47	213.5000           	25.4700            	3.1890             	5.4378             	4.4063             	0.5860             	59.9900            	0.0000             	0.0000             	0.0000             
387                	2021-02-01 15:18:48	213.7000           	24.7500            	3.1030             	5.2891             	4.2858             	0.5860             	59.9900            	0.0000             	0.0000             	0.0000             
388                	2021-02-01 15:18:49	213.6000           	25.8300            	3.2230             	5.5173             	4.4826             	0.5830             	59.9900            	0.0000             	0.0000             	0.0000             
389                	2021-02-01 15:18:50	213.6000           	24.4000            	3.0500             	5.2118             	4.2307             	0.5840             	59.9900            	0.0000             	0.0000             	0.0000             
390                	2021-02-01 15:18:51	213.5000           	24.3600            	3.0370             	5.2009             	4.2256             	0.5830             	59.9900            	0.0000             	0.0000             	0.0000             
391                	2021-02-01 15:18:53	213.6000           	24.3300            	3.0460             	5.1969             	4.2148             	0.5850             	59.9900            	0.0000             	0.0000             	0.0000             
392                	2021-02-01 15:18:54	213.5000           	24.3200            	3.0420             	5.1923             	4.2111             	0.5850             	59.9900            	0.0000             	0.0000             	0.0000             
