No.                	Time               	Voltage[ V ]       	Current[ mA ]      	Active Power[ W ]  	Apparent Power[ VA ]	Reactive Power[ Var ]	Power Factor[ PF ] 	Frequency[ Hz ]    	Watt Hours[ Wh ]   	CO2[ g ]           	Cost[ Dollar ]     
1                  	2021-02-01 14:28:25	213.5000           	15.8800            	1.9200             	3.3904             	2.7950             	0.5660             	60.0100            	0.0000             	0.0000             	0.0000             
2                  	2021-02-01 14:28:26	213.4000           	15.9100            	1.9280             	3.3952             	2.7967             	0.5670             	60.0000            	0.0000             	0.0000             	0.0000             
3                  	2021-02-01 14:28:27	213.3000           	15.9500            	1.9280             	3.4021             	2.8047             	0.5660             	60.0000            	0.0000             	0.0000             	0.0000             
4                  	2021-02-01 14:28:28	213.5000           	15.8600            	1.9200             	3.3861             	2.7915             	0.5660             	60.0000            	0.0000             	0.0000             	0.0000             
5                  	2021-02-01 14:28:29	213.4000           	15.8900            	1.9230             	3.3909             	2.7955             	0.5660             	60.0000            	0.0000             	0.0000             	0.0000             
6                  	2021-02-01 14:28:30	213.4000           	15.8500            	1.9190             	3.3824             	2.7861             	0.5670             	60.0000            	0.0000             	0.0000             	0.0000             
7                  	2021-02-01 14:28:31	213.4000           	15.9500            	1.9340             	3.4037             	2.8014             	0.5680             	60.0000            	0.0000             	0.0000             	0.0000             
8                  	2021-02-01 14:28:32	213.5000           	15.9700            	1.9350             	3.4096             	2.8085             	0.5670             	60.0000            	0.0000             	0.0000             	0.0000             
9                  	2021-02-01 14:28:33	213.5000           	15.8200            	1.9220             	3.3776             	2.7798             	0.5680             	60.0000            	0.0000             	0.0000             	0.0000             
10                 	2021-02-01 14:28:35	213.7000           	15.8700            	1.9340             	3.3914             	2.7889             	0.5690             	60.0000            	0.0000             	0.0000             	0.0000             
11                 	2021-02-01 14:28:36	213.8000           	15.8700            	1.9320             	3.3930             	2.7902             	0.5690             	59.9900            	0.0000             	0.0000             	0.0000             
12                 	2021-02-01 14:28:37	213.7000           	15.7400            	1.9120             	3.3636             	2.7684             	0.5680             	60.0000            	0.0000             	0.0000             	0.0000             
13                 	2021-02-01 14:28:38	213.5000           	15.7900            	1.9150             	3.3712             	2.7769             	0.5670             	60.0000            	0.0000             	0.0000             	0.0000             
14                 	2021-02-01 14:28:39	213.7000           	15.8600            	1.9160             	3.3893             	2.7965             	0.5650             	60.0000            	0.0000             	0.0000             	0.0000             
15                 	2021-02-01 14:28:40	213.6000           	15.9400            	1.9340             	3.4048             	2.8046             	0.5670             	59.9800            	0.0000             	0.0000             	0.0000             
16                 	2021-02-01 14:28:41	213.7000           	15.8500            	1.9300             	3.3871             	2.7854             	0.5690             	60.0000            	0.0000             	0.0000             	0.0000             
17                 	2021-02-01 14:28:42	213.8000           	15.7000            	1.9160             	3.3567             	2.7580             	0.5700             	60.0100            	0.0000             	0.0000             	0.0000             
18                 	2021-02-01 14:28:43	213.9000           	15.8700            	1.9390             	3.3946             	2.7891             	0.5700             	60.0100            	0.0000             	0.0000             	0.0000             
19                 	2021-02-01 14:28:45	213.8000           	15.8600            	1.9360             	3.3909             	2.7837             	0.5710             	60.0100            	0.0000             	0.0000             	0.0000             
20                 	2021-02-01 14:28:46	213.9000           	15.7500            	1.9160             	3.3689             	2.7727             	0.5680             	60.0100            	0.0000             	0.0000             	0.0000             
21                 	2021-02-01 14:28:47	213.9000           	15.7900            	1.9210             	3.3775             	2.7798             	0.5680             	60.0100            	0.0000             	0.0000             	0.0000             
22                 	2021-02-01 14:28:48	213.8000           	15.7600            	1.9200             	3.3695             	2.7709             	0.5690             	60.0100            	0.0000             	0.0000             	0.0000             
23                 	2021-02-01 14:28:49	213.8000           	15.7200            	1.9150             	3.3609             	2.7638             	0.5690             	60.0100            	0.0000             	0.0000             	0.0000             
24                 	2021-02-01 14:28:50	213.8000           	15.8400            	1.9280             	3.3866             	2.7849             	0.5690             	60.0100            	0.0000             	0.0000             	0.0000             
25                 	2021-02-01 14:28:51	213.3000           	15.8400            	1.9260             	3.3787             	2.7784             	0.5690             	60.0100            	0.0000             	0.0000             	0.0000             
26                 	2021-02-01 14:28:52	213.7000           	15.8400            	1.9290             	3.3850             	2.7836             	0.5690             	60.0100            	0.0000             	0.0000             	0.0000             
27                 	2021-02-01 14:28:53	213.7000           	17.3400            	2.1000             	3.7056             	3.0549             	0.5660             	60.0100            	0.0000             	0.0000             	0.0000             
28                 	2021-02-01 14:28:54	213.8000           	15.8400            	1.9270             	3.3866             	2.7873             	0.5680             	60.0100            	0.0000             	0.0000             	0.0000             
29                 	2021-02-01 14:28:55	213.8000           	15.7200            	1.9160             	3.3609             	2.7615             	0.5700             	60.0100            	0.0000             	0.0000             	0.0000             
30                 	2021-02-01 14:28:57	213.8000           	15.7900            	1.9240             	3.3759             	2.7761             	0.5690             	60.0100            	0.0000             	0.0000             	0.0000             
31                 	2021-02-01 14:28:58	213.8000           	15.7700            	1.9200             	3.3716             	2.7726             	0.5690             	60.0200            	0.0000             	0.0000             	0.0000             
32                 	2021-02-01 14:28:59	213.8000           	15.7500            	1.9190             	3.3674             	2.7691             	0.5690             	60.0100            	0.0000             	0.0000             	0.0000             
33                 	2021-02-01 14:29:00	213.8000           	15.7800            	1.9210             	3.3738             	2.7744             	0.5690             	60.0200            	0.0000             	0.0000             	0.0000             
34                 	2021-02-01 14:29:01	213.6000           	15.7500            	1.9190             	3.3642             	2.7642             	0.5700             	60.0100            	0.0000             	0.0000             	0.0000             
35                 	2021-02-01 14:29:02	213.6000           	15.8000            	1.9280             	3.3749             	2.7706             	0.5710             	60.0100            	0.0000             	0.0000             	0.0000             
36                 	2021-02-01 14:29:03	213.5000           	15.7900            	1.9250             	3.3712             	2.7699             	0.5700             	60.0100            	0.0000             	0.0000             	0.0000             
37                 	2021-02-01 14:29:05	213.7000           	15.8000            	1.9290             	3.3765             	2.7719             	0.5710             	60.0100            	0.0000             	0.0000             	0.0000             
38                 	2021-02-01 14:29:06	213.8000           	15.7500            	1.9190             	3.3674             	2.7691             	0.5690             	60.0000            	0.0000             	0.0000             	0.0000             
39                 	2021-02-01 14:29:07	213.9000           	15.8000            	1.9310             	3.3796             	2.7745             	0.5710             	60.0000            	0.0000             	0.0000             	0.0000             
40                 	2021-02-01 14:29:08	214.1000           	15.7400            	1.9260             	3.3699             	2.7665             	0.5710             	60.0100            	0.0000             	0.0000             	0.0000             
41                 	2021-02-01 14:29:09	214.1000           	15.7700            	1.9270             	3.3764             	2.7742             	0.5700             	60.0100            	0.0000             	0.0000             	0.0000             
42                 	2021-02-01 14:29:10	213.9000           	15.7700            	1.9280             	3.3732             	2.7692             	0.5710             	60.0100            	0.0000             	0.0000             	0.0000             
43                 	2021-02-01 14:29:11	213.8000           	15.8200            	1.9270             	3.3823             	2.7814             	0.5690             	59.9900            	0.0000             	0.0000             	0.0000             
44                 	2021-02-01 14:29:12	213.9000           	15.8000            	1.9300             	3.3796             	2.7768             	0.5700             	60.0000            	0.0000             	0.0000             	0.0000             
45                 	2021-02-01 14:29:14	213.8000           	15.8300            	1.9260             	3.3845             	2.7832             	0.5690             	60.0000            	0.0000             	0.0000             	0.0000             
46                 	2021-02-01 14:29:15	213.8000           	15.8500            	1.9310             	3.3887             	2.7867             	0.5690             	60.0000            	0.0000             	0.0000             	0.0000             
47                 	2021-02-01 14:29:16	213.9000           	15.8300            	1.9300             	3.3860             	2.7845             	0.5690             	60.0000            	0.0000             	0.0000             	0.0000             
48                 	2021-02-01 14:29:17	213.9000           	15.8100            	1.9260             	3.3818             	2.7809             	0.5690             	60.0000            	0.0000             	0.0000             	0.0000             
49                 	2021-02-01 14:29:18	213.8000           	15.8300            	1.9280             	3.3845             	2.7832             	0.5690             	60.0000            	0.0000             	0.0000             	0.0000             
50                 	2021-02-01 14:29:19	213.8000           	15.7700            	1.9190             	3.3716             	2.7749             	0.5680             	60.0000            	0.0000             	0.0000             	0.0000             
51                 	2021-02-01 14:29:20	213.9000           	15.7900            	1.9240             	3.3775             	2.7774             	0.5690             	60.0000            	0.0000             	0.0000             	0.0000             
52                 	2021-02-01 14:29:21	213.8000           	15.7800            	1.9230             	3.3738             	2.7744             	0.5690             	60.0000            	0.0000             	0.0000             	0.0000             
53                 	2021-02-01 14:29:22	213.8000           	16.6200            	2.0210             	3.5534             	2.9245             	0.5680             	60.0000            	0.0000             	0.0000             	0.0000             
54                 	2021-02-01 14:29:23	213.8000           	15.7600            	1.9240             	3.3695             	2.7685             	0.5700             	60.0000            	0.0000             	0.0000             	0.0000             
55                 	2021-02-01 14:29:25	213.7000           	15.7900            	1.9300             	3.3743             	2.7702             	0.5710             	60.0000            	0.0000             	0.0000             	0.0000             
56                 	2021-02-01 14:29:26	213.7000           	16.3500            	1.9890             	3.4940             	2.8757             	0.5680             	60.0200            	0.0000             	0.0000             	0.0000             
57                 	2021-02-01 14:29:27	213.7000           	15.9700            	1.9320             	3.4128             	2.8135             	0.5660             	60.0000            	0.0000             	0.0000             	0.0000             
58                 	2021-02-01 14:29:28	213.7000           	16.0100            	1.9360             	3.4213             	2.8229             	0.5650             	60.0000            	0.0000             	0.0000             	0.0000             
59                 	2021-02-01 14:29:29	213.7000           	15.9300            	1.9220             	3.4042             	2.8111             	0.5640             	60.0100            	0.0000             	0.0000             	0.0000             
60                 	2021-02-01 14:29:30	213.9000           	15.9900            	1.9290             	3.4203             	2.8267             	0.5630             	60.0100            	0.0000             	0.0000             	0.0000             
61                 	2021-02-01 14:29:31	213.9000           	15.9800            	1.9290             	3.4181             	2.8226             	0.5640             	60.0100            	0.0000             	0.0000             	0.0000             
62                 	2021-02-01 14:29:32	214.0000           	15.8800            	1.9240             	3.3983             	2.8039             	0.5650             	60.0100            	0.0000             	0.0000             	0.0000             
63                 	2021-02-01 14:29:33	214.0000           	15.8500            	1.9260             	3.3919             	2.7940             	0.5670             	60.0200            	0.0000             	0.0000             	0.0000             
64                 	2021-02-01 14:29:34	213.9000           	15.8400            	1.9240             	3.3882             	2.7909             	0.5670             	60.0200            	0.0000             	0.0000             	0.0000             
65                 	2021-02-01 14:29:35	213.8000           	15.8000            	1.9200             	3.3780             	2.7826             	0.5670             	60.0200            	0.0000             	0.0000             	0.0000             
66                 	2021-02-01 14:29:37	213.5000           	15.8900            	1.9300             	3.3925             	2.7898             	0.5690             	60.0100            	0.0000             	0.0000             	0.0000             
67                 	2021-02-01 14:29:38	213.6000           	15.8500            	1.9250             	3.3856             	2.7864             	0.5680             	60.0200            	0.0000             	0.0000             	0.0000             
68                 	2021-02-01 14:29:39	213.5000           	15.7200            	1.9160             	3.3562             	2.7576             	0.5700             	60.0200            	0.0000             	0.0000             	0.0000             
69                 	2021-02-01 14:29:40	213.6000           	15.7600            	1.9220             	3.3663             	2.7659             	0.5700             	60.0100            	0.0000             	0.0000             	0.0000             
70                 	2021-02-01 14:29:41	213.6000           	15.7400            	1.9260             	3.3621             	2.7577             	0.5720             	60.0200            	0.0000             	0.0000             	0.0000             
71                 	2021-02-01 14:29:42	213.7000           	15.7700            	1.9250             	3.3700             	2.7690             	0.5700             	60.0200            	0.0000             	0.0000             	0.0000             
72                 	2021-02-01 14:29:43	213.6000           	15.7600            	1.9220             	3.3663             	2.7659             	0.5700             	60.0300            	0.0000             	0.0000             	0.0000             
73                 	2021-02-01 14:29:44	213.6000           	15.8000            	1.9200             	3.3749             	2.7753             	0.5690             	60.0200            	0.0000             	0.0000             	0.0000             
74                 	2021-02-01 14:29:46	213.6000           	15.7700            	1.9250             	3.3685             	2.7653             	0.5710             	60.0200            	0.0000             	0.0000             	0.0000             
75                 	2021-02-01 14:29:47	213.6000           	15.7900            	1.9220             	3.3727             	2.7735             	0.5690             	60.0200            	0.0000             	0.0000             	0.0000             
76                 	2021-02-01 14:29:48	213.7000           	15.8100            	1.9270             	3.3786             	2.7783             	0.5690             	60.0200            	0.0000             	0.0000             	0.0000             
77                 	2021-02-01 14:29:49	213.7000           	15.7600            	1.9180             	3.3679             	2.7696             	0.5690             	60.0100            	0.0000             	0.0000             	0.0000             
78                 	2021-02-01 14:29:50	213.6000           	15.8400            	1.9290             	3.3834             	2.7823             	0.5690             	60.0200            	0.0000             	0.0000             	0.0000             
79                 	2021-02-01 14:29:51	213.8000           	15.8100            	1.9230             	3.3802             	2.7820             	0.5680             	60.0100            	0.0000             	0.0000             	0.0000             
80                 	2021-02-01 14:29:52	213.9000           	15.8300            	1.9260             	3.3860             	2.7868             	0.5680             	60.0100            	0.0000             	0.0000             	0.0000             
81                 	2021-02-01 14:29:53	213.9000           	15.7900            	1.9210             	3.3775             	2.7798             	0.5680             	60.0100            	0.0000             	0.0000             	0.0000             
82                 	2021-02-01 14:29:54	213.6000           	15.8300            	1.9260             	3.3813             	2.7806             	0.5690             	60.0100            	0.0000             	0.0000             	0.0000             
83                 	2021-02-01 14:29:55	213.4000           	15.7800            	1.9180             	3.3675             	2.7692             	0.5690             	60.0200            	0.0000             	0.0000             	0.0000             
84                 	2021-02-01 14:29:56	213.6000           	15.7600            	1.9180             	3.3663             	2.7683             	0.5690             	60.0200            	0.0000             	0.0000             	0.0000             
85                 	2021-02-01 14:29:58	213.3000           	15.7600            	1.9200             	3.3616             	2.7620             	0.5700             	60.0100            	0.0000             	0.0000             	0.0000             
86                 	2021-02-01 14:29:59	213.4000           	15.7900            	1.9190             	3.3696             	2.7709             	0.5690             	60.0100            	0.0000             	0.0000             	0.0000             
87                 	2021-02-01 14:30:00	213.6000           	15.8300            	1.9290             	3.3813             	2.7782             	0.5700             	60.0200            	0.0000             	0.0000             	0.0000             
88                 	2021-02-01 14:30:01	213.6000           	15.7700            	1.9250             	3.3685             	2.7653             	0.5710             	60.0200            	0.0000             	0.0000             	0.0000             
89                 	2021-02-01 14:30:02	213.4000           	15.7900            	1.9270             	3.3696             	2.7663             	0.5710             	60.0100            	0.0000             	0.0000             	0.0000             
90                 	2021-02-01 14:30:03	213.5000           	15.8000            	1.9300             	3.3733             	2.7670             	0.5720             	60.0100            	0.0000             	0.0000             	0.0000             
91                 	2021-02-01 14:30:04	213.5000           	15.8900            	1.9360             	3.3925             	2.7874             	0.5700             	60.0100            	0.0000             	0.0000             	0.0000             
92                 	2021-02-01 14:30:05	213.5000           	15.8700            	1.9370             	3.3882             	2.7816             	0.5710             	60.0100            	0.0000             	0.0000             	0.0000             
93                 	2021-02-01 14:30:06	213.6000           	15.8600            	1.9240             	3.3877             	2.7905             	0.5670             	60.0200            	0.0000             	0.0000             	0.0000             
94                 	2021-02-01 14:30:07	213.7000           	15.8700            	1.9310             	3.3914             	2.7889             	0.5690             	60.0200            	0.0000             	0.0000             	0.0000             
95                 	2021-02-01 14:30:09	213.6000           	15.8500            	1.9350             	3.3856             	2.7794             	0.5710             	60.0200            	0.0000             	0.0000             	0.0000             
96                 	2021-02-01 14:30:10	213.9000           	15.7600            	1.9250             	3.3711             	2.7698             	0.5700             	60.0300            	0.0000             	0.0000             	0.0000             
97                 	2021-02-01 14:30:11	213.7000           	15.7500            	1.9200             	3.3658             	2.7655             	0.5700             	60.0300            	0.0000             	0.0000             	0.0000             
98                 	2021-02-01 14:30:12	213.7000           	15.7500            	1.9180             	3.3658             	2.7678             	0.5690             	60.0300            	0.0000             	0.0000             	0.0000             
99                 	2021-02-01 14:30:13	213.7000           	15.8300            	1.9250             	3.3829             	2.7842             	0.5680             	60.0300            	0.0000             	0.0000             	0.0000             
100                	2021-02-01 14:30:14	213.6000           	15.7300            	1.9200             	3.3599             	2.7583             	0.5710             	60.0300            	0.0000             	0.0000             	0.0000             
101                	2021-02-01 14:30:15	213.8000           	15.7600            	1.9180             	3.3695             	2.7709             	0.5690             	60.0300            	0.0000             	0.0000             	0.0000             
102                	2021-02-01 14:30:16	213.8000           	15.8400            	1.9310             	3.3866             	2.7849             	0.5690             	60.0300            	0.0000             	0.0000             	0.0000             
103                	2021-02-01 14:30:17	213.7000           	15.7700            	1.9240             	3.3700             	2.7690             	0.5700             	60.0300            	0.0000             	0.0000             	0.0000             
104                	2021-02-01 14:30:18	213.7000           	15.7400            	1.9190             	3.3636             	2.7637             	0.5700             	60.0300            	0.0000             	0.0000             	0.0000             
105                	2021-02-01 14:30:19	213.7000           	15.8400            	1.9310             	3.3850             	2.7813             	0.5700             	60.0300            	0.0000             	0.0000             	0.0000             
106                	2021-02-01 14:30:21	213.7000           	15.7900            	1.9270             	3.3743             	2.7725             	0.5700             	60.0300            	0.0000             	0.0000             	0.0000             
107                	2021-02-01 14:30:22	213.8000           	15.8100            	1.9330             	3.3802             	2.7750             	0.5710             	60.0300            	0.0000             	0.0000             	0.0000             
108                	2021-02-01 14:30:23	213.8000           	16.6500            	2.0350             	3.5598             	2.9224             	0.5710             	60.0300            	0.0000             	0.0000             	0.0000             
109                	2021-02-01 14:30:24	213.8000           	15.7600            	1.9280             	3.3695             	2.7662             	0.5710             	60.0300            	0.0000             	0.0000             	0.0000             
110                	2021-02-01 14:30:25	213.9000           	15.7900            	1.9300             	3.3775             	2.7727             	0.5710             	60.0300            	0.0000             	0.0000             	0.0000             
111                	2021-02-01 14:30:26	213.6000           	15.7300            	1.9160             	3.3599             	2.7607             	0.5700             	60.0300            	0.0000             	0.0000             	0.0000             
112                	2021-02-01 14:30:27	213.4000           	15.7600            	1.9240             	3.3632             	2.7610             	0.5710             	60.0300            	0.0000             	0.0000             	0.0000             
113                	2021-02-01 14:30:28	213.7000           	15.8000            	1.9300             	3.3765             	2.7719             	0.5710             	60.0300            	0.0000             	0.0000             	0.0000             
114                	2021-02-01 14:30:30	213.6000           	15.6900            	1.9160             	3.3514             	2.7513             	0.5710             	60.0300            	0.0000             	0.0000             	0.0000             
115                	2021-02-01 14:30:31	213.7000           	15.7800            	1.9260             	3.3722             	2.7707             	0.5700             	60.0200            	0.0000             	0.0000             	0.0000             
116                	2021-02-01 14:30:32	213.7000           	15.8000            	1.9270             	3.3765             	2.7743             	0.5700             	60.0100            	0.0000             	0.0000             	0.0000             
117                	2021-02-01 14:30:33	213.8000           	15.7400            	1.9270             	3.3652             	2.7603             	0.5720             	60.0200            	0.0000             	0.0000             	0.0000             
118                	2021-02-01 14:30:34	213.7000           	15.7200            	1.9190             	3.3594             	2.7579             	0.5710             	60.0000            	0.0000             	0.0000             	0.0000             
119                	2021-02-01 14:30:35	213.7000           	15.7500            	1.9250             	3.3658             	2.7631             	0.5710             	60.0300            	0.0000             	0.0000             	0.0000             
120                	2021-02-01 14:30:36	213.5000           	15.7400            	1.9240             	3.3605             	2.7565             	0.5720             	60.0200            	0.0000             	0.0000             	0.0000             
121                	2021-02-01 14:30:37	213.6000           	15.7700            	1.9240             	3.3685             	2.7653             	0.5710             	60.0100            	0.0000             	0.0000             	0.0000             
122                	2021-02-01 14:30:38	213.7000           	15.7500            	1.9270             	3.3658             	2.7608             	0.5720             	60.0200            	0.0000             	0.0000             	0.0000             
123                	2021-02-01 14:30:39	213.8000           	16.4600            	2.0220             	3.5191             	2.8817             	0.5740             	60.0200            	0.0000             	0.0000             	0.0000             
124                	2021-02-01 14:30:41	213.8000           	15.8000            	1.9240             	3.3780             	2.7779             	0.5690             	60.0200            	0.0000             	0.0000             	0.0000             
125                	2021-02-01 14:30:42	213.7000           	15.7600            	1.9190             	3.3679             	2.7696             	0.5690             	60.0200            	0.0000             	0.0000             	0.0000             
126                	2021-02-01 14:30:43	213.6000           	15.8000            	1.9270             	3.3749             	2.7730             	0.5700             	60.0100            	0.0000             	0.0000             	0.0000             
127                	2021-02-01 14:30:44	213.6000           	15.8300            	1.9280             	3.3813             	2.7782             	0.5700             	60.0100            	0.0000             	0.0000             	0.0000             
128                	2021-02-01 14:30:45	213.6000           	15.7600            	1.9210             	3.3663             	2.7659             	0.5700             	60.0100            	0.0000             	0.0000             	0.0000             
129                	2021-02-01 14:30:46	213.2000           	15.9000            	1.9340             	3.3899             	2.7853             	0.5700             	60.0100            	0.0000             	0.0000             	0.0000             
130                	2021-02-01 14:30:47	213.3000           	15.9000            	1.9350             	3.3915             	2.7866             	0.5700             	60.0100            	0.0000             	0.0000             	0.0000             
131                	2021-02-01 14:30:48	213.4000           	15.8200            	1.9210             	3.3760             	2.7785             	0.5680             	60.0100            	0.0000             	0.0000             	0.0000             
132                	2021-02-01 14:30:49	213.3000           	15.8200            	1.9180             	3.3744             	2.7772             	0.5680             	60.0000            	0.0000             	0.0000             	0.0000             
133                	2021-02-01 14:30:50	213.5000           	18.6400            	2.2640             	3.9796             	3.2754             	0.5680             	60.0100            	0.0000             	0.0000             	0.0000             
134                	2021-02-01 14:30:52	213.4000           	15.9600            	1.9360             	3.4059             	2.8031             	0.5680             	60.0100            	0.0000             	0.0000             	0.0000             
135                	2021-02-01 14:30:53	213.3000           	15.8300            	1.9210             	3.3765             	2.7790             	0.5680             	60.0100            	0.0000             	0.0000             	0.0000             
136                	2021-02-01 14:30:54	213.5000           	16.4300            	1.9960             	3.5078             	2.8870             	0.5680             	60.0000            	0.0000             	0.0000             	0.0000             
137                	2021-02-01 14:30:55	213.3000           	15.8500            	1.9230             	3.3808             	2.7825             	0.5680             	60.0000            	0.0000             	0.0000             	0.0000             
138                	2021-02-01 14:30:56	213.4000           	15.9500            	1.9380             	3.4037             	2.7990             	0.5690             	60.0100            	0.0000             	0.0000             	0.0000             
139                	2021-02-01 14:30:57	213.5000           	15.9200            	1.9350             	3.3989             	2.7951             	0.5690             	60.0100            	0.0000             	0.0000             	0.0000             
140                	2021-02-01 14:30:58	213.4000           	15.9100            	1.9330             	3.3952             	2.7920             	0.5690             	60.0100            	0.0000             	0.0000             	0.0000             
141                	2021-02-01 14:30:59	213.5000           	15.9300            	1.9370             	3.4011             	2.7968             	0.5690             	60.0100            	0.0000             	0.0000             	0.0000             
142                	2021-02-01 14:31:00	213.5000           	15.8600            	1.9300             	3.3861             	2.7845             	0.5690             	60.0200            	0.0000             	0.0000             	0.0000             
143                	2021-02-01 14:31:01	213.5000           	15.9200            	1.9310             	3.3989             	2.7974             	0.5680             	60.0200            	0.0000             	0.0000             	0.0000             
144                	2021-02-01 14:31:02	213.5000           	15.8600            	1.9270             	3.3861             	2.7845             	0.5690             	60.0200            	0.0000             	0.0000             	0.0000             
145                	2021-02-01 14:31:04	213.3000           	15.9300            	1.9360             	3.3979             	2.7942             	0.5690             	60.0100            	0.0000             	0.0000             	0.0000             
146                	2021-02-01 14:31:05	213.4000           	15.9000            	1.9320             	3.3931             	2.7902             	0.5690             	60.0100            	0.0000             	0.0000             	0.0000             
147                	2021-02-01 14:31:06	213.3000           	15.9400            	1.9340             	3.4000             	2.7983             	0.5680             	60.0200            	0.0000             	0.0000             	0.0000             
148                	2021-02-01 14:31:07	213.4000           	15.9300            	1.9370             	3.3995             	2.7955             	0.5690             	60.0200            	0.0000             	0.0000             	0.0000             
149                	2021-02-01 14:31:08	213.3000           	15.9100            	1.9350             	3.3936             	2.7907             	0.5690             	60.0100            	0.0000             	0.0000             	0.0000             
150                	2021-02-01 14:31:09	213.2000           	15.7800            	1.9220             	3.3643             	2.7643             	0.5700             	60.0100            	0.0000             	0.0000             	0.0000             
151                	2021-02-01 14:31:10	213.4000           	15.8100            	1.9190             	3.3739             	2.7768             	0.5680             	60.0100            	0.0000             	0.0000             	0.0000             
152                	2021-02-01 14:31:11	213.4000           	15.8800            	1.9240             	3.3888             	2.7914             	0.5670             	60.0000            	0.0000             	0.0000             	0.0000             
153                	2021-02-01 14:31:12	213.3000           	15.8600            	1.9190             	3.3829             	2.7866             	0.5670             	60.0000            	0.0000             	0.0000             	0.0000             
154                	2021-02-01 14:31:13	213.2000           	15.9300            	1.9250             	3.3963             	2.7999             	0.5660             	60.0100            	0.0000             	0.0000             	0.0000             
155                	2021-02-01 14:31:15	213.2000           	15.8400            	1.9200             	3.3771             	2.7794             	0.5680             	60.0000            	0.0000             	0.0000             	0.0000             
156                	2021-02-01 14:31:16	213.0000           	15.8900            	1.9230             	3.3846             	2.7879             	0.5670             	60.0000            	0.0000             	0.0000             	0.0000             
157                	2021-02-01 14:31:17	213.0000           	15.8900            	1.9240             	3.3846             	2.7856             	0.5680             	60.0000            	0.0000             	0.0000             	0.0000             
158                	2021-02-01 14:31:18	212.9000           	15.9100            	1.9190             	3.3872             	2.7925             	0.5660             	60.0000            	0.0000             	0.0000             	0.0000             
159                	2021-02-01 14:31:19	212.7000           	15.9300            	1.9270             	3.3883             	2.7887             	0.5680             	60.0000            	0.0000             	0.0000             	0.0000             
160                	2021-02-01 14:31:20	212.8000           	15.9200            	1.9230             	3.3878             	2.7906             	0.5670             	60.0000            	0.0000             	0.0000             	0.0000             
161                	2021-02-01 14:31:21	212.8000           	15.8900            	1.9190             	3.3814             	2.7853             	0.5670             	60.0000            	0.0000             	0.0000             	0.0000             
162                	2021-02-01 14:31:22	213.0000           	15.9100            	1.9220             	3.3888             	2.7914             	0.5670             	60.0100            	0.0000             	0.0000             	0.0000             
163                	2021-02-01 14:31:23	212.8000           	16.8400            	2.0300             	3.5836             	2.9543             	0.5660             	60.0100            	0.0000             	0.0000             	0.0000             
