No.                	Time               	Voltage[ V ]       	Current[ mA ]      	Active Power[ W ]  	Apparent Power[ VA ]	Reactive Power[ Var ]	Power Factor[ PF ] 	Frequency[ Hz ]    	Watt Hours[ Wh ]   	CO2[ g ]           	Cost[ Dollar ]     
1                  	2021-02-01 14:37:30	215.4000           	21.7600            	2.7610             	4.6871             	3.7912             	0.5880             	60.0200            	0.0000             	0.0000             	0.0000             
2                  	2021-02-01 14:37:31	215.4000           	21.8300            	2.7600             	4.7022             	3.8102             	0.5860             	60.0200            	0.0000             	0.0000             	0.0000             
3                  	2021-02-01 14:37:32	215.5000           	21.7500            	2.7520             	4.6871             	3.7946             	0.5870             	60.0200            	0.0000             	0.0000             	0.0000             
4                  	2021-02-01 14:37:33	215.4000           	21.7800            	2.7720             	4.6914             	3.7879             	0.5900             	60.0200            	0.0000             	0.0000             	0.0000             
5                  	2021-02-01 14:37:34	215.2000           	21.8400            	2.7760             	4.7000             	3.7948             	0.5900             	60.0100            	0.0000             	0.0000             	0.0000             
6                  	2021-02-01 14:37:35	215.2000           	21.7900            	2.7690             	4.6892             	3.7861             	0.5900             	60.0100            	0.0000             	0.0000             	0.0000             
7                  	2021-02-01 14:37:37	215.0000           	21.7900            	2.7620             	4.6848             	3.7860             	0.5890             	60.0200            	0.0000             	0.0000             	0.0000             
8                  	2021-02-01 14:37:38	215.2000           	21.7400            	2.7670             	4.6784             	3.7740             	0.5910             	60.0200            	0.0000             	0.0000             	0.0000             
9                  	2021-02-01 14:37:39	215.0000           	21.7900            	2.7620             	4.6848             	3.7860             	0.5890             	60.0100            	0.0000             	0.0000             	0.0000             
10                 	2021-02-01 14:37:40	215.0000           	21.8300            	2.7770             	4.6934             	3.7861             	0.5910             	60.0100            	0.0000             	0.0000             	0.0000             
11                 	2021-02-01 14:37:41	215.0000           	21.7800            	2.7610             	4.6827             	3.7842             	0.5890             	60.0200            	0.0000             	0.0000             	0.0000             
12                 	2021-02-01 14:37:42	215.0000           	21.8000            	2.7650             	4.6870             	3.7877             	0.5890             	60.0100            	0.0000             	0.0000             	0.0000             
13                 	2021-02-01 14:37:43	214.9000           	21.7200            	2.7620             	4.6676             	3.7652             	0.5910             	60.0100            	0.0000             	0.0000             	0.0000             
14                 	2021-02-01 14:37:44	215.2000           	21.7700            	2.7640             	4.6849             	3.7826             	0.5900             	60.0100            	0.0000             	0.0000             	0.0000             
15                 	2021-02-01 14:37:46	215.1000           	21.7300            	2.7620             	4.6741             	3.7739             	0.5900             	60.0100            	0.0000             	0.0000             	0.0000             
16                 	2021-02-01 14:37:47	215.1000           	21.7900            	2.7660             	4.6870             	3.7877             	0.5890             	60.0100            	0.0000             	0.0000             	0.0000             
17                 	2021-02-01 14:37:48	215.8000           	21.7000            	2.7670             	4.6829             	3.7810             	0.5900             	60.0100            	0.0000             	0.0000             	0.0000             
18                 	2021-02-01 14:37:49	215.5000           	21.7300            	2.7640             	4.6828             	3.7843             	0.5890             	60.0200            	0.0000             	0.0000             	0.0000             
19                 	2021-02-01 14:37:50	215.5000           	21.8000            	2.7720             	4.6979             	3.7965             	0.5890             	60.0200            	0.0000             	0.0000             	0.0000             
20                 	2021-02-01 14:37:51	215.4000           	21.7900            	2.7770             	4.6936             	3.7862             	0.5910             	60.0200            	0.0000             	0.0000             	0.0000             
21                 	2021-02-01 14:37:52	215.7000           	21.8100            	2.7740             	4.7044             	3.8018             	0.5890             	60.0300            	0.0000             	0.0000             	0.0000             
22                 	2021-02-01 14:37:53	215.7000           	21.6900            	2.7680             	4.6785             	3.7740             	0.5910             	60.0300            	0.0000             	0.0000             	0.0000             
23                 	2021-02-01 14:37:54	215.7000           	21.7800            	2.7720             	4.6979             	3.7966             	0.5890             	60.0300            	0.0000             	0.0000             	0.0000             
24                 	2021-02-01 14:37:55	215.6000           	21.7200            	2.7680             	4.6828             	3.7809             	0.5900             	60.0300            	0.0000             	0.0000             	0.0000             
25                 	2021-02-01 14:37:56	215.7000           	21.8700            	2.7820             	4.7174             	3.8123             	0.5890             	60.0300            	0.0000             	0.0000             	0.0000             
26                 	2021-02-01 14:37:58	215.2000           	21.9100            	2.7820             	4.7150             	3.8104             	0.5890             	60.0300            	0.0000             	0.0000             	0.0000             
27                 	2021-02-01 14:37:59	215.4000           	21.9000            	2.7730             	4.7173             	3.8190             	0.5870             	60.0300            	0.0000             	0.0000             	0.0000             
28                 	2021-02-01 14:38:00	215.5000           	21.7900            	2.7520             	4.6957             	3.8084             	0.5850             	60.0300            	0.0000             	0.0000             	0.0000             
29                 	2021-02-01 14:38:01	215.8000           	21.7300            	2.7570             	4.6893             	3.7964             	0.5870             	60.0500            	0.0000             	0.0000             	0.0000             
30                 	2021-02-01 14:38:02	215.6000           	21.7000            	2.7500             	4.6785             	3.7877             	0.5870             	60.0300            	0.0000             	0.0000             	0.0000             
31                 	2021-02-01 14:38:03	215.6000           	21.6900            	2.7520             	4.6764             	3.7825             	0.5880             	60.0200            	0.0000             	0.0000             	0.0000             
32                 	2021-02-01 14:38:04	215.5000           	21.7100            	2.7500             	4.6785             	3.7877             	0.5870             	60.0300            	0.0000             	0.0000             	0.0000             
33                 	2021-02-01 14:38:05	215.4000           	21.7400            	2.7540             	4.6828             	3.7911             	0.5870             	60.0300            	0.0000             	0.0000             	0.0000             
34                 	2021-02-01 14:38:06	215.5000           	21.7000            	2.7500             	4.6764             	3.7859             	0.5870             	60.0200            	0.0000             	0.0000             	0.0000             
35                 	2021-02-01 14:38:08	215.4000           	21.6900            	2.7480             	4.6720             	3.7790             	0.5880             	60.0200            	0.0000             	0.0000             	0.0000             
36                 	2021-02-01 14:38:09	215.4000           	21.6600            	2.7410             	4.6656             	3.7772             	0.5870             	60.0200            	0.0000             	0.0000             	0.0000             
37                 	2021-02-01 14:38:10	215.5000           	21.6400            	2.7440             	4.6634             	3.7721             	0.5880             	60.0200            	0.0000             	0.0000             	0.0000             
38                 	2021-02-01 14:38:11	215.6000           	21.6600            	2.7420             	4.6699             	3.7841             	0.5860             	60.0200            	0.0000             	0.0000             	0.0000             
39                 	2021-02-01 14:38:12	215.6000           	21.6300            	2.7390             	4.6634             	3.7755             	0.5870             	60.0200            	0.0000             	0.0000             	0.0000             
40                 	2021-02-01 14:38:13	215.4000           	21.5100            	2.7270             	4.6333             	3.7477             	0.5880             	60.0200            	0.0000             	0.0000             	0.0000             
41                 	2021-02-01 14:38:14	215.3000           	21.5700            	2.7400             	4.6440             	3.7530             	0.5890             	60.0200            	0.0000             	0.0000             	0.0000             
42                 	2021-02-01 14:38:16	215.4000           	21.6000            	2.7480             	4.6526             	3.7566             	0.5900             	60.0300            	0.0000             	0.0000             	0.0000             
43                 	2021-02-01 14:38:17	215.2000           	21.4000            	2.7300             	4.6053             	3.7116             	0.5920             	60.0300            	0.0000             	0.0000             	0.0000             
44                 	2021-02-01 14:38:18	215.5000           	21.5000            	2.7430             	4.6332             	3.7375             	0.5910             	60.0300            	0.0000             	0.0000             	0.0000             
45                 	2021-02-01 14:38:19	215.4000           	21.5300            	2.7390             	4.6376             	3.7444             	0.5900             	60.0300            	0.0000             	0.0000             	0.0000             
46                 	2021-02-01 14:38:20	215.4000           	21.5100            	2.7390             	4.6333             	3.7409             	0.5900             	60.0300            	0.0000             	0.0000             	0.0000             
47                 	2021-02-01 14:38:21	215.7000           	21.4500            	2.7310             	4.6268             	3.7357             	0.5900             	60.0100            	0.0000             	0.0000             	0.0000             
48                 	2021-02-01 14:38:22	215.9000           	21.4600            	2.7360             	4.6332             	3.7409             	0.5900             	60.0100            	0.0000             	0.0000             	0.0000             
49                 	2021-02-01 14:38:24	215.7000           	21.4100            	2.7310             	4.6181             	3.7253             	0.5910             	60.0100            	0.0000             	0.0000             	0.0000             
50                 	2021-02-01 14:38:25	215.7000           	21.3900            	2.7300             	4.6138             	3.7218             	0.5910             	60.0100            	0.0000             	0.0000             	0.0000             
51                 	2021-02-01 14:38:26	215.8000           	21.4000            	2.7350             	4.6181             	3.7219             	0.5920             	60.0100            	0.0000             	0.0000             	0.0000             
52                 	2021-02-01 14:38:27	215.8000           	22.6200            	2.8730             	4.8814             	3.9484             	0.5880             	60.0000            	0.0000             	0.0000             	0.0000             
53                 	2021-02-01 14:38:28	215.8000           	21.4100            	2.7340             	4.6203             	3.7270             	0.5910             	60.0100            	0.0000             	0.0000             	0.0000             
54                 	2021-02-01 14:38:29	216.0000           	21.4600            	2.7390             	4.6354             	3.7426             	0.5900             	60.0100            	0.0000             	0.0000             	0.0000             
55                 	2021-02-01 14:38:30	215.8000           	21.4100            	2.7350             	4.6203             	3.7270             	0.5910             	60.0000            	0.0000             	0.0000             	0.0000             
56                 	2021-02-01 14:38:32	215.8000           	21.3400            	2.7370             	4.6052             	3.7047             	0.5940             	60.0300            	0.0000             	0.0000             	0.0000             
57                 	2021-02-01 14:38:33	215.7000           	21.3300            	2.7380             	4.6009             	3.7012             	0.5940             	60.0100            	0.0000             	0.0000             	0.0000             
58                 	2021-02-01 14:38:34	215.9000           	21.3800            	2.7360             	4.6159             	3.7202             	0.5920             	60.0100            	0.0000             	0.0000             	0.0000             
59                 	2021-02-01 14:38:35	215.8000           	21.3700            	2.7390             	4.6116             	3.7133             	0.5930             	60.0100            	0.0000             	0.0000             	0.0000             
60                 	2021-02-01 14:38:36	215.9000           	21.3500            	2.7390             	4.6095             	3.7082             	0.5940             	60.0000            	0.0000             	0.0000             	0.0000             
61                 	2021-02-01 14:38:37	215.9000           	21.3100            	2.7320             	4.6008             	3.7046             	0.5930             	60.0000            	0.0000             	0.0000             	0.0000             
62                 	2021-02-01 14:38:38	215.7000           	21.4300            	2.7460             	4.6225             	3.7220             	0.5930             	60.0000            	0.0000             	0.0000             	0.0000             
63                 	2021-02-01 14:38:39	215.8000           	21.9500            	2.8220             	4.7368             	3.8071             	0.5950             	60.0000            	0.0000             	0.0000             	0.0000             
64                 	2021-02-01 14:38:40	215.7000           	21.3100            	2.7350             	4.5966             	3.6978             	0.5940             	60.0100            	0.0000             	0.0000             	0.0000             
65                 	2021-02-01 14:38:41	215.4000           	21.3200            	2.7370             	4.5923             	3.6910             	0.5950             	60.0100            	0.0000             	0.0000             	0.0000             
66                 	2021-02-01 14:38:43	215.4000           	21.3500            	2.7380             	4.5988             	3.6962             	0.5950             	60.0000            	0.0000             	0.0000             	0.0000             
67                 	2021-02-01 14:38:44	215.3000           	21.3700            	2.7460             	4.6010             	3.6945             	0.5960             	60.0000            	0.0000             	0.0000             	0.0000             
68                 	2021-02-01 14:38:45	215.6000           	21.3800            	2.7370             	4.6095             	3.7116             	0.5930             	60.0000            	0.0000             	0.0000             	0.0000             
69                 	2021-02-01 14:38:46	215.5000           	21.3600            	2.7420             	4.6031             	3.6996             	0.5950             	59.9900            	0.0000             	0.0000             	0.0000             
70                 	2021-02-01 14:38:47	215.5000           	21.3300            	2.7360             	4.5966             	3.6978             	0.5940             	59.9900            	0.0000             	0.0000             	0.0000             
71                 	2021-02-01 14:38:48	215.6000           	21.3200            	2.7390             	4.5966             	3.6944             	0.5950             	59.9900            	0.0000             	0.0000             	0.0000             
72                 	2021-02-01 14:38:49	215.7000           	21.2800            	2.7370             	4.5901             	3.6858             	0.5960             	59.9900            	0.0000             	0.0000             	0.0000             
73                 	2021-02-01 14:38:50	215.9000           	21.3300            	2.7450             	4.6051             	3.6979             	0.5960             	59.9900            	0.0000             	0.0000             	0.0000             
74                 	2021-02-01 14:38:52	215.9000           	21.2400            	2.7410             	4.5857             	3.6789             	0.5970             	60.0000            	0.0000             	0.0000             	0.0000             
75                 	2021-02-01 14:38:53	216.0000           	21.3500            	2.7390             	4.6116             	3.7133             	0.5930             	60.0000            	0.0000             	0.0000             	0.0000             
76                 	2021-02-01 14:38:54	216.0000           	21.3300            	2.7430             	4.6073             	3.7064             	0.5940             	60.0000            	0.0000             	0.0000             	0.0000             
77                 	2021-02-01 14:38:55	216.1000           	23.1300            	2.9520             	4.9984             	4.0357             	0.5900             	60.0000            	0.0000             	0.0000             	0.0000             
78                 	2021-02-01 14:38:56	215.9000           	21.2700            	2.7340             	4.5922             	3.6909             	0.5950             	60.0000            	0.0000             	0.0000             	0.0000             
79                 	2021-02-01 14:38:57	215.9000           	21.3000            	2.7460             	4.5987             	3.6927             	0.5960             	60.0000            	0.0000             	0.0000             	0.0000             
80                 	2021-02-01 14:38:58	215.9000           	21.2700            	2.7340             	4.5922             	3.6943             	0.5940             	60.0000            	0.0000             	0.0000             	0.0000             
81                 	2021-02-01 14:38:59	215.6000           	21.3100            	2.7380             	4.5944             	3.6927             	0.5950             	60.0000            	0.0000             	0.0000             	0.0000             
82                 	2021-02-01 14:39:01	215.8000           	21.2900            	2.7340             	4.5944             	3.6926             	0.5950             	60.0000            	0.0000             	0.0000             	0.0000             
83                 	2021-02-01 14:39:02	215.8000           	21.2700            	2.7340             	4.5901             	3.6892             	0.5950             	60.0000            	0.0000             	0.0000             	0.0000             
84                 	2021-02-01 14:39:03	215.7000           	21.1500            	2.7220             	4.5621             	3.6633             	0.5960             	60.0000            	0.0000             	0.0000             	0.0000             
85                 	2021-02-01 14:39:04	215.7000           	21.2700            	2.7320             	4.5879             	3.6874             	0.5950             	60.0100            	0.0000             	0.0000             	0.0000             
86                 	2021-02-01 14:39:05	215.5000           	21.2800            	2.7300             	4.5858             	3.6858             	0.5950             	60.0100            	0.0000             	0.0000             	0.0000             
87                 	2021-02-01 14:39:06	215.6000           	21.3600            	2.7410             	4.6052             	3.7013             	0.5950             	60.0100            	0.0000             	0.0000             	0.0000             
88                 	2021-02-01 14:39:07	215.7000           	21.2300            	2.7250             	4.5793             	3.6839             	0.5940             	60.0100            	0.0000             	0.0000             	0.0000             
89                 	2021-02-01 14:39:08	215.5000           	21.3400            	2.7380             	4.5988             	3.6961             	0.5950             	60.0100            	0.0000             	0.0000             	0.0000             
90                 	2021-02-01 14:39:10	215.7000           	21.4000            	2.7300             	4.6160             	3.7236             	0.5910             	60.0100            	0.0000             	0.0000             	0.0000             
91                 	2021-02-01 14:39:11	215.7000           	21.5600            	2.7430             	4.6505             	3.7582             	0.5890             	60.0100            	0.0000             	0.0000             	0.0000             
92                 	2021-02-01 14:39:12	215.6000           	21.4600            	2.7360             	4.6268             	3.7357             	0.5900             	60.0100            	0.0000             	0.0000             	0.0000             
93                 	2021-02-01 14:39:13	215.8000           	21.4400            	2.7340             	4.6268             	3.7357             	0.5900             	60.0100            	0.0000             	0.0000             	0.0000             
94                 	2021-02-01 14:39:14	215.3000           	21.4600            	2.7320             	4.6203             	3.7271             	0.5910             	60.0100            	0.0000             	0.0000             	0.0000             
95                 	2021-02-01 14:39:15	215.4000           	21.5800            	2.7460             	4.6483             	3.7531             	0.5900             	60.0100            	0.0000             	0.0000             	0.0000             
96                 	2021-02-01 14:39:16	215.5000           	21.4100            	2.7320             	4.6139             	3.7219             	0.5910             	60.0100            	0.0000             	0.0000             	0.0000             
97                 	2021-02-01 14:39:17	215.3000           	21.4800            	2.7380             	4.6246             	3.7306             	0.5910             	60.0100            	0.0000             	0.0000             	0.0000             
98                 	2021-02-01 14:39:19	215.5000           	21.3500            	2.7310             	4.6009             	3.7047             	0.5930             	60.0100            	0.0000             	0.0000             	0.0000             
99                 	2021-02-01 14:39:20	215.4000           	21.3200            	2.7340             	4.5923             	3.6910             	0.5950             	60.0100            	0.0000             	0.0000             	0.0000             
100                	2021-02-01 14:39:21	215.6000           	21.3100            	2.7370             	4.5944             	3.6927             	0.5950             	60.0100            	0.0000             	0.0000             	0.0000             
101                	2021-02-01 14:39:22	215.5000           	21.3700            	2.7400             	4.6052             	3.7048             	0.5940             	60.0100            	0.0000             	0.0000             	0.0000             
102                	2021-02-01 14:39:23	215.4000           	21.3400            	2.7310             	4.5966             	3.7012             	0.5930             	60.0100            	0.0000             	0.0000             	0.0000             
103                	2021-02-01 14:39:24	215.5000           	21.3000            	2.7300             	4.5901             	3.6926             	0.5940             	60.0100            	0.0000             	0.0000             	0.0000             
104                	2021-02-01 14:39:25	215.4000           	21.3500            	2.7400             	4.5988             	3.6962             	0.5950             	60.0100            	0.0000             	0.0000             	0.0000             
105                	2021-02-01 14:39:26	215.5000           	21.4100            	2.7440             	4.6139             	3.7117             	0.5940             	60.0100            	0.0000             	0.0000             	0.0000             
106                	2021-02-01 14:39:27	215.6000           	21.8800            	2.8100             	4.7173             	3.7914             	0.5950             	60.0000            	0.0000             	0.0000             	0.0000             
107                	2021-02-01 14:39:28	215.5000           	21.7800            	2.7960             	4.6936             	3.7724             	0.5950             	60.0100            	0.0000             	0.0000             	0.0000             
108                	2021-02-01 14:39:30	215.5000           	21.6800            	2.7850             	4.6720             	3.7516             	0.5960             	60.0100            	0.0000             	0.0000             	0.0000             
109                	2021-02-01 14:39:31	215.5000           	21.7100            	2.7860             	4.6785             	3.7602             	0.5950             	60.0000            	0.0000             	0.0000             	0.0000             
110                	2021-02-01 14:39:32	215.3000           	21.7400            	2.7860             	4.6806             	3.7654             	0.5940             	60.0000            	0.0000             	0.0000             	0.0000             
111                	2021-02-01 14:39:33	215.4000           	21.7200            	2.7840             	4.6785             	3.7637             	0.5940             	60.0000            	0.0000             	0.0000             	0.0000             
112                	2021-02-01 14:39:34	215.2000           	21.7400            	2.7850             	4.6784             	3.7602             	0.5950             	60.0000            	0.0000             	0.0000             	0.0000             
113                	2021-02-01 14:39:35	215.3000           	21.7800            	2.7850             	4.6892             	3.7758             	0.5930             	60.0000            	0.0000             	0.0000             	0.0000             
114                	2021-02-01 14:39:36	215.2000           	21.7500            	2.7950             	4.6806             	3.7584             	0.5960             	60.0000            	0.0000             	0.0000             	0.0000             
115                	2021-02-01 14:39:37	215.2000           	21.8700            	2.8010             	4.7064             	3.7827             	0.5950             	60.0000            	0.0000             	0.0000             	0.0000             
116                	2021-02-01 14:39:38	215.1000           	21.9400            	2.8070             	4.7193             	3.7965             	0.5940             	60.0000            	0.0000             	0.0000             	0.0000             
117                	2021-02-01 14:39:39	214.9000           	23.5100            	2.9820             	5.0523             	4.0792             	0.5900             	60.0000            	0.0000             	0.0000             	0.0000             
118                	2021-02-01 14:39:40	214.7000           	21.8500            	2.8010             	4.6912             	3.7670             	0.5960             	59.9900            	0.0000             	0.0000             	0.0000             
119                	2021-02-01 14:39:42	214.8000           	21.8000            	2.7930             	4.6826             	3.7601             	0.5960             	60.0000            	0.0000             	0.0000             	0.0000             
120                	2021-02-01 14:39:43	214.8000           	21.8700            	2.7960             	4.6977             	3.7756             	0.5950             	60.0000            	0.0000             	0.0000             	0.0000             
121                	2021-02-01 14:39:44	214.6000           	21.9300            	2.7930             	4.7062             	3.7894             	0.5930             	60.0000            	0.0000             	0.0000             	0.0000             
122                	2021-02-01 14:39:45	214.6000           	21.4500            	2.7320             	4.6032             	3.7065             	0.5930             	59.9900            	0.0000             	0.0000             	0.0000             
123                	2021-02-01 14:39:46	214.6000           	21.4100            	2.7290             	4.5946             	3.6996             	0.5930             	59.9900            	0.0000             	0.0000             	0.0000             
124                	2021-02-01 14:39:47	214.5000           	21.4000            	2.7310             	4.5903             	3.6927             	0.5940             	59.9900            	0.0000             	0.0000             	0.0000             
125                	2021-02-01 14:39:48	214.8000           	21.4000            	2.7330             	4.5967             	3.6979             	0.5940             	59.9900            	0.0000             	0.0000             	0.0000             
126                	2021-02-01 14:39:49	214.9000           	21.3300            	2.7320             	4.5838             	3.6807             	0.5960             	59.9900            	0.0000             	0.0000             	0.0000             
127                	2021-02-01 14:39:51	214.8000           	21.4000            	2.7310             	4.5967             	3.6979             	0.5940             	59.9900            	0.0000             	0.0000             	0.0000             
128                	2021-02-01 14:39:52	214.8000           	21.3800            	2.7330             	4.5924             	3.6944             	0.5940             	59.9900            	0.0000             	0.0000             	0.0000             
129                	2021-02-01 14:39:53	215.0000           	21.4200            	2.7380             	4.6053             	3.7048             	0.5940             	59.9900            	0.0000             	0.0000             	0.0000             
130                	2021-02-01 14:39:54	215.1000           	21.4100            	2.7360             	4.6053             	3.7048             	0.5940             	59.9900            	0.0000             	0.0000             	0.0000             
131                	2021-02-01 14:39:55	215.1000           	21.4400            	2.7310             	4.6117             	3.7168             	0.5920             	59.9900            	0.0000             	0.0000             	0.0000             
132                	2021-02-01 14:39:56	214.9000           	21.5200            	2.7360             	4.6246             	3.7306             	0.5910             	59.9900            	0.0000             	0.0000             	0.0000             
133                	2021-02-01 14:39:57	214.9000           	21.5400            	2.7240             	4.6289             	3.7442             	0.5880             	60.0000            	0.0000             	0.0000             	0.0000             
134                	2021-02-01 14:39:58	215.0000           	20.9900            	2.7330             	4.5128             	3.5932             	0.6050             	60.0000            	0.0000             	0.0000             	0.0000             
135                	2021-02-01 14:39:59	214.9000           	20.9700            	2.7390             	4.5065             	3.5813             	0.6070             	60.0000            	0.0000             	0.0000             	0.0000             
136                	2021-02-01 14:40:00	215.0000           	20.9800            	2.7280             	4.5107             	3.5950             	0.6040             	60.0000            	0.0000             	0.0000             	0.0000             
137                	2021-02-01 14:40:01	214.9000           	21.0000            	2.7280             	4.5129             	3.5967             	0.6040             	60.0100            	0.0000             	0.0000             	0.0000             
138                	2021-02-01 14:40:03	214.9000           	21.0100            	2.7260             	4.5150             	3.6018             	0.6030             	60.0100            	0.0000             	0.0000             	0.0000             
139                	2021-02-01 14:40:04	214.8000           	21.0300            	2.7250             	4.5172             	3.6070             	0.6020             	60.0000            	0.0000             	0.0000             	0.0000             
140                	2021-02-01 14:40:05	214.9000           	21.1300            	2.7360             	4.5408             	3.6258             	0.6020             	60.0100            	0.0000             	0.0000             	0.0000             
141                	2021-02-01 14:40:06	214.9000           	21.1500            	2.7340             	4.5451             	3.6327             	0.6010             	60.0100            	0.0000             	0.0000             	0.0000             
142                	2021-02-01 14:40:07	215.2000           	21.0500            	2.7280             	4.5300             	3.6206             	0.6010             	60.0100            	0.0000             	0.0000             	0.0000             
143                	2021-02-01 14:40:08	215.2000           	22.7500            	2.9110             	4.8958             	3.9385             	0.5940             	60.0100            	0.0000             	0.0000             	0.0000             
144                	2021-02-01 14:40:09	215.3000           	21.0400            	2.7400             	4.5299             	3.6103             	0.6040             	60.0100            	0.0000             	0.0000             	0.0000             
145                	2021-02-01 14:40:10	215.3000           	21.0500            	2.7420             	4.5321             	3.6120             	0.6040             	60.0100            	0.0000             	0.0000             	0.0000             
146                	2021-02-01 14:40:11	214.9000           	20.9300            	2.7150             	4.4979             	3.5881             	0.6030             	60.0100            	0.0000             	0.0000             	0.0000             
147                	2021-02-01 14:40:12	215.1000           	21.1300            	2.7380             	4.5451             	3.6292             	0.6020             	60.0100            	0.0000             	0.0000             	0.0000             
148                	2021-02-01 14:40:14	215.2000           	21.1900            	2.7390             	4.5601             	3.6481             	0.6000             	60.0100            	0.0000             	0.0000             	0.0000             
149                	2021-02-01 14:40:15	215.3000           	21.1000            	2.7340             	4.5428             	3.6309             	0.6010             	60.0100            	0.0000             	0.0000             	0.0000             
150                	2021-02-01 14:40:16	215.2000           	21.0800            	2.7350             	4.5364             	3.6223             	0.6020             	60.0200            	0.0000             	0.0000             	0.0000             
151                	2021-02-01 14:40:17	215.1000           	21.0400            	2.7230             	4.5257             	3.6172             	0.6010             	60.0100            	0.0000             	0.0000             	0.0000             
152                	2021-02-01 14:40:18	215.2000           	21.1800            	2.7460             	4.5579             	3.6395             	0.6020             	60.0200            	0.0000             	0.0000             	0.0000             
153                	2021-02-01 14:40:19	215.2000           	20.9300            	2.7290             	4.5041             	3.5863             	0.6050             	60.0200            	0.0000             	0.0000             	0.0000             
154                	2021-02-01 14:40:20	215.8000           	21.0000            	2.7330             	4.5318             	3.6152             	0.6030             	60.0200            	0.0000             	0.0000             	0.0000             
155                	2021-02-01 14:40:22	215.8000           	21.0200            	2.7340             	4.5361             	3.6221             	0.6020             	60.0100            	0.0000             	0.0000             	0.0000             
156                	2021-02-01 14:40:23	215.8000           	21.0400            	2.7300             	4.5404             	3.6289             	0.6010             	60.0100            	0.0000             	0.0000             	0.0000             
157                	2021-02-01 14:40:24	215.8000           	21.0000            	2.7290             	4.5318             	3.6220             	0.6010             	60.0200            	0.0000             	0.0000             	0.0000             
158                	2021-02-01 14:40:25	215.9000           	21.0700            	2.7330             	4.5490             	3.6392             	0.6000             	60.0200            	0.0000             	0.0000             	0.0000             
159                	2021-02-01 14:40:26	215.8000           	21.0500            	2.7280             	4.5426             	3.6341             	0.6000             	60.0100            	0.0000             	0.0000             	0.0000             
160                	2021-02-01 14:40:27	215.7000           	20.9900            	2.7270             	4.5275             	3.6152             	0.6020             	60.0100            	0.0000             	0.0000             	0.0000             
161                	2021-02-01 14:40:28	215.8000           	20.9800            	2.7240             	4.5275             	3.6186             	0.6010             	60.0100            	0.0000             	0.0000             	0.0000             
