No.                	Time               	Voltage[ V ]       	Current[ mA ]      	Active Power[ W ]  	Apparent Power[ VA ]	Reactive Power[ Var ]	Power Factor[ PF ] 	Frequency[ Hz ]    	Watt Hours[ Wh ]   	CO2[ g ]           	Cost[ Dollar ]     
1                  	2021-02-01 15:03:09	215.0000           	24.0400            	3.0500             	5.1686             	4.1731             	0.5900             	60.0000            	0.0000             	0.0000             	0.0000             
2                  	2021-02-01 15:03:10	215.2000           	36.1200            	4.4990             	7.7730             	6.3431             	0.5780             	60.0000            	0.0000             	0.0000             	0.0000             
3                  	2021-02-01 15:03:11	215.2000           	35.0300            	4.3590             	7.5385             	6.1517             	0.5780             	60.0100            	0.0000             	0.0000             	0.0000             
4                  	2021-02-01 15:03:12	215.0000           	27.9400            	3.4970             	6.0071             	4.8849             	0.5820             	60.0100            	0.0000             	0.0000             	0.0000             
5                  	2021-02-01 15:03:13	215.1000           	24.7200            	3.1250             	5.3173             	4.3048             	0.5870             	60.0100            	0.0000             	0.0000             	0.0000             
6                  	2021-02-01 15:03:14	215.0000           	24.0900            	3.0580             	5.1794             	4.1818             	0.5900             	60.0100            	0.0000             	0.0000             	0.0000             
7                  	2021-02-01 15:03:15	214.9000           	24.0100            	3.0490             	5.1597             	4.1660             	0.5900             	60.0000            	0.0000             	0.0000             	0.0000             
8                  	2021-02-01 15:03:16	214.9000           	24.7400            	3.1140             	5.3166             	4.3120             	0.5850             	60.0000            	0.0000             	0.0000             	0.0000             
9                  	2021-02-01 15:03:17	215.1000           	23.9800            	3.0490             	5.1581             	4.1609             	0.5910             	60.0000            	0.0000             	0.0000             	0.0000             
10                 	2021-02-01 15:03:18	214.8000           	23.9100            	3.0380             	5.1359             	4.1430             	0.5910             	59.9900            	0.0000             	0.0000             	0.0000             
11                 	2021-02-01 15:03:20	215.1000           	30.8100            	3.8550             	6.6272             	5.3939             	0.5810             	60.0100            	0.0000             	0.0000             	0.0000             
12                 	2021-02-01 15:03:21	215.1000           	42.2900            	5.1770             	9.0966             	7.4867             	0.5680             	60.0000            	0.0000             	0.0000             	0.0000             
13                 	2021-02-01 15:03:22	215.2000           	48.9200            	5.8340             	10.5276            	8.7644             	0.5540             	60.0000            	0.0000             	0.0000             	0.0000             
14                 	2021-02-01 15:03:23	215.1000           	49.0800            	5.8580             	10.5571            	8.7890             	0.5540             	60.0000            	0.0000             	0.0000             	0.0000             
15                 	2021-02-01 15:03:24	215.0000           	48.4500            	5.7870             	10.4168            	8.6652             	0.5550             	59.9900            	0.0000             	0.0000             	0.0000             
16                 	2021-02-01 15:03:25	215.2000           	49.2700            	5.8760             	10.6029            	8.8271             	0.5540             	59.9900            	0.0000             	0.0000             	0.0000             
17                 	2021-02-01 15:03:26	215.2000           	49.2200            	5.8620             	10.5921            	8.8252             	0.5530             	59.9900            	0.0000             	0.0000             	0.0000             
18                 	2021-02-01 15:03:27	215.4000           	49.4700            	5.8770             	10.6558            	8.8924             	0.5510             	59.9900            	0.0000             	0.0000             	0.0000             
19                 	2021-02-01 15:03:28	215.2000           	48.8400            	5.8340             	10.5104            	8.7501             	0.5540             	60.0100            	0.0000             	0.0000             	0.0000             
20                 	2021-02-01 15:03:30	215.2000           	49.3700            	5.8860             	10.6244            	8.8521             	0.5530             	60.0000            	0.0000             	0.0000             	0.0000             
21                 	2021-02-01 15:03:31	215.2000           	49.4200            	5.8760             	10.6352            	8.8681             	0.5520             	60.0000            	0.0000             	0.0000             	0.0000             
22                 	2021-02-01 15:03:32	215.0000           	49.6400            	5.8860             	10.6726            	8.9063             	0.5510             	60.0000            	0.0000             	0.0000             	0.0000             
23                 	2021-02-01 15:03:33	215.1000           	49.4600            	5.8780             	10.6388            	8.8711             	0.5520             	59.9900            	0.0000             	0.0000             	0.0000             
24                 	2021-02-01 15:03:34	215.1000           	50.7000            	5.9810             	10.9056            	9.1223             	0.5480             	60.0000            	0.0000             	0.0000             	0.0000             
25                 	2021-02-01 15:03:35	215.2000           	49.4200            	5.8290             	10.6352            	8.9031             	0.5470             	60.0000            	0.0000             	0.0000             	0.0000             
26                 	2021-02-01 15:03:36	215.6000           	49.6900            	5.8710             	10.7132            	8.9683             	0.5470             	60.0100            	0.0000             	0.0000             	0.0000             
27                 	2021-02-01 15:03:37	215.2000           	50.0000            	5.8640             	10.7600            	9.0286             	0.5440             	60.0100            	0.0000             	0.0000             	0.0000             
28                 	2021-02-01 15:03:38	215.6000           	50.0100            	5.8690             	10.7822            	9.0471             	0.5440             	60.0100            	0.0000             	0.0000             	0.0000             
29                 	2021-02-01 15:03:39	215.5000           	51.0000            	5.9830             	10.9905            	9.2220             	0.5440             	60.0100            	0.0000             	0.0000             	0.0000             
30                 	2021-02-01 15:03:41	215.7000           	49.9300            	5.8780             	10.7699            	9.0299             	0.5450             	60.0200            	0.0000             	0.0000             	0.0000             
31                 	2021-02-01 15:03:42	215.5000           	50.9200            	5.9850             	10.9733            	9.2004             	0.5450             	60.0100            	0.0000             	0.0000             	0.0000             
32                 	2021-02-01 15:03:43	215.6000           	49.3900            	5.8750             	10.6485            	8.8862             	0.5510             	60.0100            	0.0000             	0.0000             	0.0000             
33                 	2021-02-01 15:03:44	215.6000           	48.7300            	5.7870             	10.5062            	8.7744             	0.5500             	60.0200            	0.0000             	0.0000             	0.0000             
34                 	2021-02-01 15:03:45	215.4000           	49.3600            	5.8670             	10.6321            	8.8726             	0.5510             	60.0300            	0.0000             	0.0000             	0.0000             
35                 	2021-02-01 15:03:46	215.3000           	49.1800            	5.8370             	10.5885            	8.8361             	0.5510             	60.0300            	0.0000             	0.0000             	0.0000             
36                 	2021-02-01 15:03:47	215.1000           	49.7400            	5.8690             	10.6991            	8.9495             	0.5480             	60.0200            	0.0000             	0.0000             	0.0000             
37                 	2021-02-01 15:03:48	215.1000           	49.5400            	5.8610             	10.6561            	8.8996             	0.5500             	60.0200            	0.0000             	0.0000             	0.0000             
38                 	2021-02-01 15:03:49	214.9000           	36.6500            	4.5380             	7.8761             	6.4383             	0.5760             	60.0200            	0.0000             	0.0000             	0.0000             
39                 	2021-02-01 15:03:50	215.0000           	28.9200            	3.5850             	6.2178             	5.0827             	0.5760             	60.0200            	0.0000             	0.0000             	0.0000             
40                 	2021-02-01 15:03:52	214.8000           	24.4900            	3.0840             	5.2605             	4.2626             	0.5860             	60.0200            	0.0000             	0.0000             	0.0000             
41                 	2021-02-01 15:03:53	214.7000           	29.5500            	3.6630             	6.3444             	5.1817             	0.5770             	60.0200            	0.0000             	0.0000             	0.0000             
42                 	2021-02-01 15:03:54	214.6000           	25.4300            	3.1840             	5.4573             	4.4339             	0.5830             	60.0300            	0.0000             	0.0000             	0.0000             
43                 	2021-02-01 15:03:55	214.7000           	24.3400            	3.0690             	5.2258             	4.2307             	0.5870             	60.0300            	0.0000             	0.0000             	0.0000             
44                 	2021-02-01 15:03:56	214.8000           	25.5100            	3.1920             	5.4795             	4.4559             	0.5820             	60.0200            	0.0000             	0.0000             	0.0000             
45                 	2021-02-01 15:03:57	214.9000           	25.4800            	3.1920             	5.4757             	4.4527             	0.5820             	60.0300            	0.0000             	0.0000             	0.0000             
46                 	2021-02-01 15:03:58	214.9000           	24.4700            	3.0770             	5.2586             	4.2649             	0.5850             	60.0300            	0.0000             	0.0000             	0.0000             
47                 	2021-02-01 15:03:59	215.0000           	26.2000            	3.2590             	5.6330             	4.5967             	0.5780             	60.0200            	0.0000             	0.0000             	0.0000             
48                 	2021-02-01 15:04:01	215.0000           	35.3700            	4.2640             	7.6045             	6.3003             	0.5600             	60.0300            	0.0000             	0.0000             	0.0000             
49                 	2021-02-01 15:04:02	215.0000           	49.4500            	5.7610             	10.6318            	8.9415             	0.5410             	60.0300            	0.0000             	0.0000             	0.0000             
50                 	2021-02-01 15:04:03	215.1000           	50.0100            	5.9210             	10.7572            	9.0470             	0.5410             	60.0300            	0.0000             	0.0000             	0.0000             
51                 	2021-02-01 15:04:04	215.1000           	49.8600            	5.8540             	10.7249            	8.9921             	0.5450             	60.0300            	0.0000             	0.0000             	0.0000             
52                 	2021-02-01 15:04:05	215.1000           	48.9900            	5.7620             	10.5377            	8.8284             	0.5460             	60.0300            	0.0000             	0.0000             	0.0000             
53                 	2021-02-01 15:04:06	215.2000           	49.8800            	5.8540             	10.7342            	8.9999             	0.5450             	60.0300            	0.0000             	0.0000             	0.0000             
54                 	2021-02-01 15:04:07	215.4000           	50.0300            	5.8510             	10.7765            	9.0563             	0.5420             	60.0300            	0.0000             	0.0000             	0.0000             
55                 	2021-02-01 15:04:08	215.2000           	50.2000            	5.8450             	10.8030            	9.0925             	0.5400             	60.0300            	0.0000             	0.0000             	0.0000             
56                 	2021-02-01 15:04:09	215.4000           	50.2000            	5.8530             	10.8131            	9.0940             	0.5410             	60.0300            	0.0000             	0.0000             	0.0000             
57                 	2021-02-01 15:04:10	215.4000           	50.8900            	5.9090             	10.9617            	9.2331             	0.5390             	60.0300            	0.0000             	0.0000             	0.0000             
58                 	2021-02-01 15:04:12	215.4000           	50.9800            	5.9240             	10.9811            	9.2494             	0.5390             	60.0300            	0.0000             	0.0000             	0.0000             
59                 	2021-02-01 15:04:13	215.5000           	50.0500            	5.8540             	10.7858            	9.0641             	0.5420             	60.0300            	0.0000             	0.0000             	0.0000             
60                 	2021-02-01 15:04:14	215.6000           	50.4100            	5.9010             	10.8684            	9.1336             	0.5420             	60.0300            	0.0000             	0.0000             	0.0000             
61                 	2021-02-01 15:04:15	215.6000           	50.0100            	5.8860             	10.7822            	9.0401             	0.5450             	60.0300            	0.0000             	0.0000             	0.0000             
62                 	2021-02-01 15:04:16	215.6000           	50.6500            	5.9520             	10.9201            	9.1629             	0.5440             	60.0300            	0.0000             	0.0000             	0.0000             
63                 	2021-02-01 15:04:17	215.6000           	50.1800            	5.8970             	10.8188            	9.0709             	0.5450             	60.0300            	0.0000             	0.0000             	0.0000             
64                 	2021-02-01 15:04:18	215.7000           	50.2400            	5.8910             	10.8368            	9.1000             	0.5430             	60.0400            	0.0000             	0.0000             	0.0000             
65                 	2021-02-01 15:04:19	215.6000           	50.3300            	5.9150             	10.8511            	9.1050             	0.5440             	60.0300            	0.0000             	0.0000             	0.0000             
66                 	2021-02-01 15:04:21	215.6000           	49.2500            	5.8030             	10.6183            	8.8959             	0.5460             	60.0300            	0.0000             	0.0000             	0.0000             
67                 	2021-02-01 15:04:22	215.6000           	50.6000            	5.9310             	10.9094            	9.1609             	0.5430             	60.0300            	0.0000             	0.0000             	0.0000             
68                 	2021-02-01 15:04:23	215.5000           	49.8200            	5.8910             	10.7362            	8.9806             	0.5480             	60.0300            	0.0000             	0.0000             	0.0000             
69                 	2021-02-01 15:04:24	215.5000           	50.3300            	5.9090             	10.8461            	9.1008             	0.5440             	60.0300            	0.0000             	0.0000             	0.0000             
70                 	2021-02-01 15:04:25	215.5000           	49.8500            	5.8960             	10.7427            	8.9860             	0.5480             	60.0300            	0.0000             	0.0000             	0.0000             
71                 	2021-02-01 15:04:26	215.6000           	50.1700            	5.8940             	10.8167            	9.0761             	0.5440             	60.0300            	0.0000             	0.0000             	0.0000             
72                 	2021-02-01 15:04:27	215.4000           	50.8500            	5.9620             	10.9531            	9.1906             	0.5440             	60.0300            	0.0000             	0.0000             	0.0000             
73                 	2021-02-01 15:04:28	215.7000           	50.3800            	5.9290             	10.8670            	9.1113             	0.5450             	60.0300            	0.0000             	0.0000             	0.0000             
74                 	2021-02-01 15:04:29	215.5000           	49.7800            	5.8940             	10.7276            	8.9664             	0.5490             	60.0300            	0.0000             	0.0000             	0.0000             
75                 	2021-02-01 15:04:30	215.6000           	46.3000            	5.4740             	9.9823             	8.3500             	0.5480             	60.0300            	0.0000             	0.0000             	0.0000             
76                 	2021-02-01 15:04:31	215.4000           	29.7500            	3.6770             	6.4082             	5.2518             	0.5730             	60.0300            	0.0000             	0.0000             	0.0000             
77                 	2021-02-01 15:04:33	215.5000           	25.3600            	3.1980             	5.4651             	4.4597             	0.5780             	60.0300            	0.0000             	0.0000             	0.0000             
78                 	2021-02-01 15:04:34	215.8000           	24.3800            	3.0680             	5.2612             	4.2784             	0.5820             	60.0300            	0.0000             	0.0000             	0.0000             
79                 	2021-02-01 15:04:35	215.8000           	28.8600            	3.5680             	6.2280             	5.1085             	0.5720             	60.0300            	0.0000             	0.0000             	0.0000             
80                 	2021-02-01 15:04:36	215.7000           	25.8100            	3.2360             	5.5672             	4.5312             	0.5810             	60.0300            	0.0000             	0.0000             	0.0000             
81                 	2021-02-01 15:04:37	215.8000           	24.2300            	3.0700             	5.2288             	4.2370             	0.5860             	60.0300            	0.0000             	0.0000             	0.0000             
82                 	2021-02-01 15:04:38	215.8000           	25.1900            	3.1600             	5.4360             	4.4244             	0.5810             	60.0300            	0.0000             	0.0000             	0.0000             
83                 	2021-02-01 15:04:39	215.6000           	25.2400            	3.1640             	5.4417             	4.4291             	0.5810             	60.0300            	0.0000             	0.0000             	0.0000             
84                 	2021-02-01 15:04:41	215.8000           	24.3300            	3.0710             	5.2504             	4.2620             	0.5840             	60.0300            	0.0000             	0.0000             	0.0000             
85                 	2021-02-01 15:04:42	215.6000           	43.7800            	5.2840             	9.4390             	7.8265             	0.5590             	60.0300            	0.0000             	0.0000             	0.0000             
86                 	2021-02-01 15:04:43	215.5000           	49.5700            	5.8740             	10.6823            	8.9285             	0.5490             	60.0300            	0.0000             	0.0000             	0.0000             
87                 	2021-02-01 15:04:44	215.6000           	49.7600            	5.8810             	10.7283            	8.9740             	0.5480             	60.0200            	0.0000             	0.0000             	0.0000             
88                 	2021-02-01 15:04:45	215.7000           	49.5800            	5.8090             	10.6944            	8.9316             	0.5500             	60.0200            	0.0000             	0.0000             	0.0000             
89                 	2021-02-01 15:04:46	215.7000           	50.0200            	5.9050             	10.7893            	9.0321             	0.5470             	60.0000            	0.0000             	0.0000             	0.0000             
90                 	2021-02-01 15:04:48	215.8000           	50.3300            	5.9010             	10.8612            	9.1205             	0.5430             	60.0200            	0.0000             	0.0000             	0.0000             
91                 	2021-02-01 15:04:49	215.6000           	49.2600            	5.8050             	10.6205            	8.8977             	0.5460             	60.0200            	0.0000             	0.0000             	0.0000             
92                 	2021-02-01 15:04:50	215.7000           	50.1700            	5.9010             	10.8217            	9.0733             	0.5450             	60.0200            	0.0000             	0.0000             	0.0000             
93                 	2021-02-01 15:04:51	215.6000           	49.2000            	5.8130             	10.6075            	8.8799             	0.5470             	60.0200            	0.0000             	0.0000             	0.0000             
94                 	2021-02-01 15:04:52	215.6000           	49.7800            	5.8840             	10.7326            	8.9776             	0.5480             	60.0200            	0.0000             	0.0000             	0.0000             
95                 	2021-02-01 15:04:53	215.5000           	49.6300            	5.8810             	10.6953            	8.9393             	0.5490             	60.0200            	0.0000             	0.0000             	0.0000             
96                 	2021-02-01 15:04:54	215.4000           	49.1500            	5.8400             	10.5869            	8.8348             	0.5510             	60.0200            	0.0000             	0.0000             	0.0000             
97                 	2021-02-01 15:04:55	215.2000           	49.8100            	5.8900             	10.7191            	8.9593             	0.5490             	60.0200            	0.0000             	0.0000             	0.0000             
98                 	2021-02-01 15:04:56	215.4000           	49.6300            	5.8960             	10.6903            	8.9211             	0.5510             	60.0100            	0.0000             	0.0000             	0.0000             
99                 	2021-02-01 15:04:57	215.3000           	50.2800            	5.9620             	10.8253            	9.0409             	0.5500             	60.0200            	0.0000             	0.0000             	0.0000             
100                	2021-02-01 15:04:58	215.2000           	50.6000            	5.9620             	10.8891            	9.1156             	0.5470             	60.0200            	0.0000             	0.0000             	0.0000             
101                	2021-02-01 15:05:00	215.3000           	49.8000            	5.9180             	10.7219            	8.9475             	0.5510             	60.0200            	0.0000             	0.0000             	0.0000             
102                	2021-02-01 15:05:01	215.3000           	49.8400            	5.8990             	10.7306            	8.9688             	0.5490             	60.0200            	0.0000             	0.0000             	0.0000             
103                	2021-02-01 15:05:02	215.3000           	49.4400            	5.8650             	10.6444            	8.8899             	0.5500             	60.0200            	0.0000             	0.0000             	0.0000             
104                	2021-02-01 15:05:03	215.3000           	49.3800            	5.8780             	10.6315            	8.8650             	0.5520             	60.0200            	0.0000             	0.0000             	0.0000             
105                	2021-02-01 15:05:04	215.3000           	49.3600            	5.8800             	10.6272            	8.8544             	0.5530             	60.0100            	0.0000             	0.0000             	0.0000             
106                	2021-02-01 15:05:05	215.3000           	50.2200            	5.9330             	10.8124            	9.0443             	0.5480             	60.0200            	0.0000             	0.0000             	0.0000             
107                	2021-02-01 15:05:06	215.3000           	49.6500            	5.9090             	10.6896            	8.9135             	0.5520             	60.0200            	0.0000             	0.0000             	0.0000             
108                	2021-02-01 15:05:07	215.3000           	49.7000            	5.8920             	10.7004            	8.9366             	0.5500             	60.0200            	0.0000             	0.0000             	0.0000             
109                	2021-02-01 15:05:09	215.1000           	49.6800            	5.8860             	10.6862            	8.9247             	0.5500             	60.0100            	0.0000             	0.0000             	0.0000             
110                	2021-02-01 15:05:10	215.1000           	49.8100            	5.9000             	10.7141            	8.9481             	0.5500             	60.0100            	0.0000             	0.0000             	0.0000             
111                	2021-02-01 15:05:11	214.8000           	51.6800            	6.0590             	11.1009            	9.3074             	0.5450             	59.9900            	0.0000             	0.0000             	0.0000             
112                	2021-02-01 15:05:12	215.0000           	24.9600            	3.1430             	5.3664             	4.3523             	0.5850             	60.0100            	0.0000             	0.0000             	0.0000             
113                	2021-02-01 15:05:13	215.0000           	25.7700            	3.2330             	5.5406             	4.5015             	0.5830             	60.0100            	0.0000             	0.0000             	0.0000             
114                	2021-02-01 15:05:14	215.1000           	24.4700            	3.0780             	5.2635             	4.2727             	0.5840             	60.0000            	0.0000             	0.0000             	0.0000             
115                	2021-02-01 15:05:15	215.2000           	24.3700            	3.0650             	5.2444             	4.2572             	0.5840             	60.0000            	0.0000             	0.0000             	0.0000             
116                	2021-02-01 15:05:16	215.2000           	25.1200            	3.1290             	5.4058             	4.4114             	0.5780             	60.0000            	0.0000             	0.0000             	0.0000             
117                	2021-02-01 15:05:17	215.1000           	24.7000            	3.0740             	5.3130             	4.3356             	0.5780             	60.0100            	0.0000             	0.0000             	0.0000             
118                	2021-02-01 15:05:19	215.0000           	25.7000            	3.1850             	5.5255             	4.5168             	0.5760             	60.0000            	0.0000             	0.0000             	0.0000             
119                	2021-02-01 15:05:20	215.1000           	25.3900            	3.1620             	5.4614             	4.4567             	0.5780             	60.0100            	0.0000             	0.0000             	0.0000             
120                	2021-02-01 15:05:21	215.2000           	24.6500            	3.0730             	5.3047             	4.3251             	0.5790             	60.0100            	0.0000             	0.0000             	0.0000             
121                	2021-02-01 15:05:22	215.0000           	25.6500            	3.1800             	5.5148             	4.5080             	0.5760             	60.0100            	0.0000             	0.0000             	0.0000             
122                	2021-02-01 15:05:23	215.0000           	44.1400            	5.2790             	9.4901             	7.8943             	0.5550             	60.0100            	0.0000             	0.0000             	0.0000             
123                	2021-02-01 15:05:24	215.0000           	49.8900            	5.8610             	10.7264            	8.9864             	0.5460             	60.0100            	0.0000             	0.0000             	0.0000             
124                	2021-02-01 15:05:25	214.9000           	51.5700            	6.0210             	11.0824            	9.3062             	0.5430             	60.0100            	0.0000             	0.0000             	0.0000             
125                	2021-02-01 15:05:26	214.9000           	51.0300            	6.0090             	10.9663            	9.1803             	0.5470             	60.0100            	0.0000             	0.0000             	0.0000             
126                	2021-02-01 15:05:27	215.0000           	49.8300            	5.9010             	10.7134            	8.9475             	0.5500             	60.0000            	0.0000             	0.0000             	0.0000             
127                	2021-02-01 15:05:28	214.9000           	49.8800            	5.9030             	10.7192            	8.9523             	0.5500             	59.9900            	0.0000             	0.0000             	0.0000             
128                	2021-02-01 15:05:29	215.0000           	49.8600            	5.8990             	10.7199            	8.9529             	0.5500             	60.0100            	0.0000             	0.0000             	0.0000             
129                	2021-02-01 15:05:31	215.1000           	50.0100            	5.8970             	10.7572            	8.9981             	0.5480             	60.0200            	0.0000             	0.0000             	0.0000             
130                	2021-02-01 15:05:32	215.0000           	49.8900            	5.9140             	10.7264            	8.9512             	0.5510             	60.0200            	0.0000             	0.0000             	0.0000             
131                	2021-02-01 15:05:33	215.0000           	49.0400            	5.8200             	10.5436            	8.7987             	0.5510             	60.0200            	0.0000             	0.0000             	0.0000             
132                	2021-02-01 15:05:34	215.0000           	49.8400            	5.9010             	10.7156            	8.9493             	0.5500             	60.0300            	0.0000             	0.0000             	0.0000             
133                	2021-02-01 15:05:35	215.0000           	49.8900            	5.9190             	10.7264            	8.9512             	0.5510             	60.0300            	0.0000             	0.0000             	0.0000             
134                	2021-02-01 15:05:36	214.8000           	50.2400            	5.9210             	10.7916            	9.0269             	0.5480             	60.0300            	0.0000             	0.0000             	0.0000             
135                	2021-02-01 15:05:37	215.0000           	50.5200            	5.9540             	10.8618            	9.0857             	0.5480             	60.0300            	0.0000             	0.0000             	0.0000             
136                	2021-02-01 15:05:38	214.8000           	50.1800            	5.9070             	10.7787            	9.0232             	0.5470             	60.0300            	0.0000             	0.0000             	0.0000             
137                	2021-02-01 15:05:39	215.0000           	50.6100            	5.9670             	10.8811            	9.1018             	0.5480             	60.0300            	0.0000             	0.0000             	0.0000             
138                	2021-02-01 15:05:40	215.0000           	50.0600            	5.8940             	10.7629            	9.0100             	0.5470             	60.0200            	0.0000             	0.0000             	0.0000             
139                	2021-02-01 15:05:42	215.0000           	49.4100            	5.8570             	10.6231            	8.8651             	0.5510             	60.0300            	0.0000             	0.0000             	0.0000             
140                	2021-02-01 15:05:43	215.2000           	49.5300            	5.8600             	10.6589            	8.9089             	0.5490             	60.0200            	0.0000             	0.0000             	0.0000             
141                	2021-02-01 15:05:44	215.2000           	49.7800            	5.8780             	10.7127            	8.9609             	0.5480             	60.0300            	0.0000             	0.0000             	0.0000             
142                	2021-02-01 15:05:45	215.1000           	50.2700            	5.8840             	10.8131            	9.0731             	0.5440             	60.0300            	0.0000             	0.0000             	0.0000             
143                	2021-02-01 15:05:46	215.5000           	49.9800            	5.8980             	10.7707            	9.0165             	0.5470             	60.0200            	0.0000             	0.0000             	0.0000             
144                	2021-02-01 15:05:47	215.3000           	49.2800            	5.8330             	10.6100            	8.8681             	0.5490             	60.0200            	0.0000             	0.0000             	0.0000             
145                	2021-02-01 15:05:48	215.4000           	49.2000            	5.8590             	10.5977            	8.8368             	0.5520             	60.0200            	0.0000             	0.0000             	0.0000             
146                	2021-02-01 15:05:49	215.3000           	51.1700            	6.0040             	11.0169            	9.2441             	0.5440             	60.0200            	0.0000             	0.0000             	0.0000             
147                	2021-02-01 15:05:50	215.3000           	49.8400            	5.8840             	10.7306            	8.9759             	0.5480             	60.0100            	0.0000             	0.0000             	0.0000             
148                	2021-02-01 15:05:51	215.3000           	50.0600            	5.9060             	10.7779            	9.0225             	0.5470             	60.0100            	0.0000             	0.0000             	0.0000             
149                	2021-02-01 15:05:52	215.2000           	32.9700            	4.0500             	7.0951             	5.8297             	0.5700             	60.0100            	0.0000             	0.0000             	0.0000             
150                	2021-02-01 15:05:54	215.3000           	25.9800            	3.2380             	5.5935             	4.5645             	0.5780             	60.0200            	0.0000             	0.0000             	0.0000             
151                	2021-02-01 15:05:55	215.3000           	24.7300            	3.0890             	5.3244             	4.3411             	0.5790             	60.0200            	0.0000             	0.0000             	0.0000             
152                	2021-02-01 15:05:56	215.3000           	25.4300            	3.1600             	5.4751             	4.4756             	0.5760             	60.0100            	0.0000             	0.0000             	0.0000             
153                	2021-02-01 15:05:57	215.1000           	26.2100            	3.2550             	5.6378             	4.6046             	0.5770             	60.0100            	0.0000             	0.0000             	0.0000             
154                	2021-02-01 15:05:58	215.4000           	25.6100            	3.1860             	5.5164             	4.5055             	0.5770             	60.0100            	0.0000             	0.0000             	0.0000             
155                	2021-02-01 15:05:59	215.4000           	25.1700            	3.1460             	5.4216             	4.4165             	0.5800             	60.0100            	0.0000             	0.0000             	0.0000             
156                	2021-02-01 15:06:00	215.4000           	25.4100            	3.1760             	5.4733             	4.4587             	0.5800             	60.0100            	0.0000             	0.0000             	0.0000             
157                	2021-02-01 15:06:01	215.2000           	25.2100            	3.1600             	5.4252             	4.4117             	0.5820             	60.0100            	0.0000             	0.0000             	0.0000             
158                	2021-02-01 15:06:02	215.4000           	24.3300            	3.0690             	5.2407             	4.2504             	0.5850             	60.0100            	0.0000             	0.0000             	0.0000             
159                	2021-02-01 15:06:03	215.5000           	42.1300            	5.1170             	9.0790             	7.5034             	0.5630             	60.0100            	0.0000             	0.0000             	0.0000             
160                	2021-02-01 15:06:04	215.6000           	49.8000            	5.8740             	10.7369            	8.9882             	0.5470             	60.0100            	0.0000             	0.0000             	0.0000             
161                	2021-02-01 15:06:05	215.6000           	49.9700            	5.9020             	10.7735            	9.0189             	0.5470             	60.0000            	0.0000             	0.0000             	0.0000             
162                	2021-02-01 15:06:07	215.6000           	50.0500            	5.9030             	10.7908            	9.0404             	0.5460             	60.0100            	0.0000             	0.0000             	0.0000             
163                	2021-02-01 15:06:08	215.7000           	50.1100            	5.9170             	10.8087            	9.0483             	0.5470             	60.0000            	0.0000             	0.0000             	0.0000             
164                	2021-02-01 15:06:09	215.7000           	49.9900            	5.9180             	10.7828            	9.0196             	0.5480             	60.0100            	0.0000             	0.0000             	0.0000             
165                	2021-02-01 15:06:10	215.5000           	50.0800            	5.9190             	10.7922            	9.0275             	0.5480             	60.0100            	0.0000             	0.0000             	0.0000             
166                	2021-02-01 15:06:11	215.4000           	50.2100            	5.9050             	10.8152            	9.0679             	0.5450             	60.0100            	0.0000             	0.0000             	0.0000             
167                	2021-02-01 15:06:12	215.5000           	50.0500            	5.9110             	10.7858            	9.0221             	0.5480             	60.0100            	0.0000             	0.0000             	0.0000             
168                	2021-02-01 15:06:13	215.7000           	50.1000            	5.9210             	10.8066            	9.0465             	0.5470             	60.0100            	0.0000             	0.0000             	0.0000             
169                	2021-02-01 15:06:14	215.6000           	50.0500            	5.9250             	10.7908            	9.0263             	0.5480             	60.0100            	0.0000             	0.0000             	0.0000             
170                	2021-02-01 15:06:15	216.1000           	49.9900            	5.9080             	10.8028            	9.0505             	0.5460             	60.0100            	0.0000             	0.0000             	0.0000             
171                	2021-02-01 15:06:16	216.1000           	50.4800            	5.9490             	10.9087            	9.1463             	0.5450             	60.0200            	0.0000             	0.0000             	0.0000             
172                	2021-02-01 15:06:17	216.1000           	49.8800            	5.9090             	10.7791            	9.0165             	0.5480             	60.0100            	0.0000             	0.0000             	0.0000             
173                	2021-02-01 15:06:19	216.1000           	50.2800            	5.9140             	10.8655            	9.1171             	0.5440             	60.0200            	0.0000             	0.0000             	0.0000             
174                	2021-02-01 15:06:20	216.1000           	49.2300            	5.8280             	10.6386            	8.9059             	0.5470             	60.0200            	0.0000             	0.0000             	0.0000             
175                	2021-02-01 15:06:21	216.2000           	50.0000            	5.9010             	10.8100            	9.0635             	0.5450             	60.0300            	0.0000             	0.0000             	0.0000             
176                	2021-02-01 15:06:22	216.6000           	50.3200            	5.9380             	10.8993            	9.1455             	0.5440             	60.0200            	0.0000             	0.0000             	0.0000             
177                	2021-02-01 15:06:23	216.6000           	50.3800            	5.9300             	10.9123            	9.1634             	0.5430             	60.0200            	0.0000             	0.0000             	0.0000             
178                	2021-02-01 15:06:24	216.6000           	50.2400            	5.9460             	10.8820            	9.1168             	0.5460             	60.0300            	0.0000             	0.0000             	0.0000             
179                	2021-02-01 15:06:25	216.6000           	49.8200            	5.8830             	10.7910            	9.0546             	0.5440             	60.0300            	0.0000             	0.0000             	0.0000             
180                	2021-02-01 15:06:26	216.6000           	49.3500            	5.8470             	10.6892            	8.9553             	0.5460             	60.0300            	0.0000             	0.0000             	0.0000             
181                	2021-02-01 15:06:27	216.6000           	49.8800            	5.8890             	10.8040            	9.0585             	0.5450             	60.0300            	0.0000             	0.0000             	0.0000             
182                	2021-02-01 15:06:29	216.6000           	49.7700            	5.8840             	10.7802            	9.0385             	0.5450             	60.0300            	0.0000             	0.0000             	0.0000             
183                	2021-02-01 15:06:30	216.4000           	50.0900            	5.8950             	10.8395            	9.1023             	0.5430             	60.0300            	0.0000             	0.0000             	0.0000             
184                	2021-02-01 15:06:31	216.5000           	50.6500            	5.9410             	10.9657            	9.2224             	0.5410             	60.0300            	0.0000             	0.0000             	0.0000             
185                	2021-02-01 15:06:32	216.4000           	50.5600            	5.9170             	10.9412            	9.2088             	0.5400             	60.0300            	0.0000             	0.0000             	0.0000             
186                	2021-02-01 15:06:33	216.4000           	38.2200            	4.6900             	8.2708             	6.8185             	0.5660             	60.0200            	0.0000             	0.0000             	0.0000             
187                	2021-02-01 15:06:34	216.6000           	25.1900            	3.1720             	5.4562             	4.4408             	0.5810             	60.0200            	0.0000             	0.0000             	0.0000             
188                	2021-02-01 15:06:35	216.4000           	25.3000            	3.1760             	5.4749             	4.4639             	0.5790             	60.0200            	0.0000             	0.0000             	0.0000             
189                	2021-02-01 15:06:36	216.4000           	24.3800            	3.0750             	5.2758             	4.2902             	0.5820             	60.0200            	0.0000             	0.0000             	0.0000             
190                	2021-02-01 15:06:38	216.3000           	24.3500            	3.0650             	5.2669             	4.2868             	0.5810             	60.0200            	0.0000             	0.0000             	0.0000             
191                	2021-02-01 15:06:39	216.3000           	25.6900            	3.2160             	5.5567             	4.5345             	0.5780             	60.0200            	0.0000             	0.0000             	0.0000             
192                	2021-02-01 15:06:40	216.4000           	24.3600            	3.0740             	5.2715             	4.2867             	0.5820             	60.0200            	0.0000             	0.0000             	0.0000             
193                	2021-02-01 15:06:41	216.5000           	26.6900            	3.3380             	5.7784             	4.7195             	0.5770             	60.0300            	0.0000             	0.0000             	0.0000             
194                	2021-02-01 15:06:42	216.0000           	24.9900            	3.1490             	5.3978             	4.3856             	0.5830             	60.0200            	0.0000             	0.0000             	0.0000             
195                	2021-02-01 15:06:43	215.6000           	48.0900            	5.6510             	10.3682            	8.6998             	0.5440             	60.0200            	0.0000             	0.0000             	0.0000             
196                	2021-02-01 15:06:44	215.5000           	43.9300            	5.2510             	9.4669             	7.8814             	0.5540             	60.0200            	0.0000             	0.0000             	0.0000             
197                	2021-02-01 15:06:45	215.5000           	50.2300            	5.8730             	10.8246            	9.0967             	0.5420             	60.0200            	0.0000             	0.0000             	0.0000             
198                	2021-02-01 15:06:46	215.5000           	50.2100            	5.8940             	10.8203            	9.0931             	0.5420             	60.0300            	0.0000             	0.0000             	0.0000             
199                	2021-02-01 15:06:48	215.5000           	50.9900            	5.9540             	10.9883            	9.2414             	0.5410             	60.0200            	0.0000             	0.0000             	0.0000             
200                	2021-02-01 15:06:49	215.9000           	50.6700            	5.9110             	10.9397            	9.2075             	0.5400             	60.0200            	0.0000             	0.0000             	0.0000             
201                	2021-02-01 15:06:50	215.8000           	50.2800            	5.8830             	10.8504            	9.1185             	0.5420             	60.0300            	0.0000             	0.0000             	0.0000             
202                	2021-02-01 15:06:51	215.6000           	50.1200            	5.8750             	10.8059            	9.0740             	0.5430             	60.0200            	0.0000             	0.0000             	0.0000             
203                	2021-02-01 15:06:52	216.1000           	50.3300            	5.8930             	10.8763            	9.1472             	0.5410             	60.0200            	0.0000             	0.0000             	0.0000             
204                	2021-02-01 15:06:53	216.1000           	50.2800            	5.9020             	10.8655            	9.1241             	0.5430             	60.0200            	0.0000             	0.0000             	0.0000             
205                	2021-02-01 15:06:54	216.1000           	50.2800            	5.9100             	10.8655            	9.1241             	0.5430             	60.0200            	0.0000             	0.0000             	0.0000             
206                	2021-02-01 15:06:55	216.2000           	50.1200            	5.9090             	10.8359            	9.0852             	0.5450             	60.0200            	0.0000             	0.0000             	0.0000             
207                	2021-02-01 15:06:56	216.2000           	50.3400            	5.9020             	10.8835            	9.1463             	0.5420             	60.0200            	0.0000             	0.0000             	0.0000             
208                	2021-02-01 15:06:58	216.3000           	50.0900            	5.9030             	10.8345            	9.0910             	0.5440             	60.0200            	0.0000             	0.0000             	0.0000             
209                	2021-02-01 15:06:59	216.3000           	50.6000            	5.9580             	10.9448            	9.1836             	0.5440             	60.0300            	0.0000             	0.0000             	0.0000             
210                	2021-02-01 15:07:00	216.1000           	50.4500            	5.9200             	10.9022            	9.1620             	0.5420             	60.0200            	0.0000             	0.0000             	0.0000             
211                	2021-02-01 15:07:01	216.3000           	50.3100            	5.9080             	10.8821            	9.1450             	0.5420             	60.0200            	0.0000             	0.0000             	0.0000             
212                	2021-02-01 15:07:02	216.4000           	50.4800            	5.9190             	10.9239            	9.1872             	0.5410             	60.0000            	0.0000             	0.0000             	0.0000             
213                	2021-02-01 15:07:03	216.5000           	50.2600            	5.9160             	10.8813            	9.1374             	0.5430             	60.0200            	0.0000             	0.0000             	0.0000             
214                	2021-02-01 15:07:04	216.5000           	51.1800            	5.9820             	11.0805            	9.3331             	0.5390             	60.0300            	0.0000             	0.0000             	0.0000             
215                	2021-02-01 15:07:05	216.5000           	50.3300            	5.9120             	10.8964            	9.1571             	0.5420             	60.0200            	0.0000             	0.0000             	0.0000             
216                	2021-02-01 15:07:07	216.4000           	49.3800            	5.8360             	10.6858            	8.9524             	0.5460             	60.0400            	0.0000             	0.0000             	0.0000             
217                	2021-02-01 15:07:08	216.4000           	51.1200            	5.9820             	11.0624            	9.3108             	0.5400             	60.0300            	0.0000             	0.0000             	0.0000             
218                	2021-02-01 15:07:09	216.4000           	50.8200            	5.9920             	10.9974            	9.2278             	0.5440             	60.0400            	0.0000             	0.0000             	0.0000             
219                	2021-02-01 15:07:10	216.5000           	50.6200            	5.9290             	10.9592            	9.2240             	0.5400             	60.0300            	0.0000             	0.0000             	0.0000             
220                	2021-02-01 15:07:11	216.5000           	50.7400            	5.9530             	10.9852            	9.2388             	0.5410             	60.0300            	0.0000             	0.0000             	0.0000             
221                	2021-02-01 15:07:12	216.7000           	51.4300            	5.9850             	11.1449            	9.4087             	0.5360             	60.0300            	0.0000             	0.0000             	0.0000             
222                	2021-02-01 15:07:13	216.8000           	37.3200            	4.5920             	8.0910             	6.6647             	0.5670             	60.0300            	0.0000             	0.0000             	0.0000             
223                	2021-02-01 15:07:14	216.6000           	27.7600            	3.4590             	6.0128             	4.9194             	0.5750             	60.0300            	0.0000             	0.0000             	0.0000             
224                	2021-02-01 15:07:15	216.6000           	24.4800            	3.0960             	5.3024             	4.3080             	0.5830             	60.0300            	0.0000             	0.0000             	0.0000             
225                	2021-02-01 15:07:16	216.3000           	31.1500            	3.8610             	6.7377             	5.5267             	0.5720             	60.0300            	0.0000             	0.0000             	0.0000             
226                	2021-02-01 15:07:18	216.5000           	25.5000            	3.1970             	5.5207             	4.5012             	0.5790             	60.0200            	0.0000             	0.0000             	0.0000             
227                	2021-02-01 15:07:19	216.4000           	24.6000            	3.0940             	5.3234             	4.3366             	0.5800             	60.0300            	0.0000             	0.0000             	0.0000             
228                	2021-02-01 15:07:20	216.6000           	25.2900            	3.1730             	5.4778             	4.4701             	0.5780             	60.0300            	0.0000             	0.0000             	0.0000             
229                	2021-02-01 15:07:21	216.5000           	24.3300            	3.0690             	5.2674             	4.2834             	0.5820             	60.0200            	0.0000             	0.0000             	0.0000             
230                	2021-02-01 15:07:22	216.6000           	24.4000            	3.0730             	5.2850             	4.3015             	0.5810             	60.0200            	0.0000             	0.0000             	0.0000             
231                	2021-02-01 15:07:23	216.4000           	24.5800            	3.0940             	5.3191             	4.3292             	0.5810             	60.0300            	0.0000             	0.0000             	0.0000             
232                	2021-02-01 15:07:24	216.4000           	33.3100            	4.0780             	7.2083             	5.9475             	0.5650             	60.0300            	0.0000             	0.0000             	0.0000             
233                	2021-02-01 15:07:25	216.4000           	48.1500            	5.7030             	10.4197            	8.7226             	0.5470             	60.0300            	0.0000             	0.0000             	0.0000             
234                	2021-02-01 15:07:26	216.5000           	49.3300            	5.8130             	10.6799            	8.9614             	0.5440             	60.0200            	0.0000             	0.0000             	0.0000             
235                	2021-02-01 15:07:27	216.4000           	49.4400            	5.8550             	10.6988            	8.9563             	0.5470             	60.0200            	0.0000             	0.0000             	0.0000             
236                	2021-02-01 15:07:28	216.3000           	50.3900            	5.9400             	10.8994            	9.1455             	0.5440             	60.0200            	0.0000             	0.0000             	0.0000             
237                	2021-02-01 15:07:30	216.4000           	49.8800            	5.8290             	10.7940            	9.0431             	0.5460             	60.0200            	0.0000             	0.0000             	0.0000             
238                	2021-02-01 15:07:31	216.5000           	50.6800            	5.9690             	10.9722            	9.2137             	0.5430             	60.0200            	0.0000             	0.0000             	0.0000             
239                	2021-02-01 15:07:32	216.5000           	50.3000            	5.9110             	10.8899            	9.1517             	0.5420             	60.0300            	0.0000             	0.0000             	0.0000             
240                	2021-02-01 15:07:33	216.4000           	50.2400            	5.9140             	10.8719            	9.1295             	0.5430             	60.0200            	0.0000             	0.0000             	0.0000             
241                	2021-02-01 15:07:34	216.6000           	50.5200            	5.9340             	10.9426            	9.1960             	0.5420             	60.0200            	0.0000             	0.0000             	0.0000             
242                	2021-02-01 15:07:35	216.5000           	49.8900            	5.9090             	10.8012            	9.0491             	0.5460             	60.0200            	0.0000             	0.0000             	0.0000             
243                	2021-02-01 15:07:36	216.4000           	49.3200            	5.8530             	10.6728            	8.9276             	0.5480             	60.0200            	0.0000             	0.0000             	0.0000             
244                	2021-02-01 15:07:37	216.6000           	50.1600            	5.9640             	10.8647            	9.0880             	0.5480             	60.0300            	0.0000             	0.0000             	0.0000             
245                	2021-02-01 15:07:38	216.7000           	49.6600            	5.8950             	10.7613            	9.0087             	0.5470             	60.0200            	0.0000             	0.0000             	0.0000             
246                	2021-02-01 15:07:39	216.6000           	50.8900            	6.0360             	11.0228            	9.2275             	0.5470             	60.0200            	0.0000             	0.0000             	0.0000             
247                	2021-02-01 15:07:40	216.8000           	49.5200            	5.8790             	10.7359            	8.9874             	0.5470             	60.0200            	0.0000             	0.0000             	0.0000             
248                	2021-02-01 15:07:42	216.4000           	49.6800            	5.8840             	10.7508            	8.9998             	0.5470             	60.0200            	0.0000             	0.0000             	0.0000             
249                	2021-02-01 15:07:43	216.5000           	49.3100            	5.8640             	10.6756            	8.9229             	0.5490             	60.0200            	0.0000             	0.0000             	0.0000             
250                	2021-02-01 15:07:44	216.6000           	50.1400            	5.9440             	10.8603            	9.0915             	0.5470             	60.0200            	0.0000             	0.0000             	0.0000             
251                	2021-02-01 15:07:45	216.6000           	49.6800            	5.8940             	10.7607            	9.0081             	0.5470             	60.0200            	0.0000             	0.0000             	0.0000             
252                	2021-02-01 15:07:46	217.0000           	49.9300            	5.9130             	10.8348            	9.0843             	0.5450             	60.0300            	0.0000             	0.0000             	0.0000             
253                	2021-02-01 15:07:47	216.6000           	49.2600            	5.8240             	10.6697            	8.9459             	0.5450             	60.0200            	0.0000             	0.0000             	0.0000             
254                	2021-02-01 15:07:48	216.7000           	51.0100            	6.0010             	11.0539            	9.2894             	0.5420             	60.0200            	0.0000             	0.0000             	0.0000             
255                	2021-02-01 15:07:49	216.5000           	50.2800            	5.9160             	10.8856            	9.1410             	0.5430             	60.0300            	0.0000             	0.0000             	0.0000             
256                	2021-02-01 15:07:51	216.6000           	49.9500            	5.9260             	10.8192            	9.0571             	0.5470             	60.0200            	0.0000             	0.0000             	0.0000             
257                	2021-02-01 15:07:52	216.6000           	50.3600            	5.9230             	10.9080            	9.1668             	0.5420             	60.0300            	0.0000             	0.0000             	0.0000             
258                	2021-02-01 15:07:53	216.7000           	50.3200            	5.9230             	10.9043            	9.1567             	0.5430             	60.0200            	0.0000             	0.0000             	0.0000             
259                	2021-02-01 15:07:54	216.5000           	48.6900            	5.7430             	10.5414            	8.8451             	0.5440             	60.0100            	0.0000             	0.0000             	0.0000             
260                	2021-02-01 15:07:55	216.6000           	31.1600            	3.8400             	6.7493             	5.5548             	0.5680             	60.0100            	0.0000             	0.0000             	0.0000             
261                	2021-02-01 15:07:56	216.4000           	25.6700            	3.2110             	5.5550             	4.5370             	0.5770             	60.0100            	0.0000             	0.0000             	0.0000             
262                	2021-02-01 15:07:57	216.5000           	25.1600            	3.1640             	5.4471             	4.4373             	0.5800             	60.0200            	0.0000             	0.0000             	0.0000             
263                	2021-02-01 15:07:58	216.6000           	25.3900            	3.1870             	5.4995             	4.4839             	0.5790             	60.0200            	0.0000             	0.0000             	0.0000             
264                	2021-02-01 15:07:59	216.5000           	25.1000            	3.1750             	5.4341             	4.4151             	0.5830             	60.0200            	0.0000             	0.0000             	0.0000             
265                	2021-02-01 15:08:01	216.6000           	24.1900            	3.0730             	5.2396             	4.2457             	0.5860             	60.0200            	0.0000             	0.0000             	0.0000             
266                	2021-02-01 15:08:02	216.5000           	25.2400            	3.1970             	5.4645             	4.4358             	0.5840             	60.0200            	0.0000             	0.0000             	0.0000             
267                	2021-02-01 15:08:03	216.5000           	24.8500            	3.1370             	5.3800             	4.3750             	0.5820             	60.0200            	0.0000             	0.0000             	0.0000             
268                	2021-02-01 15:08:04	216.4000           	24.1700            	3.0670             	5.2304             	4.2382             	0.5860             	60.0200            	0.0000             	0.0000             	0.0000             
269                	2021-02-01 15:08:05	216.6000           	30.1500            	3.7420             	6.5305             	5.3567             	0.5720             	60.0200            	0.0000             	0.0000             	0.0000             
270                	2021-02-01 15:08:06	216.4000           	48.4100            	5.7680             	10.4759            	8.7491             	0.5500             	60.0200            	0.0000             	0.0000             	0.0000             
271                	2021-02-01 15:08:07	216.4000           	52.6000            	6.1690             	11.3826            	9.5731             	0.5410             	60.0200            	0.0000             	0.0000             	0.0000             
272                	2021-02-01 15:08:08	216.6000           	49.0800            	5.8150             	10.6307            	8.9063             	0.5460             	60.0100            	0.0000             	0.0000             	0.0000             
273                	2021-02-01 15:08:09	216.7000           	49.9300            	5.9430             	10.8198            	9.0435             	0.5490             	60.0100            	0.0000             	0.0000             	0.0000             
274                	2021-02-01 15:08:11	216.8000           	48.8100            	5.8060             	10.5820            	8.8516             	0.5480             	60.0200            	0.0000             	0.0000             	0.0000             
275                	2021-02-01 15:08:12	216.8000           	49.6300            	5.9150             	10.7598            	8.9933             	0.5490             	60.0200            	0.0000             	0.0000             	0.0000             
276                	2021-02-01 15:08:13	216.6000           	50.0000            	5.9170             	10.8300            	9.0732             	0.5460             	60.0200            	0.0000             	0.0000             	0.0000             
277                	2021-02-01 15:08:14	216.6000           	49.9000            	5.9040             	10.8083            	9.0551             	0.5460             	60.0400            	0.0000             	0.0000             	0.0000             
278                	2021-02-01 15:08:15	214.2000           	50.0200            	5.9060             	10.7143            	8.9411             	0.5510             	60.0200            	0.0000             	0.0000             	0.0000             
279                	2021-02-01 15:08:16	214.1000           	50.3100            	5.9180             	10.7714            	9.0030             	0.5490             	60.0300            	0.0000             	0.0000             	0.0000             
280                	2021-02-01 15:08:17	214.0000           	50.1800            	5.9120             	10.7385            	8.9684             	0.5500             	60.0200            	0.0000             	0.0000             	0.0000             
281                	2021-02-01 15:08:18	214.0000           	49.9800            	5.9050             	10.6957            	8.9256             	0.5510             	60.0200            	0.0000             	0.0000             	0.0000             
282                	2021-02-01 15:08:19	214.2000           	50.0100            	5.9130             	10.7121            	8.9323             	0.5520             	60.0300            	0.0000             	0.0000             	0.0000             
283                	2021-02-01 15:08:20	214.3000           	50.1600            	5.9200             	10.7493            	8.9774             	0.5500             	60.0300            	0.0000             	0.0000             	0.0000             
284                	2021-02-01 15:08:22	214.3000           	50.1100            	5.9190             	10.7386            	8.9614             	0.5510             	60.0300            	0.0000             	0.0000             	0.0000             
285                	2021-02-01 15:08:23	214.5000           	50.2900            	5.9060             	10.7872            	9.0303             	0.5470             	60.0300            	0.0000             	0.0000             	0.0000             
286                	2021-02-01 15:08:24	214.2000           	49.9400            	5.8980             	10.6971            	8.9268             	0.5510             	60.0200            	0.0000             	0.0000             	0.0000             
287                	2021-02-01 15:08:25	214.3000           	49.7300            	5.8590             	10.6571            	8.9075             	0.5490             	60.0200            	0.0000             	0.0000             	0.0000             
288                	2021-02-01 15:08:26	214.4000           	49.6600            	5.8830             	10.6471            	8.8780             	0.5520             	60.0300            	0.0000             	0.0000             	0.0000             
289                	2021-02-01 15:08:27	214.4000           	49.8800            	5.8690             	10.6943            	8.9455             	0.5480             	60.0300            	0.0000             	0.0000             	0.0000             
290                	2021-02-01 15:08:28	214.5000           	50.5300            	5.9140             	10.8387            	9.0875             	0.5450             	60.0300            	0.0000             	0.0000             	0.0000             
291                	2021-02-01 15:08:29	214.3000           	50.5000            	5.9050             	10.8222            	9.0737             	0.5450             	60.0300            	0.0000             	0.0000             	0.0000             
292                	2021-02-01 15:08:30	214.4000           	50.2700            	5.9160             	10.7779            	9.0155             	0.5480             	60.0300            	0.0000             	0.0000             	0.0000             
293                	2021-02-01 15:08:31	214.3000           	50.0700            	5.9080             	10.7300            	8.9613             	0.5500             	60.0300            	0.0000             	0.0000             	0.0000             
294                	2021-02-01 15:08:33	214.3000           	51.2000            	5.9940             	10.9722            	9.1923             	0.5460             	60.0300            	0.0000             	0.0000             	0.0000             
295                	2021-02-01 15:08:34	214.3000           	50.2500            	5.9200             	10.7686            	9.0006             	0.5490             	60.0300            	0.0000             	0.0000             	0.0000             
296                	2021-02-01 15:08:35	214.1000           	42.5700            	5.1140             	9.1142             	7.5511             	0.5600             	60.0200            	0.0000             	0.0000             	0.0000             
297                	2021-02-01 15:08:36	214.2000           	26.1100            	3.2670             	5.5928             	4.5399             	0.5840             	60.0200            	0.0000             	0.0000             	0.0000             
298                	2021-02-01 15:08:37	214.0000           	24.3800            	3.0700             	5.2173             	4.2201             	0.5880             	60.0200            	0.0000             	0.0000             	0.0000             
299                	2021-02-01 15:08:38	214.1000           	25.5300            	3.2030             	5.4660             	4.4291             	0.5860             	60.0200            	0.0000             	0.0000             	0.0000             
300                	2021-02-01 15:08:39	214.1000           	24.3500            	3.0650             	5.2133             	4.2206             	0.5870             	60.0100            	0.0000             	0.0000             	0.0000             
301                	2021-02-01 15:08:40	214.2000           	25.4900            	3.1850             	5.4600             	4.4361             	0.5830             	60.0200            	0.0000             	0.0000             	0.0000             
302                	2021-02-01 15:08:41	214.2000           	25.2900            	3.1660             	5.4171             	4.3974             	0.5840             	60.0200            	0.0000             	0.0000             	0.0000             
303                	2021-02-01 15:08:42	214.1000           	24.3900            	3.0670             	5.2219             	4.2276             	0.5870             	60.0200            	0.0000             	0.0000             	0.0000             
304                	2021-02-01 15:08:44	214.1000           	25.3300            	3.1790             	5.4232             	4.3984             	0.5850             	60.0300            	0.0000             	0.0000             	0.0000             
305                	2021-02-01 15:08:45	214.3000           	25.1300            	3.1390             	5.3854             	4.3793             	0.5820             	60.0300            	0.0000             	0.0000             	0.0000             
306                	2021-02-01 15:08:46	214.3000           	34.7300            	4.2190             	7.4426             	6.1358             	0.5660             	60.0300            	0.0000             	0.0000             	0.0000             
307                	2021-02-01 15:08:47	214.3000           	42.1700            	5.1150             	9.0370             	7.4564             	0.5650             	60.0300            	0.0000             	0.0000             	0.0000             
308                	2021-02-01 15:08:48	214.4000           	49.8000            	5.8890             	10.6771            	8.9101             	0.5510             	60.0100            	0.0000             	0.0000             	0.0000             
309                	2021-02-01 15:08:49	214.2000           	49.3800            	5.8260             	10.5772            	8.8197             	0.5520             	60.0300            	0.0000             	0.0000             	0.0000             
310                	2021-02-01 15:08:50	214.3000           	50.2100            	5.9110             	10.7600            	8.9935             	0.5490             	60.0300            	0.0000             	0.0000             	0.0000             
311                	2021-02-01 15:08:51	214.2000           	50.0400            	5.8800             	10.7186            	8.9658             	0.5480             	60.0300            	0.0000             	0.0000             	0.0000             
312                	2021-02-01 15:08:52	214.3000           	49.1100            	5.8070             	10.5243            	8.8033             	0.5480             	60.0300            	0.0000             	0.0000             	0.0000             
313                	2021-02-01 15:08:54	214.3000           	50.1500            	5.9140             	10.7471            	8.9756             	0.5500             	60.0300            	0.0000             	0.0000             	0.0000             
314                	2021-02-01 15:08:55	214.2000           	50.0300            	5.9130             	10.7164            	8.9429             	0.5510             	60.0300            	0.0000             	0.0000             	0.0000             
315                	2021-02-01 15:08:56	214.3000           	50.0600            	5.9050             	10.7279            	8.9595             	0.5500             	60.0300            	0.0000             	0.0000             	0.0000             
316                	2021-02-01 15:08:57	214.1000           	49.6100            	5.8690             	10.6215            	8.8567             	0.5520             	60.0300            	0.0000             	0.0000             	0.0000             
317                	2021-02-01 15:08:58	214.1000           	49.8100            	5.8650             	10.6643            	8.9135             	0.5490             	60.0300            	0.0000             	0.0000             	0.0000             
318                	2021-02-01 15:08:59	214.3000           	50.3800            	5.9190             	10.7964            	9.0310             	0.5480             	60.0300            	0.0000             	0.0000             	0.0000             
319                	2021-02-01 15:09:00	214.3000           	51.4500            	6.0190             	11.0257            	9.2444             	0.5450             	60.0300            	0.0000             	0.0000             	0.0000             
320                	2021-02-01 15:09:01	214.3000           	50.1900            	5.9210             	10.7557            	8.9828             	0.5500             	60.0300            	0.0000             	0.0000             	0.0000             
321                	2021-02-01 15:09:03	214.1000           	50.2800            	5.9220             	10.7649            	8.9976             	0.5490             	60.0300            	0.0000             	0.0000             	0.0000             
322                	2021-02-01 15:09:04	214.3000           	51.3300            	6.0390             	11.0000            	9.2013             	0.5480             	60.0300            	0.0000             	0.0000             	0.0000             
323                	2021-02-01 15:09:05	214.3000           	50.5600            	5.9400             	10.8350            	9.0632             	0.5480             	60.0300            	0.0000             	0.0000             	0.0000             
324                	2021-02-01 15:09:06	214.4000           	50.1900            	5.9160             	10.7607            	8.9941             	0.5490             	60.0300            	0.0000             	0.0000             	0.0000             
325                	2021-02-01 15:09:07	214.2000           	50.2800            	5.9290             	10.7700            	8.9947             	0.5500             	60.0300            	0.0000             	0.0000             	0.0000             
326                	2021-02-01 15:09:08	214.5000           	50.6000            	5.9770             	10.8537            	9.0646             	0.5500             	60.0300            	0.0000             	0.0000             	0.0000             
327                	2021-02-01 15:09:09	214.4000           	49.4300            	5.8540             	10.5978            	8.8369             	0.5520             	60.0300            	0.0000             	0.0000             	0.0000             
328                	2021-02-01 15:09:10	214.4000           	50.3700            	5.9520             	10.7993            	9.0121             	0.5510             	60.0300            	0.0000             	0.0000             	0.0000             
329                	2021-02-01 15:09:11	214.2000           	50.2900            	5.9390             	10.7721            	8.9894             	0.5510             	60.0300            	0.0000             	0.0000             	0.0000             
330                	2021-02-01 15:09:13	214.3000           	50.2700            	5.9390             	10.7729            	8.9900             	0.5510             	60.0300            	0.0000             	0.0000             	0.0000             
331                	2021-02-01 15:09:14	214.2000           	50.3400            	5.9350             	10.7828            	9.0054             	0.5500             	60.0300            	0.0000             	0.0000             	0.0000             
332                	2021-02-01 15:09:15	214.2000           	50.4100            	5.9350             	10.7978            	9.0251             	0.5490             	60.0200            	0.0000             	0.0000             	0.0000             
333                	2021-02-01 15:09:16	214.2000           	33.7100            	4.2060             	7.2207             	5.8718             	0.5820             	60.0200            	0.0000             	0.0000             	0.0000             
334                	2021-02-01 15:09:17	214.2000           	24.8900            	3.1330             	5.3314             	4.3163             	0.5870             	60.0200            	0.0000             	0.0000             	0.0000             
335                	2021-02-01 15:09:18	214.3000           	25.6800            	3.2210             	5.5032             	4.4633             	0.5850             	60.0300            	0.0000             	0.0000             	0.0000             
336                	2021-02-01 15:09:19	214.2000           	29.6900            	3.6790             	6.3596             	5.1897             	0.5780             	60.0200            	0.0000             	0.0000             	0.0000             
337                	2021-02-01 15:09:20	214.2000           	25.4500            	3.1940             	5.4514             	4.4213             	0.5850             	60.0200            	0.0000             	0.0000             	0.0000             
338                	2021-02-01 15:09:21	214.1000           	24.3800            	3.0670             	5.2198             	4.2258             	0.5870             	60.0200            	0.0000             	0.0000             	0.0000             
339                	2021-02-01 15:09:23	214.1000           	24.4300            	3.0680             	5.2305             	4.2383             	0.5860             	60.0200            	0.0000             	0.0000             	0.0000             
340                	2021-02-01 15:09:24	214.2000           	25.4600            	3.1890             	5.4535             	4.4269             	0.5840             	60.0200            	0.0000             	0.0000             	0.0000             
341                	2021-02-01 15:09:25	214.2000           	24.4400            	3.0810             	5.2350             	4.2344             	0.5880             	60.0200            	0.0000             	0.0000             	0.0000             
342                	2021-02-01 15:09:26	214.5000           	25.5200            	3.1960             	5.4740             	4.4475             	0.5830             	60.0300            	0.0000             	0.0000             	0.0000             
343                	2021-02-01 15:09:27	214.4000           	42.7800            	5.1800             	9.1720             	7.5740             	0.5640             	60.0200            	0.0000             	0.0000             	0.0000             
344                	2021-02-01 15:09:28	214.5000           	50.2100            	5.8990             	10.7700            	9.0160             	0.5470             	60.0200            	0.0000             	0.0000             	0.0000             
345                	2021-02-01 15:09:29	214.5000           	50.2000            	5.9070             	10.7679            	9.0071             	0.5480             	60.0200            	0.0000             	0.0000             	0.0000             
346                	2021-02-01 15:09:30	214.7000           	50.9400            	6.0020             	10.9368            	9.1484             	0.5480             	60.0300            	0.0000             	0.0000             	0.0000             
347                	2021-02-01 15:09:31	214.3000           	51.9600            	6.0560             	11.1350            	9.3504             	0.5430             	60.0300            	0.0000             	0.0000             	0.0000             
348                	2021-02-01 15:09:32	214.2000           	50.4100            	5.9570             	10.7978            	9.0108             	0.5510             	60.0300            	0.0000             	0.0000             	0.0000             
349                	2021-02-01 15:09:34	214.8000           	50.4400            	5.9470             	10.8345            	9.0628             	0.5480             	60.0300            	0.0000             	0.0000             	0.0000             
350                	2021-02-01 15:09:35	214.8000           	50.3400            	5.9460             	10.8130            	9.0378             	0.5490             	60.0300            	0.0000             	0.0000             	0.0000             
351                	2021-02-01 15:09:36	214.8000           	50.3500            	5.9320             	10.8152            	9.0467             	0.5480             	60.0300            	0.0000             	0.0000             	0.0000             
352                	2021-02-01 15:09:37	214.6000           	50.5500            	5.9340             	10.8480            	9.0883             	0.5460             	60.0300            	0.0000             	0.0000             	0.0000             
353                	2021-02-01 15:09:38	214.6000           	50.5800            	5.9230             	10.8545            	9.1008             	0.5450             	60.0300            	0.0000             	0.0000             	0.0000             
354                	2021-02-01 15:09:39	214.7000           	50.5200            	5.8960             	10.8466            	9.1083             	0.5430             	60.0200            	0.0000             	0.0000             	0.0000             
355                	2021-02-01 15:09:40	214.8000           	50.3800            	5.8960             	10.8216            	9.0803             	0.5440             	60.0100            	0.0000             	0.0000             	0.0000             
356                	2021-02-01 15:09:41	214.7000           	50.4900            	5.9080             	10.8402            	9.0959             	0.5440             	60.0200            	0.0000             	0.0000             	0.0000             
357                	2021-02-01 15:09:42	214.7000           	50.1600            	5.8840             	10.7694            	9.0224             	0.5460             	60.0200            	0.0000             	0.0000             	0.0000             
358                	2021-02-01 15:09:43	214.8000           	50.5600            	5.9040             	10.8603            	9.1197             	0.5430             	60.0300            	0.0000             	0.0000             	0.0000             
359                	2021-02-01 15:09:44	214.6000           	51.1600            	5.9440             	10.9789            	9.2335             	0.5410             	60.0300            	0.0000             	0.0000             	0.0000             
360                	2021-02-01 15:09:45	214.6000           	50.9600            	5.9390             	10.9360            	9.1904             	0.5420             	60.0300            	0.0000             	0.0000             	0.0000             
361                	2021-02-01 15:09:47	214.6000           	50.9600            	5.9580             	10.9360            	9.1762             	0.5440             	60.0200            	0.0000             	0.0000             	0.0000             
362                	2021-02-01 15:09:48	214.6000           	50.7300            	5.9340             	10.8867            	9.1278             	0.5450             	60.0300            	0.0000             	0.0000             	0.0000             
363                	2021-02-01 15:09:49	214.6000           	51.0300            	5.9400             	10.9510            	9.2030             	0.5420             	60.0300            	0.0000             	0.0000             	0.0000             
364                	2021-02-01 15:09:50	214.6000           	50.4000            	5.9410             	10.8158            	9.0401             	0.5490             	60.0300            	0.0000             	0.0000             	0.0000             
365                	2021-02-01 15:09:51	214.7000           	51.6700            	6.0600             	11.0935            	9.2940             	0.5460             	60.0200            	0.0000             	0.0000             	0.0000             
366                	2021-02-01 15:09:52	214.7000           	50.4200            	5.9350             	10.8252            	9.0550             	0.5480             	60.0300            	0.0000             	0.0000             	0.0000             
367                	2021-02-01 15:09:53	214.5000           	49.5500            	5.8710             	10.6285            	8.8625             	0.5520             	60.0200            	0.0000             	0.0000             	0.0000             
368                	2021-02-01 15:09:55	214.7000           	49.6600            	5.8740             	10.6620            	8.9045             	0.5500             	60.0200            	0.0000             	0.0000             	0.0000             
369                	2021-02-01 15:09:56	214.6000           	48.7100            	5.7730             	10.4532            	8.7163             	0.5520             	60.0200            	0.0000             	0.0000             	0.0000             
370                	2021-02-01 15:09:57	214.7000           	30.8600            	3.8220             	6.6256             	5.4161             	0.5760             	60.0200            	0.0000             	0.0000             	0.0000             
371                	2021-02-01 15:09:58	214.7000           	25.6300            	3.2220             	5.5028             	4.4629             	0.5850             	60.0200            	0.0000             	0.0000             	0.0000             
372                	2021-02-01 15:09:59	214.7000           	29.0500            	3.6000             	6.2370             	5.0941             	0.5770             	60.0100            	0.0000             	0.0000             	0.0000             
373                	2021-02-01 15:10:00	214.7000           	24.5600            	3.0910             	5.2730             	4.2766             	0.5850             	60.0200            	0.0000             	0.0000             	0.0000             
374                	2021-02-01 15:10:01	214.5000           	25.4900            	3.1890             	5.4676             	4.4423             	0.5830             	60.0300            	0.0000             	0.0000             	0.0000             
375                	2021-02-01 15:10:02	214.6000           	24.4600            	3.0780             	5.2491             	4.2572             	0.5850             	60.0200            	0.0000             	0.0000             	0.0000             
376                	2021-02-01 15:10:03	214.6000           	24.4600            	3.0770             	5.2491             	4.2534             	0.5860             	60.0200            	0.0000             	0.0000             	0.0000             
377                	2021-02-01 15:10:05	214.5000           	24.7700            	3.1040             	5.3132             	4.3130             	0.5840             	60.0200            	0.0000             	0.0000             	0.0000             
378                	2021-02-01 15:10:06	214.6000           	24.3300            	3.0700             	5.2212             	4.2270             	0.5870             	60.0200            	0.0000             	0.0000             	0.0000             
379                	2021-02-01 15:10:07	214.5000           	32.1100            	3.9610             	6.8876             	5.6351             	0.5750             	60.0200            	0.0000             	0.0000             	0.0000             
380                	2021-02-01 15:10:08	214.5000           	24.4200            	3.0740             	5.2381             	4.2445             	0.5860             	60.0100            	0.0000             	0.0000             	0.0000             
381                	2021-02-01 15:10:09	214.3000           	25.5600            	3.1920             	5.4775             	4.4542             	0.5820             	60.0100            	0.0000             	0.0000             	0.0000             
382                	2021-02-01 15:10:10	214.5000           	24.4600            	3.0810             	5.2467             	4.2476             	0.5870             	60.0100            	0.0000             	0.0000             	0.0000             
383                	2021-02-01 15:10:11	214.4000           	24.3900            	3.0710             	5.2292             	4.2335             	0.5870             	60.0100            	0.0000             	0.0000             	0.0000             
384                	2021-02-01 15:10:13	214.4000           	25.5100            	3.1840             	5.4693             	4.4476             	0.5820             	60.0100            	0.0000             	0.0000             	0.0000             
385                	2021-02-01 15:10:14	214.4000           	25.3000            	3.0770             	5.4243             	4.3915             	0.5870             	60.0200            	0.0000             	0.0000             	0.0000             
386                	2021-02-01 15:10:15	214.4000           	24.9800            	3.1740             	5.3557             	4.3164             	0.5920             	60.0100            	0.0000             	0.0000             	0.0000             
387                	2021-02-01 15:10:16	214.5000           	25.2400            	3.1630             	5.4140             	4.3948             	0.5840             	60.0100            	0.0000             	0.0000             	0.0000             
388                	2021-02-01 15:10:17	214.5000           	25.2000            	3.1680             	5.4054             	4.3840             	0.5850             	60.0100            	0.0000             	0.0000             	0.0000             
389                	2021-02-01 15:10:18	214.5000           	24.3400            	3.0730             	5.2209             	4.2230             	0.5880             	60.0000            	0.0000             	0.0000             	0.0000             
390                	2021-02-01 15:10:19	214.3000           	24.1100            	3.0460             	5.1668             	4.1754             	0.5890             	60.0000            	0.0000             	0.0000             	0.0000             
391                	2021-02-01 15:10:20	214.4000           	24.1800            	3.0510             	5.1842             	4.1933             	0.5880             	60.0000            	0.0000             	0.0000             	0.0000             
392                	2021-02-01 15:10:21	214.4000           	24.1100            	3.0480             	5.1692             	4.1774             	0.5890             	60.0000            	0.0000             	0.0000             	0.0000             
393                	2021-02-01 15:10:22	214.3000           	24.2400            	3.0510             	5.1946             	4.2055             	0.5870             	60.0000            	0.0000             	0.0000             	0.0000             
394                	2021-02-01 15:10:23	214.4000           	24.2700            	3.0520             	5.2035             	4.2164             	0.5860             	60.0000            	0.0000             	0.0000             	0.0000             
395                	2021-02-01 15:10:25	214.2000           	24.0900            	3.0410             	5.1601             	4.1700             	0.5890             	60.0000            	0.0000             	0.0000             	0.0000             
396                	2021-02-01 15:10:26	214.4000           	24.1400            	3.0470             	5.1756             	4.1864             	0.5880             	60.0000            	0.0000             	0.0000             	0.0000             
