No.                	Time               	Voltage[ V ]       	Current[ mA ]      	Active Power[ W ]  	Apparent Power[ VA ]	Reactive Power[ Var ]	Power Factor[ PF ] 	Frequency[ Hz ]    	Watt Hours[ Wh ]   	CO2[ g ]           	Cost[ Dollar ]     
1                  	2021-01-29 13:30:02	214.8000           	27.9300            	3.5180             	5.9994             	4.8614             	0.5860             	59.9900            	0.0000             	0.0000             	0.0000             
2                  	2021-01-29 13:30:03	214.8000           	40.2300            	4.9110             	8.6414             	7.1121             	0.5680             	59.9800            	0.0000             	0.0000             	0.0000             
3                  	2021-01-29 13:30:04	214.8000           	28.5500            	3.5850             	6.1325             	4.9781             	0.5840             	59.9800            	0.0000             	0.0000             	0.0000             
4                  	2021-01-29 13:30:05	214.7000           	28.3700            	3.5450             	6.0910             	4.9532             	0.5820             	59.9800            	0.0000             	0.0000             	0.0000             
5                  	2021-01-29 13:30:06	214.6000           	27.0600            	3.3900             	5.8071             	4.7181             	0.5830             	59.9900            	0.0000             	0.0000             	0.0000             
6                  	2021-01-29 13:30:08	214.6000           	27.7100            	3.4550             	5.9466             	4.8442             	0.5800             	59.9900            	0.0000             	0.0000             	0.0000             
7                  	2021-01-29 13:30:09	214.6000           	28.5100            	3.5430             	6.1182             	4.9927             	0.5780             	59.9900            	0.0000             	0.0000             	0.0000             
8                  	2021-01-29 13:30:10	214.5000           	26.7800            	3.3590             	5.7443             	4.6630             	0.5840             	59.9900            	0.0000             	0.0000             	0.0000             
9                  	2021-01-29 13:30:11	214.5000           	26.8200            	3.3600             	5.7529             	4.6741             	0.5830             	59.9900            	0.0000             	0.0000             	0.0000             
10                 	2021-01-29 13:30:12	214.7000           	26.8400            	3.3600             	5.7625             	4.6860             	0.5820             	60.0000            	0.0000             	0.0000             	0.0000             
11                 	2021-01-29 13:30:13	214.6000           	26.8200            	3.3610             	5.7556             	4.6762             	0.5830             	60.0000            	0.0000             	0.0000             	0.0000             
12                 	2021-01-29 13:30:14	214.6000           	28.5700            	3.5560             	6.1311             	4.9989             	0.5790             	60.0000            	0.0000             	0.0000             	0.0000             
13                 	2021-01-29 13:30:15	214.6000           	26.6100            	3.3530             	5.7105             	4.6232             	0.5870             	60.0000            	0.0000             	0.0000             	0.0000             
14                 	2021-01-29 13:30:16	214.4000           	36.8400            	4.5570             	7.8985             	6.4566             	0.5760             	60.0000            	0.0000             	0.0000             	0.0000             
15                 	2021-01-29 13:30:18	214.5000           	36.8700            	4.5660             	7.9086             	6.4593             	0.5770             	60.0000            	0.0000             	0.0000             	0.0000             
16                 	2021-01-29 13:30:19	214.3000           	37.0200            	4.5650             	7.9334             	6.4907             	0.5750             	60.0000            	0.0000             	0.0000             	0.0000             
17                 	2021-01-29 13:30:20	214.3000           	36.9500            	4.5630             	7.9184             	6.4729             	0.5760             	60.0000            	0.0000             	0.0000             	0.0000             
18                 	2021-01-29 13:30:21	214.6000           	37.0600            	4.5640             	7.9531             	6.5180             	0.5730             	59.9800            	0.0000             	0.0000             	0.0000             
19                 	2021-01-29 13:30:22	214.5000           	36.9300            	4.5540             	7.9215             	6.4865             	0.5740             	59.9900            	0.0000             	0.0000             	0.0000             
20                 	2021-01-29 13:30:23	214.4000           	36.8100            	4.5610             	7.8921             	6.4458             	0.5770             	59.9900            	0.0000             	0.0000             	0.0000             
21                 	2021-01-29 13:30:24	214.6000           	37.0800            	4.5760             	7.9574             	6.5159             	0.5740             	59.9900            	0.0000             	0.0000             	0.0000             
22                 	2021-01-29 13:30:25	214.7000           	37.0100            	4.5640             	7.9460             	6.5067             	0.5740             	59.9900            	0.0000             	0.0000             	0.0000             
23                 	2021-01-29 13:30:26	214.6000           	33.2000            	4.1260             	7.1247             	5.8140             	0.5780             	59.9900            	0.0000             	0.0000             	0.0000             
24                 	2021-01-29 13:30:27	214.7000           	26.9600            	3.3740             	5.7883             	4.7070             	0.5820             	59.9900            	0.0000             	0.0000             	0.0000             
25                 	2021-01-29 13:30:28	214.7000           	26.7100            	3.3600             	5.7346             	4.6510             	0.5850             	59.9900            	0.0000             	0.0000             	0.0000             
26                 	2021-01-29 13:30:29	214.7000           	26.6800            	3.3700             	5.7282             	4.6333             	0.5880             	59.9800            	0.0000             	0.0000             	0.0000             
27                 	2021-01-29 13:30:31	214.5000           	26.8000            	3.3730             	5.7486             	4.6582             	0.5860             	59.9800            	0.0000             	0.0000             	0.0000             
28                 	2021-01-29 13:30:32	214.7000           	26.8100            	3.3660             	5.7561             	4.6725             	0.5840             	59.9800            	0.0000             	0.0000             	0.0000             
29                 	2021-01-29 13:30:33	214.7000           	27.5300            	3.4320             	5.9107             	4.8149             	0.5800             	59.9800            	0.0000             	0.0000             	0.0000             
30                 	2021-01-29 13:30:34	214.6000           	27.5300            	3.4570             	5.9079             	4.7958             	0.5840             	59.9800            	0.0000             	0.0000             	0.0000             
31                 	2021-01-29 13:30:35	214.8000           	26.7500            	3.3800             	5.7459             	4.6518             	0.5870             	59.9800            	0.0000             	0.0000             	0.0000             
32                 	2021-01-29 13:30:36	214.8000           	27.4100            	3.4390             	5.8877             	4.7793             	0.5840             	59.9800            	0.0000             	0.0000             	0.0000             
33                 	2021-01-29 13:30:37	215.0000           	37.8300            	4.6560             	8.1334             	6.6715             	0.5720             	59.9900            	0.0000             	0.0000             	0.0000             
34                 	2021-01-29 13:30:38	214.9000           	37.0400            	4.5670             	7.9599             	6.5236             	0.5730             	59.9900            	0.0000             	0.0000             	0.0000             
35                 	2021-01-29 13:30:39	214.9000           	38.1800            	4.6940             	8.2049             	6.7358             	0.5710             	59.9800            	0.0000             	0.0000             	0.0000             
36                 	2021-01-29 13:30:40	215.0000           	38.0100            	4.6850             	8.1721             	6.6975             	0.5730             	59.9800            	0.0000             	0.0000             	0.0000             
37                 	2021-01-29 13:30:42	215.0000           	37.9800            	4.6730             	8.1657             	6.6979             	0.5720             	59.9900            	0.0000             	0.0000             	0.0000             
38                 	2021-01-29 13:30:43	215.0000           	38.0400            	4.6770             	8.1786             	6.7142             	0.5710             	60.0200            	0.0000             	0.0000             	0.0000             
39                 	2021-01-29 13:30:44	215.0000           	38.1900            	4.6900             	8.2108             	6.7407             	0.5710             	60.0000            	0.0000             	0.0000             	0.0000             
40                 	2021-01-29 13:30:45	214.9000           	38.1800            	4.6840             	8.2049             	6.7415             	0.5700             	60.0100            	0.0000             	0.0000             	0.0000             
41                 	2021-01-29 13:30:46	214.9000           	33.4600            	4.1480             	7.1906             	5.8779             	0.5760             	60.0100            	0.0000             	0.0000             	0.0000             
42                 	2021-01-29 13:30:47	214.8000           	33.2300            	4.1220             	7.1378             	5.8298             	0.5770             	60.0100            	0.0000             	0.0000             	0.0000             
43                 	2021-01-29 13:30:48	214.9000           	26.8700            	3.3690             	5.7744             	4.6915             	0.5830             	60.0100            	0.0000             	0.0000             	0.0000             
44                 	2021-01-29 13:30:49	214.6000           	28.1800            	3.5010             	6.0474             	4.9349             	0.5780             	60.0100            	0.0000             	0.0000             	0.0000             
45                 	2021-01-29 13:30:51	214.7000           	27.8700            	3.4670             	5.9837             	4.8787             	0.5790             	60.0100            	0.0000             	0.0000             	0.0000             
46                 	2021-01-29 13:30:52	214.7000           	26.8700            	3.3590             	5.7690             	4.6913             	0.5820             	60.0100            	0.0000             	0.0000             	0.0000             
47                 	2021-01-29 13:30:53	214.7000           	26.7800            	3.3590             	5.7497             	4.6673             	0.5840             	60.0100            	0.0000             	0.0000             	0.0000             
48                 	2021-01-29 13:30:54	214.7000           	26.7700            	3.3610             	5.7475             	4.6656             	0.5840             	60.0000            	0.0000             	0.0000             	0.0000             
49                 	2021-01-29 13:30:55	214.4000           	28.2900            	3.5170             	6.0654             	4.9453             	0.5790             	60.0000            	0.0000             	0.0000             	0.0000             
50                 	2021-01-29 13:30:56	214.5000           	27.9500            	3.4760             	5.9953             	4.8881             	0.5790             	60.0000            	0.0000             	0.0000             	0.0000             
51                 	2021-01-29 13:30:57	214.1000           	19.3200            	2.3330             	4.1364             	3.4186             	0.5630             	60.0000            	0.0000             	0.0000             	0.0000             
52                 	2021-01-29 13:30:59	214.4000           	37.3000            	4.5650             	7.9971             	6.5708             	0.5700             	60.0000            	0.0000             	0.0000             	0.0000             
53                 	2021-01-29 13:31:00	214.4000           	37.2500            	4.5630             	7.9864             	6.5564             	0.5710             	60.0000            	0.0000             	0.0000             	0.0000             
54                 	2021-01-29 13:31:01	214.4000           	37.8900            	4.6410             	8.1236             	6.6691             	0.5710             	59.9900            	0.0000             	0.0000             	0.0000             
55                 	2021-01-29 13:31:02	214.5000           	37.2800            	4.5810             	7.9966             	6.5592             	0.5720             	59.9800            	0.0000             	0.0000             	0.0000             
56                 	2021-01-29 13:31:03	214.4000           	37.1600            	4.5700             	7.9671             	6.5295             	0.5730             	59.9700            	0.0000             	0.0000             	0.0000             
57                 	2021-01-29 13:31:04	214.5000           	37.2300            	4.5730             	7.9858             	6.5504             	0.5720             	59.9800            	0.0000             	0.0000             	0.0000             
58                 	2021-01-29 13:31:05	214.5000           	37.0400            	4.5620             	7.9451             	6.5114             	0.5730             	59.9800            	0.0000             	0.0000             	0.0000             
59                 	2021-01-29 13:31:06	214.7000           	37.0000            	4.5650             	7.9439             	6.5049             	0.5740             	59.9800            	0.0000             	0.0000             	0.0000             
60                 	2021-01-29 13:31:08	214.8000           	32.8000            	4.0970             	7.0454             	5.7343             	0.5810             	59.9800            	0.0000             	0.0000             	0.0000             
61                 	2021-01-29 13:31:09	214.7000           	28.7500            	3.5770             	6.1726             	5.0327             	0.5790             	59.9800            	0.0000             	0.0000             	0.0000             
62                 	2021-01-29 13:31:10	214.6000           	26.6500            	3.3550             	5.7191             	4.6342             	0.5860             	59.9800            	0.0000             	0.0000             	0.0000             
63                 	2021-01-29 13:31:11	214.7000           	27.4500            	3.4410             	5.8935             	4.7883             	0.5830             	59.9800            	0.0000             	0.0000             	0.0000             
64                 	2021-01-29 13:31:12	214.4000           	27.5900            	3.4570             	5.9153             	4.8018             	0.5840             	59.9800            	0.0000             	0.0000             	0.0000             
65                 	2021-01-29 13:31:13	214.5000           	26.7900            	3.3650             	5.7465             	4.6606             	0.5850             	59.9800            	0.0000             	0.0000             	0.0000             
66                 	2021-01-29 13:31:14	214.6000           	27.6900            	3.4570             	5.9423             	4.8364             	0.5810             	59.9800            	0.0000             	0.0000             	0.0000             
67                 	2021-01-29 13:31:15	214.6000           	26.8000            	3.3650             	5.7513             	4.6686             	0.5840             	59.9800            	0.0000             	0.0000             	0.0000             
68                 	2021-01-29 13:31:16	214.4000           	26.7500            	3.3580             	5.7352             	4.6514             	0.5850             	59.9800            	0.0000             	0.0000             	0.0000             
69                 	2021-01-29 13:31:17	214.6000           	29.0800            	3.6080             	6.2406             	5.0969             	0.5770             	59.9800            	0.0000             	0.0000             	0.0000             
70                 	2021-01-29 13:31:18	214.5000           	22.3800            	2.7360             	4.8005             	3.9476             	0.5690             	59.9800            	0.0000             	0.0000             	0.0000             
71                 	2021-01-29 13:31:20	214.3000           	26.6200            	3.3430             	5.7047             	4.6267             	0.5850             	59.9800            	0.0000             	0.0000             	0.0000             
72                 	2021-01-29 13:31:21	214.5000           	37.7600            	4.6420             	8.0995             	6.6437             	0.5720             	59.9800            	0.0000             	0.0000             	0.0000             
73                 	2021-01-29 13:31:22	214.4000           	37.7500            	4.6360             	8.0936             	6.6388             	0.5720             	59.9900            	0.0000             	0.0000             	0.0000             
74                 	2021-01-29 13:31:23	214.2000           	37.2100            	4.5860             	7.9704             	6.5210             	0.5750             	59.9900            	0.0000             	0.0000             	0.0000             
75                 	2021-01-29 13:31:24	214.5000           	37.0500            	4.5740             	7.9472             	6.5020             	0.5750             	60.0000            	0.0000             	0.0000             	0.0000             
76                 	2021-01-29 13:31:25	214.5000           	36.9800            	4.5630             	7.9322             	6.4953             	0.5740             	59.9900            	0.0000             	0.0000             	0.0000             
77                 	2021-01-29 13:31:26	214.4000           	37.1000            	4.5680             	7.9542             	6.5134             	0.5740             	60.0000            	0.0000             	0.0000             	0.0000             
78                 	2021-01-29 13:31:27	214.3000           	37.1700            	4.5680             	7.9655             	6.5282             	0.5730             	59.9900            	0.0000             	0.0000             	0.0000             
79                 	2021-01-29 13:31:28	214.3000           	37.1100            	4.5660             	7.9527             	6.5121             	0.5740             	60.0000            	0.0000             	0.0000             	0.0000             
80                 	2021-01-29 13:31:29	214.3000           	33.2000            	4.1300             	7.1148             	5.7958             	0.5800             	60.0000            	0.0000             	0.0000             	0.0000             
81                 	2021-01-29 13:31:30	214.3000           	26.7400            	3.3650             	5.7304             	4.6392             	0.5870             	60.0000            	0.0000             	0.0000             	0.0000             
82                 	2021-01-29 13:31:31	214.3000           	26.8200            	3.3680             	5.7475             	4.6614             	0.5850             	59.9900            	0.0000             	0.0000             	0.0000             
83                 	2021-01-29 13:31:33	214.3000           	26.7200            	3.3610             	5.7261             	4.6399             	0.5860             	59.9900            	0.0000             	0.0000             	0.0000             
84                 	2021-01-29 13:31:34	214.2000           	26.7100            	3.3570             	5.7213             	4.6360             	0.5860             	60.0000            	0.0000             	0.0000             	0.0000             
85                 	2021-01-29 13:31:35	214.3000           	27.3400            	3.4230             	5.8590             	4.7560             	0.5840             	59.9900            	0.0000             	0.0000             	0.0000             
86                 	2021-01-29 13:31:36	214.0000           	26.7900            	3.3700             	5.7331             	4.6414             	0.5870             	59.9900            	0.0000             	0.0000             	0.0000             
87                 	2021-01-29 13:31:37	214.1000           	27.5500            	3.4480             	5.8985             	4.7881             	0.5840             	60.0000            	0.0000             	0.0000             	0.0000             
88                 	2021-01-29 13:31:38	214.2000           	26.7300            	3.3690             	5.7256             	4.6312             	0.5880             	59.9900            	0.0000             	0.0000             	0.0000             
89                 	2021-01-29 13:31:39	214.1000           	27.6300            	3.4640             	5.9156             	4.7977             	0.5850             	59.9900            	0.0000             	0.0000             	0.0000             
90                 	2021-01-29 13:31:40	214.4000           	18.1800            	2.2570             	3.8978             	3.1807             	0.5780             	59.9900            	0.0000             	0.0000             	0.0000             
91                 	2021-01-29 13:31:41	214.4000           	26.4700            	3.3430             	5.6752             	4.5904             	0.5880             	59.9900            	0.0000             	0.0000             	0.0000             
92                 	2021-01-29 13:31:42	214.4000           	37.8900            	4.6720             	8.1236             	6.6521             	0.5740             	60.0000            	0.0000             	0.0000             	0.0000             
93                 	2021-01-29 13:31:43	214.4000           	37.6400            	4.6460             	8.0700             	6.6025             	0.5750             	60.0100            	0.0000             	0.0000             	0.0000             
94                 	2021-01-29 13:31:44	214.3000           	36.9800            	4.5660             	7.9248             	6.4837             	0.5750             	60.0100            	0.0000             	0.0000             	0.0000             
95                 	2021-01-29 13:31:45	214.4000           	36.9900            	4.5670             	7.9307             	6.4885             	0.5750             	60.0100            	0.0000             	0.0000             	0.0000             
96                 	2021-01-29 13:31:47	214.2000           	37.8200            	4.6600             	8.1010             	6.6279             	0.5750             	60.0100            	0.0000             	0.0000             	0.0000             
97                 	2021-01-29 13:31:48	214.5000           	37.0400            	4.5790             	7.9451             	6.4947             	0.5760             	60.0100            	0.0000             	0.0000             	0.0000             
98                 	2021-01-29 13:31:49	214.5000           	37.0100            	4.5770             	7.9386             	6.4894             	0.5760             	60.0100            	0.0000             	0.0000             	0.0000             
99                 	2021-01-29 13:31:50	214.6000           	37.9400            	4.6680             	8.1419             	6.6728             	0.5730             	60.0100            	0.0000             	0.0000             	0.0000             
100                	2021-01-29 13:31:51	214.4000           	32.6600            	4.0880             	7.0023             	5.6892             	0.5830             	60.0100            	0.0000             	0.0000             	0.0000             
101                	2021-01-29 13:31:52	214.2000           	29.4200            	3.6600             	6.3018             	5.1335             	0.5800             	60.0100            	0.0000             	0.0000             	0.0000             
102                	2021-01-29 13:31:53	214.2000           	27.0100            	3.3980             	5.7855             	4.6839             	0.5870             	60.0100            	0.0000             	0.0000             	0.0000             
103                	2021-01-29 13:31:54	214.0000           	26.7100            	3.3580             	5.7159             	4.6276             	0.5870             	60.0100            	0.0000             	0.0000             	0.0000             
104                	2021-01-29 13:31:55	214.2000           	27.5600            	3.4550             	5.9034             	4.7878             	0.5850             	60.0000            	0.0000             	0.0000             	0.0000             
105                	2021-01-29 13:31:56	214.3000           	26.7000            	3.3600             	5.7218             	4.6323             	0.5870             	60.0000            	0.0000             	0.0000             	0.0000             
106                	2021-01-29 13:31:57	214.2000           	26.6800            	3.3620             	5.7149             	4.6225             	0.5880             	60.0000            	0.0000             	0.0000             	0.0000             
107                	2021-01-29 13:31:58	214.4000           	27.4900            	3.4470             	5.8939             	4.7844             	0.5840             	60.0000            	0.0000             	0.0000             	0.0000             
108                	2021-01-29 13:32:00	214.4000           	26.6400            	3.3610             	5.7116             	4.6199             	0.5880             	60.0000            	0.0000             	0.0000             	0.0000             
109                	2021-01-29 13:32:01	214.2000           	26.6500            	3.3660             	5.7084             	4.6132             	0.5890             	60.0000            	0.0000             	0.0000             	0.0000             
110                	2021-01-29 13:32:02	214.3000           	27.3700            	3.4480             	5.8654             	4.7485             	0.5870             	60.0000            	0.0000             	0.0000             	0.0000             
111                	2021-01-29 13:32:03	214.3000           	26.5600            	3.3540             	5.6918             	4.5997             	0.5890             	60.0000            	0.0000             	0.0000             	0.0000             
112                	2021-01-29 13:32:04	214.3000           	37.7900            	4.6620             	8.0984             	6.6257             	0.5750             	60.0100            	0.0000             	0.0000             	0.0000             
113                	2021-01-29 13:32:05	214.2000           	37.6500            	4.6370             	8.0646             	6.6038             	0.5740             	60.0100            	0.0000             	0.0000             	0.0000             
114                	2021-01-29 13:32:06	214.2000           	36.9200            	4.5670             	7.9083             	6.4590             	0.5770             	60.0000            	0.0000             	0.0000             	0.0000             
115                	2021-01-29 13:32:07	214.2000           	36.9500            	4.5670             	7.9147             	6.4699             	0.5760             	60.0000            	0.0000             	0.0000             	0.0000             
116                	2021-01-29 13:32:08	214.2000           	37.0000            	4.5680             	7.9254             	6.4786             	0.5760             	60.0000            	0.0000             	0.0000             	0.0000             
117                	2021-01-29 13:32:09	214.2000           	36.9600            	4.5730             	7.9168             	6.4660             	0.5770             	60.0000            	0.0000             	0.0000             	0.0000             
118                	2021-01-29 13:32:10	214.2000           	36.9200            	4.5660             	7.9083             	6.4590             	0.5770             	60.0000            	0.0000             	0.0000             	0.0000             
119                	2021-01-29 13:32:12	214.0000           	37.0100            	4.5750             	7.9201             	6.4687             	0.5770             	60.0000            	0.0000             	0.0000             	0.0000             
120                	2021-01-29 13:32:13	214.0000           	33.2700            	4.1430             	7.1198             	5.7948             	0.5810             	60.0000            	0.0000             	0.0000             	0.0000             
121                	2021-01-29 13:32:14	214.0000           	26.6500            	3.3570             	5.7031             	4.6130             	0.5880             	60.0000            	0.0000             	0.0000             	0.0000             
122                	2021-01-29 13:32:15	214.0000           	27.6200            	3.4690             	5.9107             	4.7895             	0.5860             	60.0000            	0.0000             	0.0000             	0.0000             
123                	2021-01-29 13:32:16	214.1000           	27.4100            	3.4370             	5.8685             	4.7595             	0.5850             	60.0000            	0.0000             	0.0000             	0.0000             
124                	2021-01-29 13:32:17	214.0000           	26.6800            	3.3640             	5.7095             	4.6141             	0.5890             	60.0000            	0.0000             	0.0000             	0.0000             
125                	2021-01-29 13:32:18	214.0000           	27.8000            	3.4670             	5.9492             	4.8378             	0.5820             	60.0000            	0.0000             	0.0000             	0.0000             
126                	2021-01-29 13:32:19	214.0000           	26.8300            	3.3620             	5.7416             	4.6566             	0.5850             	59.9900            	0.0000             	0.0000             	0.0000             
127                	2021-01-29 13:32:20	214.0000           	26.8600            	3.3650             	5.7480             	4.6619             	0.5850             	59.9900            	0.0000             	0.0000             	0.0000             
128                	2021-01-29 13:32:21	214.1000           	27.8100            	3.4580             	5.9541             	4.8503             	0.5800             	60.0000            	0.0000             	0.0000             	0.0000             
129                	2021-01-29 13:32:22	214.0000           	28.9900            	3.5780             	6.2039             	5.0713             	0.5760             	60.0000            	0.0000             	0.0000             	0.0000             
130                	2021-01-29 13:32:23	214.2000           	25.2900            	3.0950             	5.4171             	4.4472             	0.5710             	60.0000            	0.0000             	0.0000             	0.0000             
131                	2021-01-29 13:32:24	214.1000           	26.8900            	3.3470             	5.7571             	4.6858             	0.5810             	60.0100            	0.0000             	0.0000             	0.0000             
132                	2021-01-29 13:32:25	214.1000           	38.4100            	4.6690             	8.2236             	6.7739             	0.5670             	60.0000            	0.0000             	0.0000             	0.0000             
133                	2021-01-29 13:32:26	214.1000           	38.1200            	4.6380             	8.1615             	6.7171             	0.5680             	60.0000            	0.0000             	0.0000             	0.0000             
134                	2021-01-29 13:32:27	214.1000           	37.5500            	4.5750             	8.0395             	6.6167             	0.5680             	60.0000            	0.0000             	0.0000             	0.0000             
135                	2021-01-29 13:32:28	214.0000           	37.3800            	4.5690             	7.9993             	6.5670             	0.5710             	60.0000            	0.0000             	0.0000             	0.0000             
136                	2021-01-29 13:32:30	214.0000           	37.4300            	4.5670             	8.0100             	6.5869             	0.5690             	60.0000            	0.0000             	0.0000             	0.0000             
137                	2021-01-29 13:32:31	213.9000           	38.0000            	4.6300             	8.1282             	6.6841             	0.5690             	59.9900            	0.0000             	0.0000             	0.0000             
138                	2021-01-29 13:32:32	214.1000           	38.4600            	4.6810             	8.2343             	6.7771             	0.5680             	59.9900            	0.0000             	0.0000             	0.0000             
139                	2021-01-29 13:32:33	214.2000           	38.3300            	4.6730             	8.2103             	6.7516             	0.5690             	59.9900            	0.0000             	0.0000             	0.0000             
140                	2021-01-29 13:32:34	214.2000           	35.7600            	4.3970             	7.6598             	6.2776             	0.5730             	59.9800            	0.0000             	0.0000             	0.0000             
141                	2021-01-29 13:32:35	214.2000           	32.8000            	4.0980             	7.0258             	5.7082             	0.5830             	59.9800            	0.0000             	0.0000             	0.0000             
142                	2021-01-29 13:32:36	214.3000           	26.6300            	3.3650             	5.7068             	4.6119             	0.5890             	59.9800            	0.0000             	0.0000             	0.0000             
143                	2021-01-29 13:32:37	214.2000           	27.4400            	3.4490             	5.8776             	4.7627             	0.5860             	59.9800            	0.0000             	0.0000             	0.0000             
144                	2021-01-29 13:32:38	214.2000           	26.7000            	3.3690             	5.7191             	4.6260             	0.5880             	59.9800            	0.0000             	0.0000             	0.0000             
145                	2021-01-29 13:32:39	214.2000           	27.8400            	3.4820             	5.9633             	4.8450             	0.5830             	59.9800            	0.0000             	0.0000             	0.0000             
146                	2021-01-29 13:32:40	214.1000           	27.5700            	3.4570             	5.9027             	4.7873             	0.5850             	59.9800            	0.0000             	0.0000             	0.0000             
147                	2021-01-29 13:32:41	214.2000           	26.6900            	3.3690             	5.7170             	4.6201             	0.5890             	59.9800            	0.0000             	0.0000             	0.0000             
148                	2021-01-29 13:32:42	214.2000           	27.6700            	3.4670             	5.9269             	4.8112             	0.5840             	59.9800            	0.0000             	0.0000             	0.0000             
149                	2021-01-29 13:32:44	214.1000           	26.5800            	3.3600             	5.6908             	4.5948             	0.5900             	59.9900            	0.0000             	0.0000             	0.0000             
150                	2021-01-29 13:32:45	214.1000           	26.8100            	3.3780             	5.7400             	4.6429             	0.5880             	59.9900            	0.0000             	0.0000             	0.0000             
151                	2021-01-29 13:32:46	214.1000           	27.2400            	3.4320             	5.8321             	4.7173             	0.5880             	59.9900            	0.0000             	0.0000             	0.0000             
152                	2021-01-29 13:32:47	214.1000           	37.4300            	4.6150             	8.0138             	6.5565             	0.5750             	59.9900            	0.0000             	0.0000             	0.0000             
153                	2021-01-29 13:32:48	214.1000           	36.9500            	4.5630             	7.9110             	6.4668             	0.5760             	59.9800            	0.0000             	0.0000             	0.0000             
154                	2021-01-29 13:32:49	214.1000           	37.0600            	4.5770             	7.9345             	6.4861             	0.5760             	59.9800            	0.0000             	0.0000             	0.0000             
155                	2021-01-29 13:32:50	214.1000           	37.0500            	4.5710             	7.9324             	6.4843             	0.5760             	59.9900            	0.0000             	0.0000             	0.0000             
156                	2021-01-29 13:32:51	213.9000           	37.1100            	4.5740             	7.9378             	6.4888             	0.5760             	59.9800            	0.0000             	0.0000             	0.0000             
157                	2021-01-29 13:32:52	214.0000           	37.0800            	4.5730             	7.9351             	6.4866             	0.5760             	59.9900            	0.0000             	0.0000             	0.0000             
158                	2021-01-29 13:32:53	213.9000           	36.9900            	4.5630             	7.9122             	6.4678             	0.5760             	59.9800            	0.0000             	0.0000             	0.0000             
159                	2021-01-29 13:32:55	213.8000           	36.9800            	4.5620             	7.9063             	6.4630             	0.5760             	59.9800            	0.0000             	0.0000             	0.0000             
160                	2021-01-29 13:32:56	213.9000           	37.0600            	4.5660             	7.9271             	6.4856             	0.5750             	59.9800            	0.0000             	0.0000             	0.0000             
161                	2021-01-29 13:32:57	213.9000           	27.9200            	3.5000             	5.9721             	4.8436             	0.5850             	59.9800            	0.0000             	0.0000             	0.0000             
162                	2021-01-29 13:32:58	213.9000           	26.6900            	3.3660             	5.7090             	4.6136             	0.5890             	59.9800            	0.0000             	0.0000             	0.0000             
163                	2021-01-29 13:32:59	213.9000           	26.7000            	3.3580             	5.7111             	4.6237             	0.5870             	59.9800            	0.0000             	0.0000             	0.0000             
164                	2021-01-29 13:33:00	213.8000           	27.7300            	3.4490             	5.9287             	4.8254             	0.5810             	59.9800            	0.0000             	0.0000             	0.0000             
165                	2021-01-29 13:33:01	213.8000           	26.7000            	3.3600             	5.7085             	4.6174             	0.5880             	59.9800            	0.0000             	0.0000             	0.0000             
166                	2021-01-29 13:33:02	213.7000           	27.4300            	3.4340             	5.8618             	4.7541             	0.5850             	59.9800            	0.0000             	0.0000             	0.0000             
167                	2021-01-29 13:33:03	213.7000           	27.6400            	3.4470             	5.9067             	4.7990             	0.5830             	59.9800            	0.0000             	0.0000             	0.0000             
168                	2021-01-29 13:33:04	213.6000           	26.8500            	3.3760             	5.7352             	4.6389             	0.5880             	59.9900            	0.0000             	0.0000             	0.0000             
169                	2021-01-29 13:33:05	213.7000           	27.8200            	3.4770             	5.9451             	4.8260             	0.5840             	59.9800            	0.0000             	0.0000             	0.0000             
170                	2021-01-29 13:33:06	213.8000           	27.6000            	3.4550             	5.9009             	4.7858             	0.5850             	59.9800            	0.0000             	0.0000             	0.0000             
171                	2021-01-29 13:33:08	213.7000           	33.8800            	4.1400             	7.2402             	5.9438             	0.5710             	59.9800            	0.0000             	0.0000             	0.0000             
172                	2021-01-29 13:33:09	213.9000           	36.9500            	4.5620             	7.9036             	6.4608             	0.5760             	59.9900            	0.0000             	0.0000             	0.0000             
173                	2021-01-29 13:33:10	214.0000           	37.8500            	4.6620             	8.0999             	6.6270             	0.5750             	59.9900            	0.0000             	0.0000             	0.0000             
174                	2021-01-29 13:33:11	214.1000           	38.4300            	4.7260             	8.2279             	6.7374             	0.5740             	59.9900            	0.0000             	0.0000             	0.0000             
175                	2021-01-29 13:33:12	214.0000           	37.9500            	4.6860             	8.1213             	6.6388             	0.5760             	59.9900            	0.0000             	0.0000             	0.0000             
176                	2021-01-29 13:33:13	214.2000           	38.0000            	4.6860             	8.1396             	6.6594             	0.5750             	60.0000            	0.0000             	0.0000             	0.0000             
177                	2021-01-29 13:33:14	214.1000           	38.0500            	4.6780             	8.1465             	6.6765             	0.5730             	60.0100            	0.0000             	0.0000             	0.0000             
178                	2021-01-29 13:33:15	213.9000           	38.3200            	4.6820             	8.1966             	6.7290             	0.5710             	60.0100            	0.0000             	0.0000             	0.0000             
179                	2021-01-29 13:33:16	213.9000           	38.2400            	4.6650             	8.1795             	6.7207             	0.5700             	60.0100            	0.0000             	0.0000             	0.0000             
180                	2021-01-29 13:33:18	213.8000           	32.1500            	3.9830             	6.8737             	5.6043             	0.5790             	60.0100            	0.0000             	0.0000             	0.0000             
181                	2021-01-29 13:33:19	213.9000           	27.7400            	3.4600             	5.9336             	4.8209             	0.5830             	60.0200            	0.0000             	0.0000             	0.0000             
182                	2021-01-29 13:33:20	213.9000           	26.9100            	3.3790             	5.7560             	4.6642             	0.5860             	60.0200            	0.0000             	0.0000             	0.0000             
183                	2021-01-29 13:33:21	213.9000           	26.6500            	3.3610             	5.7004             	4.6067             	0.5890             	60.0200            	0.0000             	0.0000             	0.0000             
184                	2021-01-29 13:33:22	214.0000           	27.7700            	3.4750             	5.9428             	4.8241             	0.5840             	60.0200            	0.0000             	0.0000             	0.0000             
185                	2021-01-29 13:33:23	213.9000           	27.0600            	3.4010             	5.7881             	4.6860             	0.5870             	60.0200            	0.0000             	0.0000             	0.0000             
186                	2021-01-29 13:33:24	214.2000           	26.7400            	3.3680             	5.7277             	4.6371             	0.5870             	60.0200            	0.0000             	0.0000             	0.0000             
187                	2021-01-29 13:33:25	214.1000           	26.7900            	3.3730             	5.7357             	4.6436             	0.5870             	60.0100            	0.0000             	0.0000             	0.0000             
188                	2021-01-29 13:33:26	214.1000           	28.9400            	3.5950             	6.1961             	5.0518             	0.5790             	60.0100            	0.0000             	0.0000             	0.0000             
189                	2021-01-29 13:33:28	214.1000           	18.6700            	2.3120             	3.9972             	3.2619             	0.5780             	60.0100            	0.0000             	0.0000             	0.0000             
190                	2021-01-29 13:33:29	214.1000           	26.6100            	3.3490             	5.6972             	4.6124             	0.5870             	60.0100            	0.0000             	0.0000             	0.0000             
191                	2021-01-29 13:33:30	214.1000           	37.1300            	4.5680             	7.9495             	6.5095             	0.5740             	60.0000            	0.0000             	0.0000             	0.0000             
192                	2021-01-29 13:33:31	214.1000           	37.2100            	4.5700             	7.9667             	6.5291             	0.5730             	60.0000            	0.0000             	0.0000             	0.0000             
193                	2021-01-29 13:33:32	214.0000           	37.2100            	4.5730             	7.9629             	6.5205             	0.5740             	60.0000            	0.0000             	0.0000             	0.0000             
194                	2021-01-29 13:33:33	214.1000           	37.1700            	4.5710             	7.9581             	6.5165             	0.5740             	60.0000            	0.0000             	0.0000             	0.0000             
195                	2021-01-29 13:33:34	213.9000           	37.1900            	4.5750             	7.9549             	6.5139             	0.5740             	60.0000            	0.0000             	0.0000             	0.0000             
196                	2021-01-29 13:33:35	214.1000           	37.1500            	4.5710             	7.9538             	6.5130             	0.5740             	60.0000            	0.0000             	0.0000             	0.0000             
197                	2021-01-29 13:33:36	214.0000           	37.1400            	4.5720             	7.9480             	6.5082             	0.5740             	60.0000            	0.0000             	0.0000             	0.0000             
198                	2021-01-29 13:33:38	214.0000           	37.2200            	4.5750             	7.9651             	6.5222             	0.5740             	60.0000            	0.0000             	0.0000             	0.0000             
199                	2021-01-29 13:33:39	213.9000           	33.1500            	4.1250             	7.0908             	5.7712             	0.5810             	60.0000            	0.0000             	0.0000             	0.0000             
200                	2021-01-29 13:33:40	213.7000           	32.7400            	4.0780             	6.9965             	5.6895             	0.5820             	60.0000            	0.0000             	0.0000             	0.0000             
201                	2021-01-29 13:33:41	213.9000           	26.6800            	3.3590             	5.7069             	4.6160             	0.5880             	60.0000            	0.0000             	0.0000             	0.0000             
202                	2021-01-29 13:33:42	214.0000           	27.8100            	3.4770             	5.9513             	4.8310             	0.5840             	60.0100            	0.0000             	0.0000             	0.0000             
203                	2021-01-29 13:33:43	213.9000           	26.6200            	3.3600             	5.6940             	4.5974             	0.5900             	60.0000            	0.0000             	0.0000             	0.0000             
204                	2021-01-29 13:33:44	214.0000           	26.6600            	3.3600             	5.7052             	4.6147             	0.5880             	60.0000            	0.0000             	0.0000             	0.0000             
205                	2021-01-29 13:33:45	214.0000           	27.4200            	3.4360             	5.8679             	4.7590             	0.5850             	60.0000            	0.0000             	0.0000             	0.0000             
206                	2021-01-29 13:33:46	214.0000           	26.8700            	3.3680             	5.7502             	4.6636             	0.5850             	60.0100            	0.0000             	0.0000             	0.0000             
207                	2021-01-29 13:33:47	213.9000           	27.5900            	3.4550             	5.9015             	4.7863             	0.5850             	60.0100            	0.0000             	0.0000             	0.0000             
208                	2021-01-29 13:33:48	213.9000           	27.8300            	3.4760             	5.9528             	4.8365             	0.5830             	60.0000            	0.0000             	0.0000             	0.0000             
209                	2021-01-29 13:33:50	214.0000           	26.7900            	3.3670             	5.7331             	4.6414             	0.5870             	60.0000            	0.0000             	0.0000             	0.0000             
210                	2021-01-29 13:33:51	213.8000           	26.3600            	3.3220             	5.6358             	4.5545             	0.5890             	60.0000            	0.0000             	0.0000             	0.0000             
211                	2021-01-29 13:33:52	213.9000           	26.3800            	3.3250             	5.6427             	4.5600             	0.5890             	60.0000            	0.0000             	0.0000             	0.0000             
212                	2021-01-29 13:33:53	214.0000           	26.4000            	3.3240             	5.6496             	4.5697             	0.5880             	60.0000            	0.0000             	0.0000             	0.0000             
