No.                	Time               	Voltage[ V ]       	Current[ mA ]      	Active Power[ W ]  	Apparent Power[ VA ]	Reactive Power[ Var ]	Power Factor[ PF ] 	Frequency[ Hz ]    	Watt Hours[ Wh ]   	CO2[ g ]           	Cost[ Dollar ]     
1                  	2021-01-29 13:11:30	215.0000           	26.5900            	3.3530             	5.7168             	4.6324             	0.5860             	59.9900            	0.0000             	0.0000             	0.0000             
2                  	2021-01-29 13:11:31	215.0000           	26.5200            	3.3550             	5.7018             	4.6120             	0.5880             	59.9900            	0.0000             	0.0000             	0.0000             
3                  	2021-01-29 13:11:33	215.1000           	26.5200            	3.3550             	5.7045             	4.6182             	0.5870             	59.9900            	0.0000             	0.0000             	0.0000             
4                  	2021-01-29 13:11:34	214.9000           	26.5400            	3.3520             	5.7034             	4.6174             	0.5870             	59.9900            	0.0000             	0.0000             	0.0000             
5                  	2021-01-29 13:11:35	214.9000           	26.5800            	3.3540             	5.7120             	4.6244             	0.5870             	59.9900            	0.0000             	0.0000             	0.0000             
6                  	2021-01-29 13:11:36	214.9000           	26.5000            	3.3480             	5.6948             	4.6105             	0.5870             	60.0100            	0.0000             	0.0000             	0.0000             
7                  	2021-01-29 13:11:37	215.0000           	26.5700            	3.3510             	5.7126             	4.6289             	0.5860             	60.0100            	0.0000             	0.0000             	0.0000             
8                  	2021-01-29 13:11:38	214.8000           	26.5600            	3.3450             	5.7051             	4.6229             	0.5860             	59.9900            	0.0000             	0.0000             	0.0000             
9                  	2021-01-29 13:11:39	215.0000           	26.5300            	3.3500             	5.7040             	4.6178             	0.5870             	59.9800            	0.0000             	0.0000             	0.0000             
10                 	2021-01-29 13:11:40	214.9000           	26.6600            	3.3420             	5.7292             	4.6548             	0.5830             	59.9900            	0.0000             	0.0000             	0.0000             
11                 	2021-01-29 13:11:41	214.8000           	26.5900            	3.3420             	5.7115             	4.6364             	0.5840             	59.9800            	0.0000             	0.0000             	0.0000             
12                 	2021-01-29 13:11:42	215.0000           	26.6500            	3.3490             	5.7298             	4.6511             	0.5840             	59.9800            	0.0000             	0.0000             	0.0000             
13                 	2021-01-29 13:11:43	215.1000           	26.4800            	3.3520             	5.6958             	4.6071             	0.5880             	59.9900            	0.0000             	0.0000             	0.0000             
14                 	2021-01-29 13:11:45	215.0000           	26.5400            	3.3490             	5.7061             	4.6237             	0.5860             	59.9900            	0.0000             	0.0000             	0.0000             
15                 	2021-01-29 13:11:46	215.1000           	28.3600            	3.5430             	6.1002             	4.9694             	0.5800             	59.9800            	0.0000             	0.0000             	0.0000             
16                 	2021-01-29 13:11:47	215.1000           	26.6800            	3.3500             	5.7389             	4.6627             	0.5830             	59.9800            	0.0000             	0.0000             	0.0000             
17                 	2021-01-29 13:11:48	215.2000           	26.7400            	3.3530             	5.7544             	4.6795             	0.5820             	59.9800            	0.0000             	0.0000             	0.0000             
18                 	2021-01-29 13:11:49	215.1000           	26.6500            	3.3500             	5.7324             	4.6533             	0.5840             	59.9800            	0.0000             	0.0000             	0.0000             
19                 	2021-01-29 13:11:50	215.1000           	27.8700            	3.4760             	5.9948             	4.8878             	0.5790             	59.9800            	0.0000             	0.0000             	0.0000             
20                 	2021-01-29 13:11:51	215.2000           	26.5800            	3.3520             	5.7200             	4.6391             	0.5850             	59.9700            	0.0000             	0.0000             	0.0000             
21                 	2021-01-29 13:11:52	215.3000           	26.4700            	3.3480             	5.6990             	4.6138             	0.5870             	59.9700            	0.0000             	0.0000             	0.0000             
22                 	2021-01-29 13:11:53	215.0000           	26.4500            	3.3480             	5.6867             	4.5998             	0.5880             	59.9800            	0.0000             	0.0000             	0.0000             
23                 	2021-01-29 13:11:54	215.1000           	26.4400            	3.3450             	5.6872             	4.6002             	0.5880             	59.9700            	0.0000             	0.0000             	0.0000             
24                 	2021-01-29 13:11:56	215.0000           	26.4100            	3.3470             	5.6781             	4.5887             	0.5890             	59.9700            	0.0000             	0.0000             	0.0000             
25                 	2021-01-29 13:11:57	215.0000           	26.4600            	3.3430             	5.6889             	4.6057             	0.5870             	59.9700            	0.0000             	0.0000             	0.0000             
26                 	2021-01-29 13:11:58	214.8000           	26.5500            	3.3360             	5.7029             	4.6253             	0.5850             	59.9700            	0.0000             	0.0000             	0.0000             
27                 	2021-01-29 13:11:59	214.8000           	26.3700            	3.3230             	5.6643             	4.5898             	0.5860             	59.9600            	0.0000             	0.0000             	0.0000             
28                 	2021-01-29 13:12:00	215.0000           	26.4200            	3.3490             	5.6803             	4.5904             	0.5890             	59.9600            	0.0000             	0.0000             	0.0000             
29                 	2021-01-29 13:12:01	215.2000           	26.4800            	3.3540             	5.6985             	4.6093             	0.5880             	59.9700            	0.0000             	0.0000             	0.0000             
30                 	2021-01-29 13:12:02	215.1000           	26.5900            	3.3550             	5.7195             	4.6346             	0.5860             	59.9700            	0.0000             	0.0000             	0.0000             
31                 	2021-01-29 13:12:04	215.1000           	26.5500            	3.3530             	5.7109             	4.6235             	0.5870             	59.9700            	0.0000             	0.0000             	0.0000             
32                 	2021-01-29 13:12:05	215.2000           	26.5600            	3.3550             	5.7157             	4.6315             	0.5860             	59.9700            	0.0000             	0.0000             	0.0000             
33                 	2021-01-29 13:12:06	215.0000           	26.6100            	3.3590             	5.7211             	4.6318             	0.5870             	59.9900            	0.0000             	0.0000             	0.0000             
34                 	2021-01-29 13:12:07	214.9000           	26.6400            	3.3590             	5.7249             	4.6390             	0.5860             	59.9900            	0.0000             	0.0000             	0.0000             
35                 	2021-01-29 13:12:08	215.1000           	26.7300            	3.3620             	5.7496             	4.6673             	0.5840             	59.9700            	0.0000             	0.0000             	0.0000             
36                 	2021-01-29 13:12:09	215.3000           	26.7300            	3.3550             	5.7550             	4.6799             	0.5820             	59.9800            	0.0000             	0.0000             	0.0000             
37                 	2021-01-29 13:12:10	215.2000           	26.6600            	3.3510             	5.7372             	4.6613             	0.5830             	59.9700            	0.0000             	0.0000             	0.0000             
38                 	2021-01-29 13:12:11	215.2000           	26.5900            	3.3450             	5.7222             	4.6450             	0.5840             	59.9700            	0.0000             	0.0000             	0.0000             
39                 	2021-01-29 13:12:12	215.2000           	26.6400            	3.3430             	5.7329             	4.6578             	0.5830             	59.9700            	0.0000             	0.0000             	0.0000             
40                 	2021-01-29 13:12:13	215.1000           	26.7100            	3.3450             	5.7453             	4.6720             	0.5820             	59.9700            	0.0000             	0.0000             	0.0000             
41                 	2021-01-29 13:12:14	215.2000           	26.7300            	3.3490             	5.7523             	4.6818             	0.5810             	59.9700            	0.0000             	0.0000             	0.0000             
42                 	2021-01-29 13:12:16	215.2000           	26.7400            	3.3610             	5.7544             	4.6753             	0.5830             	59.9700            	0.0000             	0.0000             	0.0000             
43                 	2021-01-29 13:12:17	215.3000           	26.8100            	3.3580             	5.7722             	4.6980             	0.5810             	59.9700            	0.0000             	0.0000             	0.0000             
44                 	2021-01-29 13:12:18	215.3000           	26.7400            	3.3570             	5.7571             	4.6816             	0.5820             	59.9500            	0.0000             	0.0000             	0.0000             
45                 	2021-01-29 13:12:19	215.3000           	26.7200            	3.3520             	5.7528             	4.6781             	0.5820             	59.9700            	0.0000             	0.0000             	0.0000             
46                 	2021-01-29 13:12:20	215.3000           	26.7900            	3.3580             	5.7679             	4.6904             	0.5820             	59.9700            	0.0000             	0.0000             	0.0000             
47                 	2021-01-29 13:12:21	215.2000           	26.8400            	3.3560             	5.7760             	4.7052             	0.5800             	59.9600            	0.0000             	0.0000             	0.0000             
48                 	2021-01-29 13:12:23	215.2000           	26.7600            	3.3590             	5.7588             	4.6788             	0.5830             	59.9600            	0.0000             	0.0000             	0.0000             
49                 	2021-01-29 13:12:24	215.2000           	26.7500            	3.3530             	5.7566             	4.6812             	0.5820             	59.9600            	0.0000             	0.0000             	0.0000             
50                 	2021-01-29 13:12:25	215.2000           	26.7500            	3.3570             	5.7566             	4.6771             	0.5830             	59.9600            	0.0000             	0.0000             	0.0000             
51                 	2021-01-29 13:12:26	215.1000           	26.6700            	3.3480             	5.7367             	4.6609             	0.5830             	59.9800            	0.0000             	0.0000             	0.0000             
52                 	2021-01-29 13:12:27	215.2000           	26.4100            	3.3340             	5.6834             	4.6053             	0.5860             	59.9600            	0.0000             	0.0000             	0.0000             
53                 	2021-01-29 13:12:28	215.3000           	26.5400            	3.3490             	5.7141             	4.6302             	0.5860             	59.9700            	0.0000             	0.0000             	0.0000             
54                 	2021-01-29 13:12:29	215.4000           	26.5800            	3.3510             	5.7253             	4.6434             	0.5850             	59.9600            	0.0000             	0.0000             	0.0000             
55                 	2021-01-29 13:12:30	215.4000           	26.4800            	3.3530             	5.7038             	4.6177             	0.5870             	59.9700            	0.0000             	0.0000             	0.0000             
56                 	2021-01-29 13:12:31	215.4000           	26.5200            	3.3490             	5.7124             	4.6288             	0.5860             	59.9600            	0.0000             	0.0000             	0.0000             
57                 	2021-01-29 13:12:32	215.4000           	26.4600            	3.3530             	5.6995             	4.6142             	0.5870             	59.9600            	0.0000             	0.0000             	0.0000             
58                 	2021-01-29 13:12:33	215.4000           	26.4700            	3.3510             	5.7016             	4.6160             	0.5870             	59.9700            	0.0000             	0.0000             	0.0000             
59                 	2021-01-29 13:12:34	215.3000           	26.4500            	3.3490             	5.6947             	4.6062             	0.5880             	59.9700            	0.0000             	0.0000             	0.0000             
60                 	2021-01-29 13:12:36	215.4000           	26.5100            	3.3500             	5.7103             	4.6271             	0.5860             	59.9700            	0.0000             	0.0000             	0.0000             
61                 	2021-01-29 13:12:37	215.3000           	26.4600            	3.3520             	5.6968             	4.6079             	0.5880             	59.9700            	0.0000             	0.0000             	0.0000             
62                 	2021-01-29 13:12:38	215.2000           	26.3900            	3.3490             	5.6791             	4.5895             	0.5890             	59.9700            	0.0000             	0.0000             	0.0000             
63                 	2021-01-29 13:12:39	215.1000           	26.4700            	3.3440             	5.6937             	4.6095             	0.5870             	59.9600            	0.0000             	0.0000             	0.0000             
64                 	2021-01-29 13:12:40	215.1000           	26.3300            	3.3290             	5.6636             	4.5852             	0.5870             	59.9700            	0.0000             	0.0000             	0.0000             
65                 	2021-01-29 13:12:41	215.1000           	26.3800            	3.3440             	5.6743             	4.5856             	0.5890             	59.9700            	0.0000             	0.0000             	0.0000             
66                 	2021-01-29 13:12:42	215.2000           	26.3900            	3.3500             	5.6791             	4.5895             	0.5890             	59.9600            	0.0000             	0.0000             	0.0000             
67                 	2021-01-29 13:12:43	215.2000           	26.3700            	3.3480             	5.6748             	4.5860             	0.5890             	59.9400            	0.0000             	0.0000             	0.0000             
68                 	2021-01-29 13:12:44	215.4000           	26.5400            	3.3540             	5.7167             	4.6323             	0.5860             	59.9600            	0.0000             	0.0000             	0.0000             
69                 	2021-01-29 13:12:45	215.3000           	28.2900            	3.5420             	6.0908             	4.9574             	0.5810             	59.9600            	0.0000             	0.0000             	0.0000             
70                 	2021-01-29 13:12:46	214.9000           	26.6200            	3.3460             	5.7206             	4.6437             	0.5840             	59.9600            	0.0000             	0.0000             	0.0000             
71                 	2021-01-29 13:12:47	215.0000           	26.6800            	3.3540             	5.7362             	4.6564             	0.5840             	59.9600            	0.0000             	0.0000             	0.0000             
72                 	2021-01-29 13:12:49	214.9000           	26.5800            	3.3500             	5.7120             	4.6285             	0.5860             	59.9600            	0.0000             	0.0000             	0.0000             
73                 	2021-01-29 13:12:50	215.1000           	26.5500            	3.3450             	5.7109             	4.6317             	0.5850             	59.9600            	0.0000             	0.0000             	0.0000             
74                 	2021-01-29 13:12:51	215.1000           	26.5600            	3.3460             	5.7131             	4.6335             	0.5850             	59.9700            	0.0000             	0.0000             	0.0000             
75                 	2021-01-29 13:12:52	215.1000           	26.5800            	3.3530             	5.7174             	4.6328             	0.5860             	59.9700            	0.0000             	0.0000             	0.0000             
76                 	2021-01-29 13:12:53	215.0000           	26.6200            	3.3550             	5.7233             	4.6418             	0.5850             	59.9700            	0.0000             	0.0000             	0.0000             
77                 	2021-01-29 13:12:54	215.1000           	26.5700            	3.3450             	5.7152             	4.6352             	0.5850             	59.9600            	0.0000             	0.0000             	0.0000             
78                 	2021-01-29 13:12:55	215.1000           	26.6200            	3.3550             	5.7260             	4.6439             	0.5850             	59.9700            	0.0000             	0.0000             	0.0000             
79                 	2021-01-29 13:12:56	215.1000           	26.8700            	3.3800             	5.7797             	4.6917             	0.5840             	59.9700            	0.0000             	0.0000             	0.0000             
80                 	2021-01-29 13:12:57	215.2000           	26.7000            	3.3530             	5.7458             	4.6683             	0.5830             	59.9700            	0.0000             	0.0000             	0.0000             
81                 	2021-01-29 13:12:59	215.1000           	26.8200            	3.3500             	5.7690             	4.6995             	0.5800             	59.9700            	0.0000             	0.0000             	0.0000             
82                 	2021-01-29 13:13:00	215.0000           	26.8600            	3.3520             	5.7749             	4.7043             	0.5800             	59.9700            	0.0000             	0.0000             	0.0000             
83                 	2021-01-29 13:13:01	215.0000           	26.9300            	3.3610             	5.7900             	4.7166             	0.5800             	59.9400            	0.0000             	0.0000             	0.0000             
84                 	2021-01-29 13:13:02	214.9000           	26.9300            	3.3540             	5.7873             	4.7185             	0.5790             	59.9700            	0.0000             	0.0000             	0.0000             
85                 	2021-01-29 13:13:03	214.8000           	26.8700            	3.3490             	5.7717             	4.7017             	0.5800             	59.9700            	0.0000             	0.0000             	0.0000             
86                 	2021-01-29 13:13:04	214.7000           	26.9600            	3.3540             	5.7883             	4.7194             	0.5790             	59.9700            	0.0000             	0.0000             	0.0000             
87                 	2021-01-29 13:13:05	214.6000           	26.7700            	3.3400             	5.7448             	4.6757             	0.5810             	59.9700            	0.0000             	0.0000             	0.0000             
88                 	2021-01-29 13:13:06	214.7000           	26.8900            	3.3560             	5.7733             	4.6989             	0.5810             	59.9700            	0.0000             	0.0000             	0.0000             
89                 	2021-01-29 13:13:08	214.8000           	26.8400            	3.3470             	5.7652             	4.6965             	0.5800             	59.9700            	0.0000             	0.0000             	0.0000             
90                 	2021-01-29 13:13:09	214.9000           	26.8300            	3.3490             	5.7658             	4.6969             	0.5800             	59.9700            	0.0000             	0.0000             	0.0000             
91                 	2021-01-29 13:13:10	215.0000           	26.7400            	3.3490             	5.7491             	4.6751             	0.5820             	59.9700            	0.0000             	0.0000             	0.0000             
92                 	2021-01-29 13:13:11	215.0000           	26.7300            	3.3480             	5.7470             	4.6734             	0.5820             	59.9700            	0.0000             	0.0000             	0.0000             
93                 	2021-01-29 13:13:12	215.0000           	26.6800            	3.3510             	5.7362             	4.6564             	0.5840             	59.9700            	0.0000             	0.0000             	0.0000             
94                 	2021-01-29 13:13:13	215.0000           	26.7300            	3.3480             	5.7470             	4.6734             	0.5820             	59.9600            	0.0000             	0.0000             	0.0000             
95                 	2021-01-29 13:13:14	215.0000           	26.5500            	3.3470             	5.7083             	4.6255             	0.5860             	59.9600            	0.0000             	0.0000             	0.0000             
96                 	2021-01-29 13:13:15	214.9000           	26.5800            	3.3520             	5.7120             	4.6285             	0.5860             	59.9600            	0.0000             	0.0000             	0.0000             
97                 	2021-01-29 13:13:16	214.9000           	26.5900            	3.3480             	5.7142             	4.6344             	0.5850             	59.9700            	0.0000             	0.0000             	0.0000             
98                 	2021-01-29 13:13:17	214.9000           	26.5200            	3.3470             	5.6991             	4.6140             	0.5870             	59.9700            	0.0000             	0.0000             	0.0000             
99                 	2021-01-29 13:13:18	215.1000           	26.5400            	3.3460             	5.7088             	4.6300             	0.5850             	59.9600            	0.0000             	0.0000             	0.0000             
100                	2021-01-29 13:13:19	214.9000           	26.6300            	3.3540             	5.7228             	4.6414             	0.5850             	59.9600            	0.0000             	0.0000             	0.0000             
101                	2021-01-29 13:13:20	215.0000           	26.5900            	3.3540             	5.7168             	4.6324             	0.5860             	59.9600            	0.0000             	0.0000             	0.0000             
102                	2021-01-29 13:13:22	215.2000           	26.5900            	3.3540             	5.7222             	4.6367             	0.5860             	59.9500            	0.0000             	0.0000             	0.0000             
103                	2021-01-29 13:13:23	215.2000           	26.5900            	3.3530             	5.7222             	4.6409             	0.5850             	59.9600            	0.0000             	0.0000             	0.0000             
104                	2021-01-29 13:13:24	215.5000           	26.5400            	3.3530             	5.7194             	4.6345             	0.5860             	59.9600            	0.0000             	0.0000             	0.0000             
105                	2021-01-29 13:13:25	215.3000           	26.6700            	3.3570             	5.7421             	4.6611             	0.5840             	59.9600            	0.0000             	0.0000             	0.0000             
106                	2021-01-29 13:13:26	215.3000           	26.5900            	3.3520             	5.7248             	4.6430             	0.5850             	59.9500            	0.0000             	0.0000             	0.0000             
107                	2021-01-29 13:13:27	215.3000           	26.5700            	3.3540             	5.7205             	4.6354             	0.5860             	59.9500            	0.0000             	0.0000             	0.0000             
108                	2021-01-29 13:13:28	215.2000           	26.5800            	3.3500             	5.7200             	4.6391             	0.5850             	59.9600            	0.0000             	0.0000             	0.0000             
109                	2021-01-29 13:13:29	215.1000           	26.5700            	3.3450             	5.7152             	4.6352             	0.5850             	59.9600            	0.0000             	0.0000             	0.0000             
110                	2021-01-29 13:13:30	215.1000           	26.5200            	3.3420             	5.7045             	4.6265             	0.5850             	59.9600            	0.0000             	0.0000             	0.0000             
111                	2021-01-29 13:13:31	215.3000           	26.6100            	3.3560             	5.7291             	4.6465             	0.5850             	59.9600            	0.0000             	0.0000             	0.0000             
112                	2021-01-29 13:13:32	215.3000           	26.6000            	3.3500             	5.7270             	4.6489             	0.5840             	59.9500            	0.0000             	0.0000             	0.0000             
113                	2021-01-29 13:13:33	215.4000           	26.4700            	3.3500             	5.7016             	4.6160             	0.5870             	59.9500            	0.0000             	0.0000             	0.0000             
114                	2021-01-29 13:13:35	215.4000           	26.6300            	3.3590             	5.7361             	4.6522             	0.5850             	59.9500            	0.0000             	0.0000             	0.0000             
115                	2021-01-29 13:13:36	215.5000           	26.5900            	3.3580             	5.7301             	4.6432             	0.5860             	59.9600            	0.0000             	0.0000             	0.0000             
116                	2021-01-29 13:13:37	215.4000           	26.5900            	3.3550             	5.7275             	4.6452             	0.5850             	59.9600            	0.0000             	0.0000             	0.0000             
117                	2021-01-29 13:13:38	215.3000           	26.5400            	3.3470             	5.7141             	4.6343             	0.5850             	59.9600            	0.0000             	0.0000             	0.0000             
118                	2021-01-29 13:13:39	215.4000           	26.5200            	3.3500             	5.7124             	4.6288             	0.5860             	59.9500            	0.0000             	0.0000             	0.0000             
119                	2021-01-29 13:13:40	215.3000           	26.5300            	3.3450             	5.7119             	4.6325             	0.5850             	59.9600            	0.0000             	0.0000             	0.0000             
120                	2021-01-29 13:13:41	215.3000           	26.5300            	3.3400             	5.7119             	4.6367             	0.5840             	59.9600            	0.0000             	0.0000             	0.0000             
121                	2021-01-29 13:13:42	215.3000           	26.3700            	3.3250             	5.6775             	4.6046             	0.5850             	59.9600            	0.0000             	0.0000             	0.0000             
122                	2021-01-29 13:13:43	215.4000           	26.6100            	3.3540             	5.7318             	4.6487             	0.5850             	59.9600            	0.0000             	0.0000             	0.0000             
123                	2021-01-29 13:13:44	215.4000           	26.5900            	3.3570             	5.7275             	4.6410             	0.5860             	59.9600            	0.0000             	0.0000             	0.0000             
124                	2021-01-29 13:13:46	215.4000           	28.2900            	3.5350             	6.0937             	4.9683             	0.5790             	59.9500            	0.0000             	0.0000             	0.0000             
125                	2021-01-29 13:13:47	215.5000           	28.3700            	3.5430             	6.1137             	4.9847             	0.5790             	59.9600            	0.0000             	0.0000             	0.0000             
126                	2021-01-29 13:13:48	215.4000           	26.6100            	3.3520             	5.7318             	4.6528             	0.5840             	59.9600            	0.0000             	0.0000             	0.0000             
127                	2021-01-29 13:13:49	215.3000           	26.6900            	3.3590             	5.7464             	4.6646             	0.5840             	59.9600            	0.0000             	0.0000             	0.0000             
128                	2021-01-29 13:13:50	215.3000           	26.6000            	3.3520             	5.7270             	4.6448             	0.5850             	59.9600            	0.0000             	0.0000             	0.0000             
129                	2021-01-29 13:13:51	215.2000           	26.5500            	3.3540             	5.7136             	4.6298             	0.5860             	59.9600            	0.0000             	0.0000             	0.0000             
130                	2021-01-29 13:13:52	215.3000           	26.5500            	3.3450             	5.7162             	4.6360             	0.5850             	59.9500            	0.0000             	0.0000             	0.0000             
131                	2021-01-29 13:13:53	215.2000           	26.3900            	3.3260             	5.6791             	4.6060             	0.5850             	59.9600            	0.0000             	0.0000             	0.0000             
132                	2021-01-29 13:13:54	215.3000           	26.5500            	3.3550             	5.7162             	4.6319             	0.5860             	59.9600            	0.0000             	0.0000             	0.0000             
133                	2021-01-29 13:13:55	215.4000           	26.6200            	3.3560             	5.7339             	4.6504             	0.5850             	59.9600            	0.0000             	0.0000             	0.0000             
134                	2021-01-29 13:13:56	215.5000           	26.6000            	3.3550             	5.7323             	4.6491             	0.5850             	59.9500            	0.0000             	0.0000             	0.0000             
135                	2021-01-29 13:13:58	215.5000           	26.6000            	3.3560             	5.7323             	4.6491             	0.5850             	59.9500            	0.0000             	0.0000             	0.0000             
136                	2021-01-29 13:13:59	216.1000           	26.6000            	3.3530             	5.7483             	4.6703             	0.5830             	59.9600            	0.0000             	0.0000             	0.0000             
137                	2021-01-29 13:14:00	216.0000           	26.6100            	3.3550             	5.7478             	4.6699             	0.5830             	59.9700            	0.0000             	0.0000             	0.0000             
138                	2021-01-29 13:14:01	215.9000           	26.5900            	3.3560             	5.7408             	4.6601             	0.5840             	59.9700            	0.0000             	0.0000             	0.0000             
139                	2021-01-29 13:14:02	215.8000           	26.5800            	3.3470             	5.7360             	4.6603             	0.5830             	59.9700            	0.0000             	0.0000             	0.0000             
140                	2021-01-29 13:14:03	215.9000           	26.5400            	3.3510             	5.7300             	4.6513             	0.5840             	59.9700            	0.0000             	0.0000             	0.0000             
141                	2021-01-29 13:14:04	215.8000           	26.5100            	3.3440             	5.7209             	4.6439             	0.5840             	59.9700            	0.0000             	0.0000             	0.0000             
142                	2021-01-29 13:14:05	215.9000           	26.4400            	3.3350             	5.7084             	4.6338             	0.5840             	59.9700            	0.0000             	0.0000             	0.0000             
143                	2021-01-29 13:14:06	215.8000           	26.5900            	3.3560             	5.7381             	4.6579             	0.5840             	59.9800            	0.0000             	0.0000             	0.0000             
144                	2021-01-29 13:14:07	215.8000           	26.6000            	3.3510             	5.7403             	4.6638             	0.5830             	59.9800            	0.0000             	0.0000             	0.0000             
145                	2021-01-29 13:14:08	215.9000           	26.6000            	3.3620             	5.7429             	4.6577             	0.5850             	59.9800            	0.0000             	0.0000             	0.0000             
146                	2021-01-29 13:14:10	215.8000           	26.5700            	3.3560             	5.7338             	4.6503             	0.5850             	59.9800            	0.0000             	0.0000             	0.0000             
147                	2021-01-29 13:14:11	215.8000           	26.5800            	3.3550             	5.7360             	4.6562             	0.5840             	59.9700            	0.0000             	0.0000             	0.0000             
148                	2021-01-29 13:14:12	215.7000           	26.4900            	3.3480             	5.7139             	4.6342             	0.5850             	59.9800            	0.0000             	0.0000             	0.0000             
149                	2021-01-29 13:14:13	215.8000           	26.5100            	3.3510             	5.7209             	4.6398             	0.5850             	59.9800            	0.0000             	0.0000             	0.0000             
150                	2021-01-29 13:14:14	215.7000           	26.6300            	3.3540             	5.7441             	4.6669             	0.5830             	59.9800            	0.0000             	0.0000             	0.0000             
151                	2021-01-29 13:14:15	215.8000           	26.4700            	3.3500             	5.7122             	4.6287             	0.5860             	59.9800            	0.0000             	0.0000             	0.0000             
152                	2021-01-29 13:14:16	215.9000           	26.5800            	3.3550             	5.7386             	4.6583             	0.5840             	59.9800            	0.0000             	0.0000             	0.0000             
153                	2021-01-29 13:14:18	216.0000           	26.6000            	3.3520             	5.7456             	4.6681             	0.5830             	59.9800            	0.0000             	0.0000             	0.0000             
154                	2021-01-29 13:14:19	215.7000           	26.8200            	3.3570             	5.7851             	4.7126             	0.5800             	59.9800            	0.0000             	0.0000             	0.0000             
155                	2021-01-29 13:14:20	215.8000           	26.5900            	3.3530             	5.7381             	4.6579             	0.5840             	59.9800            	0.0000             	0.0000             	0.0000             
156                	2021-01-29 13:14:21	215.6000           	27.9700            	3.4770             	6.0303             	4.9295             	0.5760             	59.9800            	0.0000             	0.0000             	0.0000             
157                	2021-01-29 13:14:22	215.8000           	26.5900            	3.3520             	5.7381             	4.6621             	0.5830             	59.9800            	0.0000             	0.0000             	0.0000             
158                	2021-01-29 13:14:23	215.9000           	26.5400            	3.3500             	5.7300             	4.6513             	0.5840             	59.9800            	0.0000             	0.0000             	0.0000             
159                	2021-01-29 13:14:24	215.8000           	26.5000            	3.3450             	5.7187             	4.6422             	0.5840             	59.9800            	0.0000             	0.0000             	0.0000             
160                	2021-01-29 13:14:25	215.8000           	26.5400            	3.3590             	5.7273             	4.6409             	0.5860             	59.9800            	0.0000             	0.0000             	0.0000             
161                	2021-01-29 13:14:26	215.8000           	26.7000            	3.3610             	5.7619             	4.6814             	0.5830             	59.9800            	0.0000             	0.0000             	0.0000             
162                	2021-01-29 13:14:27	215.9000           	26.6200            	3.3500             	5.7473             	4.6736             	0.5820             	59.9800            	0.0000             	0.0000             	0.0000             
163                	2021-01-29 13:14:28	215.9000           	26.7400            	3.3650             	5.7732             	4.6947             	0.5820             	59.9800            	0.0000             	0.0000             	0.0000             
