No.                	Time               	Voltage[ V ]       	Current[ mA ]      	Active Power[ W ]  	Apparent Power[ VA ]	Reactive Power[ Var ]	Power Factor[ PF ] 	Frequency[ Hz ]    	Watt Hours[ Wh ]   	CO2[ g ]           	Cost[ Dollar ]     
1                  	2021-01-29 13:07:55	215.1000           	13.3700            	1.5660             	2.8759             	2.4131             	0.5440             	59.9800            	0.0000             	0.0000             	0.0000             
2                  	2021-01-29 13:07:56	215.0000           	12.7100            	1.5010             	2.7327             	2.2840             	0.5490             	59.9800            	0.0000             	0.0000             	0.0000             
3                  	2021-01-29 13:07:57	215.0000           	12.6900            	1.5020             	2.7283             	2.2786             	0.5500             	59.9800            	0.0000             	0.0000             	0.0000             
4                  	2021-01-29 13:07:58	215.1000           	12.6300            	1.4950             	2.7167             	2.2689             	0.5500             	59.9800            	0.0000             	0.0000             	0.0000             
5                  	2021-01-29 13:07:59	215.0000           	12.7200            	1.5070             	2.7348             	2.2840             	0.5500             	59.9800            	0.0000             	0.0000             	0.0000             
6                  	2021-01-29 13:08:00	215.0000           	12.5700            	1.4870             	2.7026             	2.2589             	0.5490             	59.9800            	0.0000             	0.0000             	0.0000             
7                  	2021-01-29 13:08:01	214.9000           	12.6700            	1.4980             	2.7228             	2.2740             	0.5500             	59.9800            	0.0000             	0.0000             	0.0000             
8                  	2021-01-29 13:08:03	214.3000           	12.6500            	1.5000             	2.7109             	2.2587             	0.5530             	59.9800            	0.0000             	0.0000             	0.0000             
9                  	2021-01-29 13:08:04	214.5000           	12.6000            	1.4930             	2.7027             	2.2536             	0.5520             	59.9800            	0.0000             	0.0000             	0.0000             
10                 	2021-01-29 13:08:05	214.7000           	13.2900            	1.5680             	2.8534             	2.3849             	0.5490             	59.9800            	0.0000             	0.0000             	0.0000             
11                 	2021-01-29 13:08:06	214.4000           	12.5300            	1.4850             	2.6864             	2.2401             	0.5520             	59.9800            	0.0000             	0.0000             	0.0000             
12                 	2021-01-29 13:08:07	214.2000           	12.6000            	1.4930             	2.6989             	2.2487             	0.5530             	59.9800            	0.0000             	0.0000             	0.0000             
13                 	2021-01-29 13:08:08	214.3000           	12.6700            	1.5030             	2.7152             	2.2622             	0.5530             	59.9900            	0.0000             	0.0000             	0.0000             
14                 	2021-01-29 13:08:09	214.2000           	12.6300            	1.4980             	2.7053             	2.2540             	0.5530             	59.9900            	0.0000             	0.0000             	0.0000             
15                 	2021-01-29 13:08:10	214.3000           	12.6500            	1.5010             	2.7109             	2.2587             	0.5530             	59.9700            	0.0000             	0.0000             	0.0000             
16                 	2021-01-29 13:08:12	214.2000           	12.6200            	1.4910             	2.7032             	2.2558             	0.5510             	59.9800            	0.0000             	0.0000             	0.0000             
17                 	2021-01-29 13:08:13	214.4000           	12.6200            	1.4950             	2.7057             	2.2562             	0.5520             	59.9800            	0.0000             	0.0000             	0.0000             
18                 	2021-01-29 13:08:14	214.5000           	12.6100            	1.4900             	2.7048             	2.2590             	0.5500             	59.9900            	0.0000             	0.0000             	0.0000             
19                 	2021-01-29 13:08:15	214.7000           	12.6200            	1.4910             	2.7095             	2.2629             	0.5500             	59.9900            	0.0000             	0.0000             	0.0000             
20                 	2021-01-29 13:08:16	214.9000           	12.6000            	1.4940             	2.7077             	2.2596             	0.5510             	59.9900            	0.0000             	0.0000             	0.0000             
21                 	2021-01-29 13:08:17	215.0000           	12.7000            	1.4990             	2.7305             	2.2840             	0.5480             	59.9700            	0.0000             	0.0000             	0.0000             
22                 	2021-01-29 13:08:18	214.9000           	12.7100            	1.5010             	2.7314             	2.2829             	0.5490             	60.0100            	0.0000             	0.0000             	0.0000             
23                 	2021-01-29 13:08:19	214.8000           	12.6300            	1.4950             	2.7129             	2.2657             	0.5500             	60.0100            	0.0000             	0.0000             	0.0000             
24                 	2021-01-29 13:08:21	214.8000           	12.6200            	1.4950             	2.7108             	2.2639             	0.5500             	60.0100            	0.0000             	0.0000             	0.0000             
25                 	2021-01-29 13:08:22	214.6000           	12.5800            	1.4860             	2.6997             	2.2547             	0.5500             	60.0200            	0.0000             	0.0000             	0.0000             
26                 	2021-01-29 13:08:23	214.8000           	12.6400            	1.4970             	2.7151             	2.2657             	0.5510             	60.0100            	0.0000             	0.0000             	0.0000             
27                 	2021-01-29 13:08:24	214.6000           	12.6100            	1.4880             	2.7061             	2.2618             	0.5490             	60.0100            	0.0000             	0.0000             	0.0000             
28                 	2021-01-29 13:08:25	214.7000           	12.7100            	1.5030             	2.7288             	2.2790             	0.5500             	60.0100            	0.0000             	0.0000             	0.0000             
29                 	2021-01-29 13:08:26	214.6000           	12.7000            	1.5010             	2.7254             	2.2762             	0.5500             	60.0100            	0.0000             	0.0000             	0.0000             
30                 	2021-01-29 13:08:27	214.8000           	12.7100            	1.5000             	2.7301             	2.2819             	0.5490             	60.0100            	0.0000             	0.0000             	0.0000             
31                 	2021-01-29 13:08:28	214.7000           	12.7000            	1.4990             	2.7267             	2.2790             	0.5490             	60.0000            	0.0000             	0.0000             	0.0000             
32                 	2021-01-29 13:08:29	214.9000           	12.6100            	1.4880             	2.7099             	2.2650             	0.5490             	59.9900            	0.0000             	0.0000             	0.0000             
33                 	2021-01-29 13:08:31	214.8000           	12.6100            	1.4900             	2.7086             	2.2622             	0.5500             	59.9900            	0.0000             	0.0000             	0.0000             
34                 	2021-01-29 13:08:32	214.5000           	12.7200            	1.4950             	2.7284             	2.2823             	0.5480             	59.9900            	0.0000             	0.0000             	0.0000             
35                 	2021-01-29 13:08:33	214.5000           	12.7000            	1.4880             	2.7241             	2.2823             	0.5460             	59.9900            	0.0000             	0.0000             	0.0000             
36                 	2021-01-29 13:08:34	214.4000           	12.8200            	1.4940             	2.7486             	2.3081             	0.5430             	59.9900            	0.0000             	0.0000             	0.0000             
37                 	2021-01-29 13:08:35	214.6000           	12.7300            	1.4990             	2.7319             	2.2851             	0.5480             	59.9900            	0.0000             	0.0000             	0.0000             
38                 	2021-01-29 13:08:36	214.6000           	12.7200            	1.5000             	2.7297             	2.2816             	0.5490             	59.9900            	0.0000             	0.0000             	0.0000             
39                 	2021-01-29 13:08:37	214.7000           	12.7300            	1.5010             	2.7331             	2.2862             	0.5480             	59.9800            	0.0000             	0.0000             	0.0000             
40                 	2021-01-29 13:08:38	214.8000           	12.7000            	1.4980             	2.7280             	2.2819             	0.5480             	59.9900            	0.0000             	0.0000             	0.0000             
41                 	2021-01-29 13:08:39	214.7000           	12.6700            	1.4950             	2.7202             	2.2736             	0.5490             	59.9900            	0.0000             	0.0000             	0.0000             
42                 	2021-01-29 13:08:41	214.8000           	12.6200            	1.4900             	2.7108             	2.2657             	0.5490             	59.9900            	0.0000             	0.0000             	0.0000             
43                 	2021-01-29 13:08:42	214.7000           	12.5800            	1.4920             	2.7009             	2.2522             	0.5520             	59.9800            	0.0000             	0.0000             	0.0000             
44                 	2021-01-29 13:08:43	214.7000           	12.6300            	1.4990             	2.7117             	2.2611             	0.5520             	59.9800            	0.0000             	0.0000             	0.0000             
45                 	2021-01-29 13:08:44	214.8000           	12.5700            	1.4920             	2.7000             	2.2514             	0.5520             	59.9800            	0.0000             	0.0000             	0.0000             
46                 	2021-01-29 13:08:45	214.7000           	12.5900            	1.4940             	2.7031             	2.2539             	0.5520             	59.9800            	0.0000             	0.0000             	0.0000             
47                 	2021-01-29 13:08:46	214.7000           	12.6900            	1.5080             	2.7245             	2.2700             	0.5530             	59.9900            	0.0000             	0.0000             	0.0000             
48                 	2021-01-29 13:08:47	214.9000           	12.6100            	1.4950             	2.7099             	2.2614             	0.5510             	59.9800            	0.0000             	0.0000             	0.0000             
49                 	2021-01-29 13:08:49	214.8000           	12.6600            	1.5040             	2.7194             	2.2675             	0.5520             	59.9700            	0.0000             	0.0000             	0.0000             
50                 	2021-01-29 13:08:50	214.7000           	12.6300            	1.4960             	2.7117             	2.2629             	0.5510             	59.9800            	0.0000             	0.0000             	0.0000             
51                 	2021-01-29 13:08:51	214.7000           	12.6000            	1.4910             	2.7052             	2.2575             	0.5510             	59.9800            	0.0000             	0.0000             	0.0000             
52                 	2021-01-29 13:08:52	214.8000           	12.5900            	1.4930             	2.7043             	2.2550             	0.5520             	59.9700            	0.0000             	0.0000             	0.0000             
53                 	2021-01-29 13:08:53	214.7000           	12.5800            	1.4930             	2.7009             	2.2522             	0.5520             	59.9900            	0.0000             	0.0000             	0.0000             
54                 	2021-01-29 13:08:54	214.7000           	12.5900            	1.4900             	2.7031             	2.2557             	0.5510             	59.9800            	0.0000             	0.0000             	0.0000             
55                 	2021-01-29 13:08:56	214.8000           	12.6900            	1.5070             	2.7258             	2.2729             	0.5520             	59.9800            	0.0000             	0.0000             	0.0000             
56                 	2021-01-29 13:08:57	214.9000           	12.6100            	1.4940             	2.7099             	2.2614             	0.5510             	59.9800            	0.0000             	0.0000             	0.0000             
57                 	2021-01-29 13:08:58	214.9000           	12.7100            	1.5060             	2.7314             	2.2794             	0.5510             	59.9800            	0.0000             	0.0000             	0.0000             
58                 	2021-01-29 13:08:59	214.8000           	12.7300            	1.5020             	2.7344             	2.2873             	0.5480             	59.9800            	0.0000             	0.0000             	0.0000             
59                 	2021-01-29 13:09:00	214.8000           	12.7200            	1.5020             	2.7323             	2.2837             	0.5490             	59.9800            	0.0000             	0.0000             	0.0000             
60                 	2021-01-29 13:09:01	215.1000           	12.6300            	1.4960             	2.7167             	2.2689             	0.5500             	59.9800            	0.0000             	0.0000             	0.0000             
61                 	2021-01-29 13:09:02	215.0000           	12.6300            	1.4960             	2.7155             	2.2678             	0.5500             	59.9800            	0.0000             	0.0000             	0.0000             
62                 	2021-01-29 13:09:03	215.2000           	12.5900            	1.4950             	2.7094             	2.2610             	0.5510             	59.9800            	0.0000             	0.0000             	0.0000             
63                 	2021-01-29 13:09:04	215.0000           	12.5800            	1.4920             	2.7047             	2.2571             	0.5510             	59.9900            	0.0000             	0.0000             	0.0000             
64                 	2021-01-29 13:09:06	215.1000           	12.6000            	1.4960             	2.7103             	2.2599             	0.5520             	59.9700            	0.0000             	0.0000             	0.0000             
65                 	2021-01-29 13:09:07	215.2000           	12.6800            	1.5070             	2.7287             	2.2753             	0.5520             	59.9700            	0.0000             	0.0000             	0.0000             
66                 	2021-01-29 13:09:08	215.4000           	12.7000            	1.5090             	2.7356             	2.2829             	0.5510             	59.9800            	0.0000             	0.0000             	0.0000             
67                 	2021-01-29 13:09:09	215.3000           	12.5500            	1.4900             	2.7020             	2.2548             	0.5510             	59.9900            	0.0000             	0.0000             	0.0000             
68                 	2021-01-29 13:09:10	215.1000           	12.6600            	1.5070             	2.7232             	2.2689             	0.5530             	60.0100            	0.0000             	0.0000             	0.0000             
69                 	2021-01-29 13:09:11	215.1000           	12.6400            	1.5050             	2.7189             	2.2653             	0.5530             	59.9900            	0.0000             	0.0000             	0.0000             
70                 	2021-01-29 13:09:12	215.2000           	12.5900            	1.5000             	2.7094             	2.2574             	0.5530             	59.9900            	0.0000             	0.0000             	0.0000             
71                 	2021-01-29 13:09:13	215.1000           	12.6100            	1.5010             	2.7124             	2.2599             	0.5530             	59.9900            	0.0000             	0.0000             	0.0000             
72                 	2021-01-29 13:09:14	215.0000           	12.5600            	1.4930             	2.7004             	2.2517             	0.5520             	59.9900            	0.0000             	0.0000             	0.0000             
73                 	2021-01-29 13:09:15	215.0000           	12.5800            	1.4950             	2.7047             	2.2553             	0.5520             	59.9900            	0.0000             	0.0000             	0.0000             
74                 	2021-01-29 13:09:17	215.0000           	12.6100            	1.4990             	2.7111             	2.2607             	0.5520             	60.0000            	0.0000             	0.0000             	0.0000             
75                 	2021-01-29 13:09:18	215.1000           	12.5900            	1.5000             	2.7081             	2.2563             	0.5530             	60.0000            	0.0000             	0.0000             	0.0000             
76                 	2021-01-29 13:09:19	215.3000           	12.6200            	1.5070             	2.7171             	2.2620             	0.5540             	60.0000            	0.0000             	0.0000             	0.0000             
77                 	2021-01-29 13:09:20	215.2000           	12.5700            	1.5010             	2.7051             	2.2520             	0.5540             	59.9900            	0.0000             	0.0000             	0.0000             
78                 	2021-01-29 13:09:21	215.3000           	12.5700            	1.5000             	2.7063             	2.2531             	0.5540             	59.9900            	0.0000             	0.0000             	0.0000             
79                 	2021-01-29 13:09:22	215.2000           	12.5400            	1.4930             	2.6986             	2.2484             	0.5530             	59.9900            	0.0000             	0.0000             	0.0000             
80                 	2021-01-29 13:09:23	215.1000           	12.5400            	1.4960             	2.6974             	2.2456             	0.5540             	59.9900            	0.0000             	0.0000             	0.0000             
81                 	2021-01-29 13:09:24	215.1000           	12.5500            	1.4970             	2.6995             	2.2474             	0.5540             	59.9900            	0.0000             	0.0000             	0.0000             
82                 	2021-01-29 13:09:25	215.3000           	12.5700            	1.5000             	2.7063             	2.2531             	0.5540             	59.9900            	0.0000             	0.0000             	0.0000             
83                 	2021-01-29 13:09:26	215.1000           	12.6000            	1.5030             	2.7103             	2.2563             	0.5540             	59.9900            	0.0000             	0.0000             	0.0000             
84                 	2021-01-29 13:09:27	215.2000           	12.5600            	1.5010             	2.7029             	2.2502             	0.5540             	59.9900            	0.0000             	0.0000             	0.0000             
85                 	2021-01-29 13:09:29	215.2000           	12.5700            	1.5000             	2.7051             	2.2520             	0.5540             	59.9900            	0.0000             	0.0000             	0.0000             
86                 	2021-01-29 13:09:30	215.1000           	12.5700            	1.4980             	2.7038             	2.2528             	0.5530             	60.0100            	0.0000             	0.0000             	0.0000             
87                 	2021-01-29 13:09:31	215.1000           	12.5800            	1.4980             	2.7060             	2.2546             	0.5530             	60.0000            	0.0000             	0.0000             	0.0000             
88                 	2021-01-29 13:09:32	215.0000           	12.6000            	1.4860             	2.7090             	2.2660             	0.5480             	59.9900            	0.0000             	0.0000             	0.0000             
89                 	2021-01-29 13:09:33	215.1000           	12.5600            	1.4950             	2.7017             	2.2510             	0.5530             	59.9900            	0.0000             	0.0000             	0.0000             
90                 	2021-01-29 13:09:34	215.0000           	12.5800            	1.4960             	2.7047             	2.2535             	0.5530             	59.9900            	0.0000             	0.0000             	0.0000             
91                 	2021-01-29 13:09:35	214.9000           	12.5700            	1.4940             	2.7013             	2.2507             	0.5530             	59.9900            	0.0000             	0.0000             	0.0000             
92                 	2021-01-29 13:09:37	215.0000           	12.5900            	1.4970             	2.7069             	2.2553             	0.5530             	59.9900            	0.0000             	0.0000             	0.0000             
93                 	2021-01-29 13:09:38	214.9000           	12.5600            	1.4930             	2.6991             	2.2489             	0.5530             	59.9900            	0.0000             	0.0000             	0.0000             
94                 	2021-01-29 13:09:39	214.8000           	12.5500            	1.4950             	2.6957             	2.2442             	0.5540             	59.9900            	0.0000             	0.0000             	0.0000             
95                 	2021-01-29 13:09:40	214.9000           	12.5500            	1.4940             	2.6970             	2.2471             	0.5530             	59.9900            	0.0000             	0.0000             	0.0000             
96                 	2021-01-29 13:09:41	214.9000           	12.5800            	1.4960             	2.7034             	2.2525             	0.5530             	59.9900            	0.0000             	0.0000             	0.0000             
97                 	2021-01-29 13:09:42	214.8000           	12.6900            	1.5070             	2.7258             	2.2729             	0.5520             	59.9900            	0.0000             	0.0000             	0.0000             
98                 	2021-01-29 13:09:44	214.9000           	12.5800            	1.5000             	2.7034             	2.2507             	0.5540             	59.9900            	0.0000             	0.0000             	0.0000             
99                 	2021-01-29 13:09:45	214.8000           	12.5000            	1.4900             	2.6850             	2.2353             	0.5540             	59.9900            	0.0000             	0.0000             	0.0000             
100                	2021-01-29 13:09:46	214.7000           	12.6400            	1.5020             	2.7138             	2.2611             	0.5530             	59.9900            	0.0000             	0.0000             	0.0000             
101                	2021-01-29 13:09:47	214.8000           	12.6300            	1.5030             	2.7129             	2.2604             	0.5530             	59.9900            	0.0000             	0.0000             	0.0000             
102                	2021-01-29 13:09:48	214.9000           	12.5900            	1.4960             	2.7056             	2.2560             	0.5520             	59.9900            	0.0000             	0.0000             	0.0000             
103                	2021-01-29 13:09:49	214.9000           	12.5300            	1.4890             	2.6927             	2.2435             	0.5530             	59.9900            	0.0000             	0.0000             	0.0000             
104                	2021-01-29 13:09:50	214.9000           	12.6300            	1.5040             	2.7142             	2.2614             	0.5530             	59.9900            	0.0000             	0.0000             	0.0000             
105                	2021-01-29 13:09:51	215.0000           	12.6100            	1.5000             	2.7111             	2.2607             	0.5520             	59.9900            	0.0000             	0.0000             	0.0000             
106                	2021-01-29 13:09:53	214.7000           	12.7100            	1.5020             	2.7288             	2.2808             	0.5490             	60.0000            	0.0000             	0.0000             	0.0000             
107                	2021-01-29 13:09:54	214.9000           	12.6200            	1.4990             	2.7120             	2.2614             	0.5520             	59.9900            	0.0000             	0.0000             	0.0000             
108                	2021-01-29 13:09:55	214.8000           	12.6000            	1.4950             	2.7065             	2.2568             	0.5520             	59.9900            	0.0000             	0.0000             	0.0000             
109                	2021-01-29 13:09:56	214.7000           	12.6200            	1.4970             	2.7095             	2.2593             	0.5520             	60.0000            	0.0000             	0.0000             	0.0000             
110                	2021-01-29 13:09:57	214.7000           	12.6800            	1.5010             	2.7224             	2.2719             	0.5510             	60.0000            	0.0000             	0.0000             	0.0000             
111                	2021-01-29 13:09:58	214.7000           	12.6800            	1.4970             	2.7224             	2.2754             	0.5490             	60.0000            	0.0000             	0.0000             	0.0000             
112                	2021-01-29 13:09:59	214.8000           	12.6900            	1.5010             	2.7258             	2.2765             	0.5500             	60.0000            	0.0000             	0.0000             	0.0000             
113                	2021-01-29 13:10:00	214.7000           	22.3000            	2.7800             	4.7878             	3.9002             	0.5800             	60.0000            	0.0000             	0.0000             	0.0000             
114                	2021-01-29 13:10:01	214.6000           	12.7000            	1.4980             	2.7254             	2.2780             	0.5490             	59.9900            	0.0000             	0.0000             	0.0000             
115                	2021-01-29 13:10:02	214.6000           	12.7200            	1.5020             	2.7297             	2.2798             	0.5500             	59.9900            	0.0000             	0.0000             	0.0000             
116                	2021-01-29 13:10:04	214.5000           	12.6600            	1.4950             	2.7156             	2.2679             	0.5500             	60.0000            	0.0000             	0.0000             	0.0000             
117                	2021-01-29 13:10:05	214.6000           	12.7000            	1.5020             	2.7254             	2.2744             	0.5510             	59.9900            	0.0000             	0.0000             	0.0000             
118                	2021-01-29 13:10:06	214.5000           	12.6700            	1.4960             	2.7177             	2.2697             	0.5500             	59.9900            	0.0000             	0.0000             	0.0000             
119                	2021-01-29 13:10:07	214.8000           	12.7700            	1.5080             	2.7430             	2.2927             	0.5490             	59.9900            	0.0000             	0.0000             	0.0000             
120                	2021-01-29 13:10:08	215.2000           	12.6700            	1.4970             	2.7266             	2.2807             	0.5480             	59.9800            	0.0000             	0.0000             	0.0000             
121                	2021-01-29 13:10:09	215.2000           	12.6600            	1.4950             	2.7244             	2.2789             	0.5480             	59.9800            	0.0000             	0.0000             	0.0000             
122                	2021-01-29 13:10:10	215.0000           	12.7000            	1.4980             	2.7305             	2.2840             	0.5480             	59.9900            	0.0000             	0.0000             	0.0000             
123                	2021-01-29 13:10:11	215.0000           	12.6900            	1.4950             	2.7283             	2.2840             	0.5470             	59.9800            	0.0000             	0.0000             	0.0000             
124                	2021-01-29 13:10:12	214.8000           	12.7700            	1.4970             	2.7430             	2.2998             	0.5450             	59.9800            	0.0000             	0.0000             	0.0000             
125                	2021-01-29 13:10:13	215.0000           	12.8200            	1.5070             	2.7563             	2.3092             	0.5460             	59.9800            	0.0000             	0.0000             	0.0000             
126                	2021-01-29 13:10:14	215.3000           	12.7200            	1.4980             	2.7386             	2.2926             	0.5470             	59.9800            	0.0000             	0.0000             	0.0000             
127                	2021-01-29 13:10:15	215.3000           	12.7100            	1.4990             	2.7365             	2.2908             	0.5470             	59.9800            	0.0000             	0.0000             	0.0000             
128                	2021-01-29 13:10:17	215.3000           	12.6700            	1.4910             	2.7279             	2.2854             	0.5460             	59.9800            	0.0000             	0.0000             	0.0000             
129                	2021-01-29 13:10:18	215.2000           	12.7300            	1.4990             	2.7395             	2.2933             	0.5470             	59.9800            	0.0000             	0.0000             	0.0000             
130                	2021-01-29 13:10:19	215.2000           	12.7600            	1.5030             	2.7460             	2.2987             	0.5470             	59.9800            	0.0000             	0.0000             	0.0000             
131                	2021-01-29 13:10:20	215.1000           	12.7900            	1.5040             	2.7511             	2.3049             	0.5460             	59.9800            	0.0000             	0.0000             	0.0000             
132                	2021-01-29 13:10:21	215.0000           	12.7100            	1.4950             	2.7327             	2.2858             	0.5480             	59.9800            	0.0000             	0.0000             	0.0000             
133                	2021-01-29 13:10:22	215.0000           	12.6800            	1.4960             	2.7262             	2.2804             	0.5480             	59.9800            	0.0000             	0.0000             	0.0000             
134                	2021-01-29 13:10:23	215.0000           	12.6800            	1.4980             	2.7262             	2.2786             	0.5490             	59.9800            	0.0000             	0.0000             	0.0000             
135                	2021-01-29 13:10:24	215.0000           	12.6800            	1.4950             	2.7262             	2.2804             	0.5480             	59.9800            	0.0000             	0.0000             	0.0000             
136                	2021-01-29 13:10:25	214.9000           	12.7400            	1.4990             	2.7378             	2.2919             	0.5470             	59.9800            	0.0000             	0.0000             	0.0000             
137                	2021-01-29 13:10:26	214.8000           	12.8000            	1.5040             	2.7494             	2.3034             	0.5460             	59.9800            	0.0000             	0.0000             	0.0000             
138                	2021-01-29 13:10:27	214.5000           	12.8000            	1.4980             	2.7456             	2.3020             	0.5450             	59.9800            	0.0000             	0.0000             	0.0000             
139                	2021-01-29 13:10:28	214.6000           	12.8500            	1.5010             	2.7576             	2.3139             	0.5440             	59.9800            	0.0000             	0.0000             	0.0000             
140                	2021-01-29 13:10:29	214.6000           	12.8700            	1.5080             	2.7619             	2.3157             	0.5450             	59.9800            	0.0000             	0.0000             	0.0000             
141                	2021-01-29 13:10:31	214.7000           	12.8500            	1.5020             	2.7589             	2.3149             	0.5440             	59.9800            	0.0000             	0.0000             	0.0000             
142                	2021-01-29 13:10:32	214.8000           	12.8400            	1.5060             	2.7580             	2.3124             	0.5450             	59.9800            	0.0000             	0.0000             	0.0000             
143                	2021-01-29 13:10:33	214.7000           	12.8700            	1.5090             	2.7632             	2.3150             	0.5460             	59.9800            	0.0000             	0.0000             	0.0000             
144                	2021-01-29 13:10:34	214.6000           	12.8400            	1.5050             	2.7555             	2.3085             	0.5460             	59.9700            	0.0000             	0.0000             	0.0000             
145                	2021-01-29 13:10:35	214.5000           	12.8800            	1.5100             	2.7628             	2.3146             	0.5460             	59.9700            	0.0000             	0.0000             	0.0000             
146                	2021-01-29 13:10:36	214.5000           	12.7400            	1.4920             	2.7327             	2.2912             	0.5450             	59.9700            	0.0000             	0.0000             	0.0000             
147                	2021-01-29 13:10:37	214.7000           	12.7700            	1.4980             	2.7417             	2.2970             	0.5460             	59.9700            	0.0000             	0.0000             	0.0000             
148                	2021-01-29 13:10:38	214.6000           	12.7600            	1.4980             	2.7383             	2.2941             	0.5460             	59.9700            	0.0000             	0.0000             	0.0000             
149                	2021-01-29 13:10:39	214.9000           	12.7800            	1.5050             	2.7464             	2.2991             	0.5470             	59.9700            	0.0000             	0.0000             	0.0000             
150                	2021-01-29 13:10:40	215.0000           	12.7200            	1.5030             	2.7348             	2.2858             	0.5490             	59.9700            	0.0000             	0.0000             	0.0000             
151                	2021-01-29 13:10:41	215.0000           	12.7000            	1.5000             	2.7305             	2.2822             	0.5490             	59.9700            	0.0000             	0.0000             	0.0000             
152                	2021-01-29 13:10:43	215.1000           	12.7900            	1.5030             	2.7511             	2.3049             	0.5460             	59.9700            	0.0000             	0.0000             	0.0000             
153                	2021-01-29 13:10:44	215.1000           	12.8500            	1.5070             	2.7640             	2.3175             	0.5450             	59.9700            	0.0000             	0.0000             	0.0000             
154                	2021-01-29 13:10:45	215.1000           	12.8300            	1.5050             	2.7597             	2.3139             	0.5450             	59.9800            	0.0000             	0.0000             	0.0000             
155                	2021-01-29 13:10:46	215.2000           	13.2000            	1.5600             	2.8406             	2.3743             	0.5490             	59.9800            	0.0000             	0.0000             	0.0000             
156                	2021-01-29 13:10:47	214.9000           	12.8000            	1.5000             	2.7507             	2.3063             	0.5450             	59.9800            	0.0000             	0.0000             	0.0000             
157                	2021-01-29 13:10:48	214.9000           	12.8200            	1.5030             	2.7550             	2.3099             	0.5450             	59.9800            	0.0000             	0.0000             	0.0000             
158                	2021-01-29 13:10:49	214.9000           	14.1100            	1.6570             	3.0322             	2.5404             	0.5460             	59.9800            	0.0000             	0.0000             	0.0000             
159                	2021-01-29 13:10:50	215.0000           	12.8200            	1.5030             	2.7563             	2.3110             	0.5450             	59.9700            	0.0000             	0.0000             	0.0000             
160                	2021-01-29 13:10:51	214.9000           	12.7800            	1.5000             	2.7464             	2.3009             	0.5460             	59.9700            	0.0000             	0.0000             	0.0000             
161                	2021-01-29 13:10:52	214.8000           	12.7800            	1.5000             	2.7451             	2.2998             	0.5460             	59.9700            	0.0000             	0.0000             	0.0000             
162                	2021-01-29 13:10:53	214.8000           	12.7500            	1.4950             	2.7387             	2.2962             	0.5450             	59.9500            	0.0000             	0.0000             	0.0000             
