No.                	Time               	Voltage[ V ]       	Current[ mA ]      	Active Power[ W ]  	Apparent Power[ VA ]	Reactive Power[ Var ]	Power Factor[ PF ] 	Frequency[ Hz ]    	Watt Hours[ Wh ]   	CO2[ g ]           	Cost[ Dollar ]     
1                  	2021-01-29 13:19:28	216.2000           	27.9400            	3.5060             	6.0406             	4.9208             	0.5800             	60.0100            	0.0000             	0.0000             	0.0000             
2                  	2021-01-29 13:19:29	216.3000           	40.2600            	4.8870             	8.7082             	7.2088             	0.5610             	60.0100            	0.0000             	0.0000             	0.0000             
3                  	2021-01-29 13:19:30	216.2000           	42.3700            	5.1130             	9.1604             	7.6017             	0.5580             	60.0200            	0.0000             	0.0000             	0.0000             
4                  	2021-01-29 13:19:31	216.2000           	27.9500            	3.4940             	6.0428             	4.9311             	0.5780             	60.0100            	0.0000             	0.0000             	0.0000             
5                  	2021-01-29 13:19:32	216.2000           	26.7500            	3.3680             	5.7833             	4.7030             	0.5820             	60.0100            	0.0000             	0.0000             	0.0000             
6                  	2021-01-29 13:19:33	216.2000           	27.7500            	3.4870             	5.9996             	4.8831             	0.5810             	60.0100            	0.0000             	0.0000             	0.0000             
7                  	2021-01-29 13:19:34	216.3000           	27.0200            	4.0070             	5.8444             	4.8182             	0.5660             	60.0200            	0.0000             	0.0000             	0.0000             
8                  	2021-01-29 13:19:35	216.3000           	27.7800            	3.3690             	6.0088             	4.8992             	0.5790             	60.0100            	0.0000             	0.0000             	0.0000             
9                  	2021-01-29 13:19:36	216.1000           	27.8400            	3.4700             	6.0162             	4.9180             	0.5760             	60.0100            	0.0000             	0.0000             	0.0000             
10                 	2021-01-29 13:19:37	216.1000           	26.7500            	3.3590             	5.7807             	4.7090             	0.5800             	60.0100            	0.0000             	0.0000             	0.0000             
11                 	2021-01-29 13:19:38	216.1000           	27.8400            	3.4660             	6.0162             	4.9222             	0.5750             	60.0000            	0.0000             	0.0000             	0.0000             
12                 	2021-01-29 13:19:40	216.2000           	26.7400            	3.3630             	5.7812             	4.7053             	0.5810             	59.9800            	0.0000             	0.0000             	0.0000             
13                 	2021-01-29 13:19:41	216.1000           	26.5700            	3.3410             	5.7418             	4.6733             	0.5810             	60.0000            	0.0000             	0.0000             	0.0000             
14                 	2021-01-29 13:19:42	216.1000           	35.5200            	4.3340             	7.6759             	6.3385             	0.5640             	60.0000            	0.0000             	0.0000             	0.0000             
15                 	2021-01-29 13:19:43	216.1000           	37.0300            	4.5600             	8.0022             	6.5805             	0.5690             	60.0000            	0.0000             	0.0000             	0.0000             
16                 	2021-01-29 13:19:44	216.1000           	36.9800            	4.5550             	7.9914             	6.5716             	0.5690             	60.0000            	0.0000             	0.0000             	0.0000             
17                 	2021-01-29 13:19:45	216.1000           	37.0300            	4.5620             	8.0022             	6.5750             	0.5700             	60.0000            	0.0000             	0.0000             	0.0000             
18                 	2021-01-29 13:19:46	216.1000           	37.6200            	4.6260             	8.1297             	6.6910             	0.5680             	60.0000            	0.0000             	0.0000             	0.0000             
19                 	2021-01-29 13:19:47	216.1000           	37.4000            	4.6070             	8.0821             	6.6462             	0.5690             	60.0000            	0.0000             	0.0000             	0.0000             
20                 	2021-01-29 13:19:49	215.9000           	36.9800            	4.5620             	7.9840             	6.5545             	0.5710             	60.0000            	0.0000             	0.0000             	0.0000             
21                 	2021-01-29 13:19:50	216.0000           	36.9500            	4.5600             	7.9812             	6.5522             	0.5710             	60.0000            	0.0000             	0.0000             	0.0000             
22                 	2021-01-29 13:19:51	215.9000           	32.7400            	4.0980             	7.0686             	5.7632             	0.5790             	60.0000            	0.0000             	0.0000             	0.0000             
23                 	2021-01-29 13:19:52	216.0000           	26.6300            	3.3760             	5.7521             	4.6610             	0.5860             	60.0100            	0.0000             	0.0000             	0.0000             
24                 	2021-01-29 13:19:53	216.0000           	27.3700            	3.4460             	5.9119             	4.8075             	0.5820             	60.0100            	0.0000             	0.0000             	0.0000             
25                 	2021-01-29 13:19:54	216.1000           	26.6400            	3.3750             	5.7569             	4.6649             	0.5860             	59.9900            	0.0000             	0.0000             	0.0000             
26                 	2021-01-29 13:19:55	216.0000           	26.5800            	3.3710             	5.7413             	4.6522             	0.5860             	59.9900            	0.0000             	0.0000             	0.0000             
27                 	2021-01-29 13:19:56	216.0000           	27.6600            	3.4660             	5.9746             	4.8670             	0.5800             	59.9900            	0.0000             	0.0000             	0.0000             
28                 	2021-01-29 13:19:58	216.0000           	26.7300            	3.3760             	5.7737             	4.6868             	0.5840             	60.0000            	0.0000             	0.0000             	0.0000             
29                 	2021-01-29 13:19:59	216.1000           	27.6300            	3.4610             	5.9708             	4.8682             	0.5790             	60.0000            	0.0000             	0.0000             	0.0000             
30                 	2021-01-29 13:20:00	216.0000           	26.6000            	3.3680             	5.7456             	4.6599             	0.5850             	60.0000            	0.0000             	0.0000             	0.0000             
31                 	2021-01-29 13:20:01	216.0000           	26.6100            	3.3680             	5.7478             	4.6616             	0.5850             	60.0000            	0.0000             	0.0000             	0.0000             
32                 	2021-01-29 13:20:02	215.9000           	17.3900            	2.1770             	3.7545             	3.0611             	0.5790             	60.0000            	0.0000             	0.0000             	0.0000             
33                 	2021-01-29 13:20:03	216.0000           	26.3600            	3.3320             	5.6938             	4.6219             	0.5840             	60.0000            	0.0000             	0.0000             	0.0000             
34                 	2021-01-29 13:20:04	216.1000           	36.8500            	4.5540             	7.9633             	6.5375             	0.5710             	60.0000            	0.0000             	0.0000             	0.0000             
35                 	2021-01-29 13:20:05	216.0000           	36.8100            	4.5570             	7.9510             	6.5218             	0.5720             	60.0000            	0.0000             	0.0000             	0.0000             
36                 	2021-01-29 13:20:07	215.9000           	36.7600            	4.5580             	7.9365             	6.4988             	0.5740             	60.0000            	0.0000             	0.0000             	0.0000             
37                 	2021-01-29 13:20:08	215.9000           	36.8500            	4.5580             	7.9559             	6.5259             	0.5720             	60.0000            	0.0000             	0.0000             	0.0000             
38                 	2021-01-29 13:20:09	215.9000           	36.8400            	4.5630             	7.9538             	6.5185             	0.5730             	60.0000            	0.0000             	0.0000             	0.0000             
39                 	2021-01-29 13:20:10	215.9000           	36.8300            	4.5570             	7.9516             	6.5223             	0.5720             	60.0000            	0.0000             	0.0000             	0.0000             
40                 	2021-01-29 13:20:11	216.0000           	36.9100            	4.5670             	7.9726             	6.5395             	0.5720             	60.0000            	0.0000             	0.0000             	0.0000             
41                 	2021-01-29 13:20:12	215.9000           	36.8100            	4.5570             	7.9473             	6.5132             	0.5730             	60.0000            	0.0000             	0.0000             	0.0000             
42                 	2021-01-29 13:20:13	215.9000           	33.0500            	4.1100             	7.1355             	5.8379             	0.5750             	60.0000            	0.0000             	0.0000             	0.0000             
43                 	2021-01-29 13:20:14	215.8000           	26.8800            	3.3700             	5.8007             	4.7253             	0.5800             	60.0000            	0.0000             	0.0000             	0.0000             
44                 	2021-01-29 13:20:15	216.0000           	27.8200            	3.4680             	6.0091             	4.9122             	0.5760             	60.0100            	0.0000             	0.0000             	0.0000             
45                 	2021-01-29 13:20:16	215.7000           	26.8000            	3.3760             	5.7808             	4.6967             	0.5830             	60.0000            	0.0000             	0.0000             	0.0000             
46                 	2021-01-29 13:20:18	215.7000           	26.8600            	3.3650             	5.7937             	4.7196             	0.5800             	60.0100            	0.0000             	0.0000             	0.0000             
47                 	2021-01-29 13:20:19	215.7000           	27.7700            	3.4680             	5.9900             	4.8838             	0.5790             	60.0100            	0.0000             	0.0000             	0.0000             
48                 	2021-01-29 13:20:20	215.7000           	26.9000            	3.3670             	5.8023             	4.7267             	0.5800             	60.0100            	0.0000             	0.0000             	0.0000             
49                 	2021-01-29 13:20:21	215.6000           	26.8100            	3.3690             	5.7802             	4.7004             	0.5820             	60.0100            	0.0000             	0.0000             	0.0000             
50                 	2021-01-29 13:20:22	215.6000           	27.9400            	3.4820             	6.0239             	4.9200             	0.5770             	60.0100            	0.0000             	0.0000             	0.0000             
51                 	2021-01-29 13:20:23	215.7000           	26.8300            	3.3680             	5.7872             	4.7102             	0.5810             	60.0100            	0.0000             	0.0000             	0.0000             
52                 	2021-01-29 13:20:24	215.6000           	25.3500            	3.1420             	5.4655             	4.4754             	0.5740             	60.0100            	0.0000             	0.0000             	0.0000             
53                 	2021-01-29 13:20:25	215.7000           	28.9700            	3.5950             	6.2488             	5.1125             	0.5750             	60.0100            	0.0000             	0.0000             	0.0000             
54                 	2021-01-29 13:20:26	215.8000           	36.9300            	4.5590             	7.9695             	6.5426             	0.5710             	60.0100            	0.0000             	0.0000             	0.0000             
55                 	2021-01-29 13:20:27	215.8000           	36.9300            	4.5560             	7.9695             	6.5426             	0.5710             	60.0100            	0.0000             	0.0000             	0.0000             
56                 	2021-01-29 13:20:29	215.9000           	36.9300            	4.5540             	7.9732             	6.5456             	0.5710             	60.0100            	0.0000             	0.0000             	0.0000             
57                 	2021-01-29 13:20:30	215.9000           	37.0100            	4.5600             	7.9905             	6.5653             	0.5700             	60.0200            	0.0000             	0.0000             	0.0000             
58                 	2021-01-29 13:20:31	216.1000           	37.0000            	4.5600             	7.9957             	6.5696             	0.5700             	60.0200            	0.0000             	0.0000             	0.0000             
59                 	2021-01-29 13:20:32	215.8000           	37.0800            	4.5530             	8.0019             	6.5858             	0.5680             	60.0200            	0.0000             	0.0000             	0.0000             
60                 	2021-01-29 13:20:33	215.8000           	37.2400            	4.5710             	8.0364             	6.6142             	0.5680             	60.0100            	0.0000             	0.0000             	0.0000             
61                 	2021-01-29 13:20:34	215.9000           	37.1100            	4.5730             	8.0120             	6.5831             	0.5700             	60.0200            	0.0000             	0.0000             	0.0000             
62                 	2021-01-29 13:20:35	215.8000           	33.3500            	4.1400             	7.1969             	5.8882             	0.5750             	60.0200            	0.0000             	0.0000             	0.0000             
63                 	2021-01-29 13:20:36	216.0000           	26.7300            	3.3640             	5.7737             	4.6951             	0.5820             	60.0200            	0.0000             	0.0000             	0.0000             
64                 	2021-01-29 13:20:37	215.9000           	26.7500            	3.3730             	5.7753             	4.6923             	0.5830             	60.0100            	0.0000             	0.0000             	0.0000             
65                 	2021-01-29 13:20:38	216.2000           	27.6400            	3.4590             	5.9758             	4.8764             	0.5780             	60.0300            	0.0000             	0.0000             	0.0000             
66                 	2021-01-29 13:20:40	216.1000           	26.8400            	3.3810             	5.8001             	4.7166             	0.5820             	60.0200            	0.0000             	0.0000             	0.0000             
67                 	2021-01-29 13:20:41	216.1000           	27.7500            	3.4760             	5.9968             	4.8893             	0.5790             	60.0200            	0.0000             	0.0000             	0.0000             
68                 	2021-01-29 13:20:42	216.2000           	26.7300            	3.3780             	5.7790             	4.6911             	0.5840             	60.0200            	0.0000             	0.0000             	0.0000             
69                 	2021-01-29 13:20:43	216.1000           	26.7400            	3.3680             	5.7785             	4.6990             	0.5820             	60.0200            	0.0000             	0.0000             	0.0000             
70                 	2021-01-29 13:20:44	216.1000           	27.6600            	3.4590             	5.9773             	4.8777             	0.5780             	60.0200            	0.0000             	0.0000             	0.0000             
71                 	2021-01-29 13:20:45	216.2000           	26.5800            	3.3630             	5.7466             	4.6607             	0.5850             	60.0200            	0.0000             	0.0000             	0.0000             
72                 	2021-01-29 13:20:46	216.1000           	26.6500            	3.3520             	5.7591             	4.6873             	0.5810             	60.0200            	0.0000             	0.0000             	0.0000             
73                 	2021-01-29 13:20:47	216.1000           	26.4900            	3.3300             	5.7245             	4.6592             	0.5810             	60.0200            	0.0000             	0.0000             	0.0000             
74                 	2021-01-29 13:20:48	215.8000           	37.0600            	4.5570             	7.9975             	6.5767             	0.5690             	60.0100            	0.0000             	0.0000             	0.0000             
75                 	2021-01-29 13:20:50	216.0000           	37.4100            	4.5970             	8.0806             	6.6505             	0.5680             	60.0100            	0.0000             	0.0000             	0.0000             
76                 	2021-01-29 13:20:51	216.0000           	37.0100            	4.5580             	7.9942             	6.5739             	0.5690             	60.0100            	0.0000             	0.0000             	0.0000             
77                 	2021-01-29 13:20:52	215.9000           	37.1400            	4.5650             	8.0185             	6.5939             	0.5690             	60.0100            	0.0000             	0.0000             	0.0000             
78                 	2021-01-29 13:20:53	215.9000           	37.1100            	4.5590             	8.0120             	6.5941             	0.5680             	60.0200            	0.0000             	0.0000             	0.0000             
79                 	2021-01-29 13:20:54	216.0000           	39.1000            	4.7780             	8.4456             	6.9684             	0.5650             	60.0100            	0.0000             	0.0000             	0.0000             
80                 	2021-01-29 13:20:55	216.1000           	38.1300            	4.6750             	8.2399             	6.7873             	0.5670             	60.0100            	0.0000             	0.0000             	0.0000             
81                 	2021-01-29 13:20:56	216.1000           	38.1000            	4.6750             	8.2334             	6.7820             	0.5670             	60.0200            	0.0000             	0.0000             	0.0000             
82                 	2021-01-29 13:20:57	216.0000           	32.8000            	4.0930             	7.0848             	5.7865             	0.5770             	60.0100            	0.0000             	0.0000             	0.0000             
83                 	2021-01-29 13:20:58	216.1000           	26.7200            	3.3800             	5.7742             	4.6831             	0.5850             	60.0100            	0.0000             	0.0000             	0.0000             
84                 	2021-01-29 13:21:00	216.1000           	27.4700            	3.4590             	5.9363             	4.8273             	0.5820             	60.0100            	0.0000             	0.0000             	0.0000             
85                 	2021-01-29 13:21:01	215.9000           	27.3400            	3.4340             	5.9027             	4.8042             	0.5810             	60.0100            	0.0000             	0.0000             	0.0000             
86                 	2021-01-29 13:21:02	215.9000           	27.6700            	3.4660             	5.9740             	4.8707             	0.5790             	60.0100            	0.0000             	0.0000             	0.0000             
87                 	2021-01-29 13:21:03	215.6000           	27.2200            	3.4300             	5.8686             	4.7639             	0.5840             	60.0100            	0.0000             	0.0000             	0.0000             
88                 	2021-01-29 13:21:04	215.7000           	27.7400            	3.4660             	5.9835             	4.8828             	0.5780             	60.0000            	0.0000             	0.0000             	0.0000             
89                 	2021-01-29 13:21:05	215.8000           	26.7300            	3.3760             	5.7683             	4.6783             	0.5850             	60.0000            	0.0000             	0.0000             	0.0000             
90                 	2021-01-29 13:21:06	215.7000           	26.7000            	3.3690             	5.7592             	4.6750             	0.5840             	59.9900            	0.0000             	0.0000             	0.0000             
91                 	2021-01-29 13:21:07	215.5000           	22.8200            	2.7940             	4.9177             	4.0474             	0.5680             	59.9900            	0.0000             	0.0000             	0.0000             
92                 	2021-01-29 13:21:09	215.8000           	26.3500            	3.3290             	5.6863             	4.6118             	0.5850             	60.0000            	0.0000             	0.0000             	0.0000             
93                 	2021-01-29 13:21:10	215.8000           	37.5200            	4.6280             	8.0968             	6.6471             	0.5710             	59.9800            	0.0000             	0.0000             	0.0000             
94                 	2021-01-29 13:21:11	215.6000           	37.4800            	4.6180             	8.0807             	6.6338             	0.5710             	60.0000            	0.0000             	0.0000             	0.0000             
95                 	2021-01-29 13:21:12	215.8000           	37.1100            	4.5680             	8.0083             	6.5800             	0.5700             	60.0000            	0.0000             	0.0000             	0.0000             
96                 	2021-01-29 13:21:13	215.9000           	37.0500            	4.5560             	7.9991             	6.5780             	0.5690             	60.0000            	0.0000             	0.0000             	0.0000             
97                 	2021-01-29 13:21:14	215.6000           	37.1300            	4.5540             	8.0052             	6.5885             	0.5680             	60.0000            	0.0000             	0.0000             	0.0000             
98                 	2021-01-29 13:21:15	215.7000           	37.1300            	4.5590             	8.0089             	6.5861             	0.5690             	60.0000            	0.0000             	0.0000             	0.0000             
99                 	2021-01-29 13:21:17	215.9000           	37.1700            	4.5590             	8.0250             	6.6103             	0.5670             	60.0000            	0.0000             	0.0000             	0.0000             
100                	2021-01-29 13:21:18	215.8000           	37.1000            	4.5570             	8.0062             	6.5893             	0.5680             	60.0100            	0.0000             	0.0000             	0.0000             
101                	2021-01-29 13:21:19	215.9000           	33.3700            	4.1370             	7.2046             	5.8995             	0.5740             	59.9800            	0.0000             	0.0000             	0.0000             
102                	2021-01-29 13:21:20	215.9000           	26.8400            	3.3740             	5.7948             	4.7122             	0.5820             	59.9800            	0.0000             	0.0000             	0.0000             
103                	2021-01-29 13:21:21	215.9000           	26.8300            	3.3730             	5.7926             	4.7105             	0.5820             	60.0100            	0.0000             	0.0000             	0.0000             
104                	2021-01-29 13:21:22	215.5000           	27.5700            	3.4390             	5.9413             	4.8483             	0.5780             	60.0100            	0.0000             	0.0000             	0.0000             
105                	2021-01-29 13:21:23	215.5000           	26.8500            	3.3750             	5.7862             	4.7011             	0.5830             	60.0100            	0.0000             	0.0000             	0.0000             
106                	2021-01-29 13:21:24	215.5000           	27.7600            	3.4610             	5.9823             	4.8818             	0.5780             	60.0100            	0.0000             	0.0000             	0.0000             
107                	2021-01-29 13:21:25	215.5000           	27.5100            	3.4540             	5.9284             	4.8209             	0.5820             	60.0100            	0.0000             	0.0000             	0.0000             
108                	2021-01-29 13:21:26	215.6000           	26.6800            	3.3760             	5.7522             	4.6611             	0.5860             	60.0100            	0.0000             	0.0000             	0.0000             
109                	2021-01-29 13:21:27	215.6000           	27.6300            	3.4770             	5.9570             	4.8399             	0.5830             	60.0100            	0.0000             	0.0000             	0.0000             
110                	2021-01-29 13:21:28	215.6000           	27.5400            	3.4610             	5.9376             	4.8284             	0.5820             	60.0100            	0.0000             	0.0000             	0.0000             
111                	2021-01-29 13:21:30	215.6000           	26.3600            	3.3390             	5.6832             	4.6011             	0.5870             	60.0100            	0.0000             	0.0000             	0.0000             
112                	2021-01-29 13:21:31	215.6000           	26.2700            	3.3340             	5.6638             	4.5812             	0.5880             	60.0100            	0.0000             	0.0000             	0.0000             
113                	2021-01-29 13:21:32	215.6000           	37.5700            	4.6310             	8.1001             	6.6498             	0.5710             	60.0100            	0.0000             	0.0000             	0.0000             
114                	2021-01-29 13:21:33	215.5000           	36.8800            	4.5600             	7.9476             	6.5135             	0.5730             	60.0100            	0.0000             	0.0000             	0.0000             
115                	2021-01-29 13:21:34	215.5000           	36.8300            	4.5560             	7.9369             	6.5047             	0.5730             	60.0000            	0.0000             	0.0000             	0.0000             
116                	2021-01-29 13:21:35	215.5000           	36.9000            	4.5660             	7.9519             	6.5171             	0.5730             	60.0000            	0.0000             	0.0000             	0.0000             
117                	2021-01-29 13:21:37	215.5000           	36.8200            	4.5560             	7.9347             	6.4974             	0.5740             	60.0000            	0.0000             	0.0000             	0.0000             
118                	2021-01-29 13:21:38	215.4000           	36.8300            	4.5650             	7.9332             	6.4906             	0.5750             	60.0000            	0.0000             	0.0000             	0.0000             
119                	2021-01-29 13:21:39	215.5000           	36.7600            	4.5530             	7.9218             	6.4868             	0.5740             	60.0000            	0.0000             	0.0000             	0.0000             
120                	2021-01-29 13:21:40	215.6000           	36.8800            	4.5690             	7.9513             	6.5110             	0.5740             	60.0000            	0.0000             	0.0000             	0.0000             
121                	2021-01-29 13:21:41	215.6000           	32.5700            	4.0920             	7.0221             	5.7103             	0.5820             	60.0000            	0.0000             	0.0000             	0.0000             
122                	2021-01-29 13:21:42	215.6000           	26.4600            	3.3650             	5.7048             	4.6102             	0.5890             	60.0000            	0.0000             	0.0000             	0.0000             
123                	2021-01-29 13:21:43	215.5000           	27.4900            	3.4520             	5.9241             	4.8174             	0.5820             	60.0000            	0.0000             	0.0000             	0.0000             
124                	2021-01-29 13:21:44	215.7000           	26.6100            	3.3690             	5.7398             	4.6510             	0.5860             	60.0100            	0.0000             	0.0000             	0.0000             
125                	2021-01-29 13:21:45	215.6000           	27.5100            	3.4680             	5.9312             	4.8146             	0.5840             	60.0000            	0.0000             	0.0000             	0.0000             
126                	2021-01-29 13:21:46	215.6000           	27.4700            	3.4560             	5.9225             	4.8119             	0.5830             	60.0000            	0.0000             	0.0000             	0.0000             
127                	2021-01-29 13:21:47	215.6000           	26.7600            	3.3910             	5.7695             	4.6709             	0.5870             	60.0000            	0.0000             	0.0000             	0.0000             
128                	2021-01-29 13:21:48	215.7000           	27.6200            	3.4670             	5.9576             	4.8489             	0.5810             	60.0000            	0.0000             	0.0000             	0.0000             
129                	2021-01-29 13:21:50	215.7000           	26.6700            	3.3720             	5.7527             	4.6656             	0.5850             	60.0000            	0.0000             	0.0000             	0.0000             
130                	2021-01-29 13:21:51	215.7000           	21.9600            	2.6840             	4.7368             	3.9050             	0.5660             	60.0000            	0.0000             	0.0000             	0.0000             
131                	2021-01-29 13:21:52	215.7000           	26.5200            	3.3430             	5.7204             	4.6435             	0.5840             	60.0000            	0.0000             	0.0000             	0.0000             
132                	2021-01-29 13:21:53	215.9000           	34.4300            	4.2220             	7.4334             	6.1231             	0.5670             	60.0000            	0.0000             	0.0000             	0.0000             
133                	2021-01-29 13:21:54	215.8000           	37.4900            	4.6340             	8.0903             	6.6361             	0.5720             	60.0000            	0.0000             	0.0000             	0.0000             
134                	2021-01-29 13:21:55	216.0000           	37.0000            	4.5690             	7.9920             	6.5610             	0.5710             	60.0000            	0.0000             	0.0000             	0.0000             
135                	2021-01-29 13:21:56	215.8000           	36.9100            	4.5600             	7.9652             	6.5335             	0.5720             	60.0000            	0.0000             	0.0000             	0.0000             
136                	2021-01-29 13:21:57	215.9000           	36.8400            	4.5520             	7.9538             	6.5241             	0.5720             	60.0000            	0.0000             	0.0000             	0.0000             
137                	2021-01-29 13:21:58	215.9000           	36.8000            	4.5590             	7.9451             	6.5115             	0.5730             	59.9900            	0.0000             	0.0000             	0.0000             
138                	2021-01-29 13:22:00	215.7000           	36.7900            	4.5580             	7.9356             	6.4981             	0.5740             	59.9800            	0.0000             	0.0000             	0.0000             
139                	2021-01-29 13:22:01	215.7000           	36.9900            	4.5690             	7.9787             	6.5446             	0.5720             	59.9900            	0.0000             	0.0000             	0.0000             
140                	2021-01-29 13:22:02	215.6000           	32.9900            	4.1090             	7.1126             	5.8092             	0.5770             	59.9900            	0.0000             	0.0000             	0.0000             
141                	2021-01-29 13:22:03	215.5000           	26.7400            	3.3710             	5.7625             	4.6777             	0.5840             	59.9900            	0.0000             	0.0000             	0.0000             
142                	2021-01-29 13:22:04	215.6000           	26.7600            	3.3760             	5.7695             	4.6792             	0.5850             	59.9900            	0.0000             	0.0000             	0.0000             
143                	2021-01-29 13:22:05	215.5000           	26.7500            	3.3700             	5.7646             	4.6795             	0.5840             	59.9800            	0.0000             	0.0000             	0.0000             
144                	2021-01-29 13:22:06	215.6000           	26.6600            	3.3690             	5.7479             	4.6576             	0.5860             	59.9800            	0.0000             	0.0000             	0.0000             
145                	2021-01-29 13:22:07	215.7000           	27.4100            	3.4410             	5.9123             	4.8121             	0.5810             	59.9900            	0.0000             	0.0000             	0.0000             
146                	2021-01-29 13:22:08	215.6000           	26.8300            	3.3860             	5.7845             	4.6915             	0.5850             	59.9900            	0.0000             	0.0000             	0.0000             
147                	2021-01-29 13:22:09	215.7000           	26.6500            	3.3580             	5.7484             	4.6663             	0.5840             	59.9800            	0.0000             	0.0000             	0.0000             
148                	2021-01-29 13:22:10	215.6000           	26.7400            	3.3620             	5.7651             	4.6882             	0.5820             	59.9800            	0.0000             	0.0000             	0.0000             
149                	2021-01-29 13:22:11	215.7000           	27.7800            	3.4690             	5.9921             	4.8898             	0.5780             	59.9800            	0.0000             	0.0000             	0.0000             
150                	2021-01-29 13:22:12	215.6000           	26.6500            	3.3560             	5.7457             	4.6641             	0.5840             	59.9800            	0.0000             	0.0000             	0.0000             
151                	2021-01-29 13:22:13	215.6000           	26.5300            	3.3350             	5.7199             	4.6554             	0.5810             	59.9800            	0.0000             	0.0000             	0.0000             
152                	2021-01-29 13:22:14	215.6000           	26.5900            	3.3330             	5.7328             	4.6659             	0.5810             	59.9800            	0.0000             	0.0000             	0.0000             
153                	2021-01-29 13:22:16	215.9000           	38.2300            	4.6620             	8.2539             	6.8158             	0.5640             	59.9900            	0.0000             	0.0000             	0.0000             
154                	2021-01-29 13:22:17	215.9000           	37.2600            	4.5650             	8.0444             	6.6263             	0.5670             	59.9800            	0.0000             	0.0000             	0.0000             
155                	2021-01-29 13:22:18	215.8000           	38.3500            	4.6870             	8.2759             	6.8227             	0.5660             	59.9800            	0.0000             	0.0000             	0.0000             
156                	2021-01-29 13:22:19	215.9000           	38.4100            	4.6830             	8.2927             	6.8479             	0.5640             	59.9900            	0.0000             	0.0000             	0.0000             
157                	2021-01-29 13:22:20	216.0000           	38.4600            	4.6850             	8.3074             	6.8657             	0.5630             	59.9900            	0.0000             	0.0000             	0.0000             
158                	2021-01-29 13:22:21	216.0000           	38.1400            	4.6790             	8.2382             	6.7860             	0.5670             	59.9800            	0.0000             	0.0000             	0.0000             
159                	2021-01-29 13:22:22	216.0000           	37.2500            	4.5650             	8.0460             	6.6276             	0.5670             	59.9800            	0.0000             	0.0000             	0.0000             
160                	2021-01-29 13:22:23	215.8000           	32.9900            	4.0960             	7.1192             	5.8246             	0.5750             	59.9800            	0.0000             	0.0000             	0.0000             
161                	2021-01-29 13:22:25	215.8000           	27.8900            	3.4830             	6.0187             	4.9114             	0.5780             	59.9600            	0.0000             	0.0000             	0.0000             
162                	2021-01-29 13:22:26	215.9000           	26.7900            	3.3760             	5.7840             	4.6993             	0.5830             	59.9600            	0.0000             	0.0000             	0.0000             
163                	2021-01-29 13:22:27	215.9000           	26.7700            	3.3830             	5.7796             	4.6875             	0.5850             	59.9800            	0.0000             	0.0000             	0.0000             
164                	2021-01-29 13:22:28	215.9000           	27.7200            	3.4780             	5.9847             	4.8753             	0.5800             	59.9800            	0.0000             	0.0000             	0.0000             
165                	2021-01-29 13:22:29	215.9000           	26.7100            	3.3630             	5.7667             	4.6853             	0.5830             	59.9800            	0.0000             	0.0000             	0.0000             
166                	2021-01-29 13:22:30	215.8000           	27.4900            	3.4490             	5.9323             	4.8284             	0.5810             	59.9800            	0.0000             	0.0000             	0.0000             
167                	2021-01-29 13:22:31	215.9000           	26.6900            	3.3700             	5.7624             	4.6776             	0.5840             	59.9900            	0.0000             	0.0000             	0.0000             
168                	2021-01-29 13:22:32	215.8000           	26.7100            	3.3800             	5.7640             	4.6706             	0.5860             	59.9900            	0.0000             	0.0000             	0.0000             
169                	2021-01-29 13:22:33	215.9000           	27.8500            	3.4780             	6.0128             	4.9067             	0.5780             	59.9900            	0.0000             	0.0000             	0.0000             
170                	2021-01-29 13:22:34	216.0000           	26.6800            	3.3580             	5.7629             	4.6863             	0.5820             	59.9900            	0.0000             	0.0000             	0.0000             
171                	2021-01-29 13:22:35	216.1000           	31.8000            	3.8890             	6.8720             	5.6700             	0.5650             	60.0000            	0.0000             	0.0000             	0.0000             
172                	2021-01-29 13:22:36	216.0000           	37.1000            	4.5640             	8.0136             	6.5899             	0.5690             	60.0000            	0.0000             	0.0000             	0.0000             
173                	2021-01-29 13:22:38	216.1000           	37.1200            	4.5620             	8.0216             	6.6020             	0.5680             	60.0000            	0.0000             	0.0000             	0.0000             
174                	2021-01-29 13:22:39	216.1000           	37.1500            	4.5680             	8.0281             	6.6074             	0.5680             	60.0000            	0.0000             	0.0000             	0.0000             
175                	2021-01-29 13:22:40	216.2000           	37.7500            	4.6290             	8.1616             	6.7228             	0.5670             	60.0100            	0.0000             	0.0000             	0.0000             
176                	2021-01-29 13:22:41	216.4000           	37.0900            	4.5650             	8.0263             	6.6059             	0.5680             	60.0200            	0.0000             	0.0000             	0.0000             
177                	2021-01-29 13:22:42	216.2000           	37.0500            	4.5620             	8.0102             	6.5871             	0.5690             	60.0100            	0.0000             	0.0000             	0.0000             
178                	2021-01-29 13:22:43	216.2000           	37.0100            	4.5630             	8.0016             	6.5744             	0.5700             	60.0200            	0.0000             	0.0000             	0.0000             
179                	2021-01-29 13:22:44	216.1000           	36.3600            	4.4860             	7.8574             	6.4560             	0.5700             	60.0200            	0.0000             	0.0000             	0.0000             
180                	2021-01-29 13:22:45	216.0000           	32.3600            	4.0090             	6.9898             	5.7285             	0.5730             	60.0200            	0.0000             	0.0000             	0.0000             
181                	2021-01-29 13:22:47	216.0000           	27.1300            	3.4010             	5.8601             	4.7737             	0.5800             	60.0100            	0.0000             	0.0000             	0.0000             
182                	2021-01-29 13:22:48	216.0000           	27.9000            	3.4660             	6.0264             	4.9305             	0.5750             	60.0100            	0.0000             	0.0000             	0.0000             
183                	2021-01-29 13:22:49	216.0000           	27.4100            	3.4440             	5.9206             	4.8188             	0.5810             	60.0100            	0.0000             	0.0000             	0.0000             
184                	2021-01-29 13:22:50	216.0000           	27.8100            	3.4700             	6.0070             	4.9061             	0.5770             	60.0200            	0.0000             	0.0000             	0.0000             
185                	2021-01-29 13:22:51	215.8000           	26.6900            	3.3610             	5.7597             	4.6796             	0.5830             	60.0200            	0.0000             	0.0000             	0.0000             
186                	2021-01-29 13:22:52	215.9000           	26.7100            	3.3650             	5.7667             	4.6853             	0.5830             	60.0200            	0.0000             	0.0000             	0.0000             
187                	2021-01-29 13:22:53	215.9000           	27.6100            	3.4600             	5.9610             	4.8559             	0.5800             	60.0200            	0.0000             	0.0000             	0.0000             
188                	2021-01-29 13:22:54	215.9000           	28.8400            	3.5930             	6.2266             	5.0855             	0.5770             	60.0200            	0.0000             	0.0000             	0.0000             
189                	2021-01-29 13:22:55	215.9000           	28.4700            	3.5380             	6.1467             	5.0289             	0.5750             	60.0200            	0.0000             	0.0000             	0.0000             
190                	2021-01-29 13:22:57	216.0000           	26.4900            	3.3340             	5.7218             	4.6529             	0.5820             	60.0100            	0.0000             	0.0000             	0.0000             
191                	2021-01-29 13:22:58	215.8000           	37.2400            	4.5670             	8.0364             	6.6197             	0.5670             	60.0100            	0.0000             	0.0000             	0.0000             
192                	2021-01-29 13:22:59	215.9000           	37.1000            	4.5620             	8.0099             	6.5868             	0.5690             	60.0100            	0.0000             	0.0000             	0.0000             
193                	2021-01-29 13:23:00	215.7000           	37.5700            	4.6130             	8.1038             	6.6697             	0.5680             	60.0200            	0.0000             	0.0000             	0.0000             
194                	2021-01-29 13:23:01	215.7000           	37.2100            	4.5740             	8.0262             	6.6002             	0.5690             	60.0100            	0.0000             	0.0000             	0.0000             
195                	2021-01-29 13:23:02	215.7000           	37.1700            	4.5750             	8.0176             	6.5876             	0.5700             	60.0200            	0.0000             	0.0000             	0.0000             
196                	2021-01-29 13:23:03	216.1000           	36.9900            	4.5560             	7.9935             	6.5734             	0.5690             	60.0200            	0.0000             	0.0000             	0.0000             
197                	2021-01-29 13:23:04	216.1000           	37.1200            	4.5590             	8.0216             	6.6020             	0.5680             	60.0200            	0.0000             	0.0000             	0.0000             
198                	2021-01-29 13:23:06	216.2000           	37.1300            	4.5610             	8.0275             	6.6069             	0.5680             	60.0200            	0.0000             	0.0000             	0.0000             
199                	2021-01-29 13:23:07	216.0000           	34.8200            	4.2740             	7.5211             	6.1901             	0.5680             	60.0100            	0.0000             	0.0000             	0.0000             
200                	2021-01-29 13:23:08	214.6000           	33.4100            	4.1000             	7.1698             	5.8860             	0.5710             	60.0100            	0.0000             	0.0000             	0.0000             
201                	2021-01-29 13:23:09	214.7000           	27.9800            	3.4620             	6.0073             	4.9107             	0.5760             	60.0100            	0.0000             	0.0000             	0.0000             
202                	2021-01-29 13:23:10	214.7000           	28.0700            	3.4530             	6.0266             	4.9434             	0.5720             	60.0000            	0.0000             	0.0000             	0.0000             
203                	2021-01-29 13:23:11	214.7000           	27.0100            	3.3680             	5.7990             	4.7240             	0.5800             	60.0000            	0.0000             	0.0000             	0.0000             
204                	2021-01-29 13:23:12	214.7000           	27.0300            	3.3650             	5.8033             	4.7316             	0.5790             	60.0100            	0.0000             	0.0000             	0.0000             
205                	2021-01-29 13:23:13	214.5000           	28.1900            	3.4750             	6.0468             	4.9514             	0.5740             	60.0000            	0.0000             	0.0000             	0.0000             
206                	2021-01-29 13:23:14	214.6000           	27.1700            	3.3690             	5.8307             	4.7622             	0.5770             	60.0200            	0.0000             	0.0000             	0.0000             
207                	2021-01-29 13:23:16	214.5000           	28.0400            	3.4610             	6.0146             	4.9208             	0.5750             	59.9900            	0.0000             	0.0000             	0.0000             
208                	2021-01-29 13:23:17	214.3000           	33.9600            	4.1150             	7.2776             	6.0047             	0.5650             	60.0000            	0.0000             	0.0000             	0.0000             
209                	2021-01-29 13:23:18	214.4000           	27.0200            	3.3690             	5.7931             	4.7150             	0.5810             	60.0000            	0.0000             	0.0000             	0.0000             
210                	2021-01-29 13:23:19	214.2000           	26.6700            	3.3280             	5.7127             	4.6455             	0.5820             	60.0000            	0.0000             	0.0000             	0.0000             
211                	2021-01-29 13:23:20	214.1000           	26.6700            	3.3220             	5.7100             	4.6474             	0.5810             	60.0000            	0.0000             	0.0000             	0.0000             
212                	2021-01-29 13:23:21	214.1000           	26.7000            	3.3280             	5.7165             	4.6527             	0.5810             	60.0000            	0.0000             	0.0000             	0.0000             
213                	2021-01-29 13:23:22	214.0000           	26.7300            	3.3270             	5.7202             	4.6557             	0.5810             	59.9900            	0.0000             	0.0000             	0.0000             
214                	2021-01-29 13:23:23	214.0000           	26.7100            	3.3230             	5.7159             	4.6522             	0.5810             	59.9900            	0.0000             	0.0000             	0.0000             
215                	2021-01-29 13:23:24	213.9000           	26.5000            	3.3260             	5.6684             	4.5931             	0.5860             	60.0000            	0.0000             	0.0000             	0.0000             
216                	2021-01-29 13:23:25	213.9000           	26.7000            	3.3280             	5.7111             	4.6442             	0.5820             	60.0000            	0.0000             	0.0000             	0.0000             
