No.                	Time               	Voltage[ V ]       	Current[ mA ]      	Active Power[ W ]  	Apparent Power[ VA ]	Reactive Power[ Var ]	Power Factor[ PF ] 	Frequency[ Hz ]    	Watt Hours[ Wh ]   	CO2[ g ]           	Cost[ Dollar ]     
1                  	2021-01-29 13:24:53	214.2000           	27.7300            	3.5020             	5.9398             	4.8001             	0.5890             	60.0100            	0.0000             	0.0000             	0.0000             
2                  	2021-01-29 13:24:54	214.1000           	39.9800            	4.8940             	8.5597             	7.0271             	0.5710             	60.0200            	0.0000             	0.0000             	0.0000             
3                  	2021-01-29 13:24:55	214.2000           	28.4100            	3.5840             	6.0854             	4.9223             	0.5880             	60.0200            	0.0000             	0.0000             	0.0000             
4                  	2021-01-29 13:24:56	214.4000           	29.1600            	3.6340             	6.2519             	5.0884             	0.5810             	60.0200            	0.0000             	0.0000             	0.0000             
5                  	2021-01-29 13:24:57	214.3000           	27.4400            	3.4380             	5.8804             	4.7734             	0.5840             	60.0200            	0.0000             	0.0000             	0.0000             
6                  	2021-01-29 13:24:58	214.3000           	32.5000            	4.0080             	6.9648             	5.6982             	0.5750             	60.0300            	0.0000             	0.0000             	0.0000             
7                  	2021-01-29 13:25:00	214.2000           	26.6000            	3.3720             	5.6977             	4.5962             	0.5910             	60.0200            	0.0000             	0.0000             	0.0000             
8                  	2021-01-29 13:25:01	214.0000           	26.7300            	3.3710             	5.7202             	4.6227             	0.5890             	60.0100            	0.0000             	0.0000             	0.0000             
9                  	2021-01-29 13:25:02	213.7000           	26.7100            	3.3610             	5.7079             	4.6169             	0.5880             	60.0100            	0.0000             	0.0000             	0.0000             
10                 	2021-01-29 13:25:03	213.9000           	26.6600            	3.3600             	5.7026             	4.6084             	0.5890             	60.0200            	0.0000             	0.0000             	0.0000             
11                 	2021-01-29 13:25:04	213.9000           	28.8500            	3.5930             	6.1710             	5.0182             	0.5820             	60.0200            	0.0000             	0.0000             	0.0000             
12                 	2021-01-29 13:25:05	213.8000           	22.9100            	2.8000             	4.8982             	4.0211             	0.5710             	60.0200            	0.0000             	0.0000             	0.0000             
13                 	2021-01-29 13:25:06	213.9000           	26.4000            	3.3380             	5.6470             	4.5552             	0.5910             	60.0200            	0.0000             	0.0000             	0.0000             
14                 	2021-01-29 13:25:07	213.7000           	36.9100            	4.5570             	7.8877             	6.4422             	0.5770             	60.0200            	0.0000             	0.0000             	0.0000             
15                 	2021-01-29 13:25:08	213.8000           	36.7900            	4.5510             	7.8657             	6.4187             	0.5780             	60.0200            	0.0000             	0.0000             	0.0000             
16                 	2021-01-29 13:25:10	213.7000           	36.7000            	4.5580             	7.8428             	6.3833             	0.5810             	60.0100            	0.0000             	0.0000             	0.0000             
17                 	2021-01-29 13:25:11	213.8000           	36.6900            	4.5630             	7.8443             	6.3845             	0.5810             	60.0100            	0.0000             	0.0000             	0.0000             
18                 	2021-01-29 13:25:12	213.7000           	36.7100            	4.5600             	7.8449             	6.3850             	0.5810             	60.0100            	0.0000             	0.0000             	0.0000             
19                 	2021-01-29 13:25:13	213.8000           	36.5600            	4.5480             	7.8165             	6.3619             	0.5810             	59.9800            	0.0000             	0.0000             	0.0000             
20                 	2021-01-29 13:25:14	213.7000           	36.7700            	4.5630             	7.8577             	6.4011             	0.5800             	60.0000            	0.0000             	0.0000             	0.0000             
21                 	2021-01-29 13:25:15	213.9000           	36.6500            	4.5550             	7.8394             	6.3861             	0.5800             	59.9900            	0.0000             	0.0000             	0.0000             
22                 	2021-01-29 13:25:16	213.8000           	32.9100            	4.1320             	7.0362             	5.6964             	0.5870             	59.9900            	0.0000             	0.0000             	0.0000             
23                 	2021-01-29 13:25:18	213.8000           	26.4900            	3.3640             	5.6636             	4.5603             	0.5930             	59.9800            	0.0000             	0.0000             	0.0000             
24                 	2021-01-29 13:25:19	213.8000           	26.3900            	3.3450             	5.6422             	4.5472             	0.5920             	59.9800            	0.0000             	0.0000             	0.0000             
25                 	2021-01-29 13:25:20	213.5000           	27.5200            	3.4650             	5.8755             	4.7482             	0.5890             	59.9800            	0.0000             	0.0000             	0.0000             
26                 	2021-01-29 13:25:21	213.9000           	26.4300            	3.3600             	5.6534             	4.5479             	0.5940             	59.9800            	0.0000             	0.0000             	0.0000             
27                 	2021-01-29 13:25:22	213.8000           	27.5300            	3.4780             	5.8859             	4.7523             	0.5900             	59.9800            	0.0000             	0.0000             	0.0000             
28                 	2021-01-29 13:25:23	213.8000           	27.5500            	3.4590             	5.8902             	4.7729             	0.5860             	59.9800            	0.0000             	0.0000             	0.0000             
29                 	2021-01-29 13:25:24	213.9000           	26.5200            	3.3600             	5.6726             	4.5718             	0.5920             	59.9700            	0.0000             	0.0000             	0.0000             
30                 	2021-01-29 13:25:25	213.9000           	26.5500            	3.3680             	5.6790             	4.5770             	0.5920             	59.9700            	0.0000             	0.0000             	0.0000             
31                 	2021-01-29 13:25:26	213.9000           	28.0500            	3.5210             	5.9999             	4.8618             	0.5860             	59.9700            	0.0000             	0.0000             	0.0000             
32                 	2021-01-29 13:25:28	213.9000           	26.3000            	3.3330             	5.6256             	4.5339             	0.5920             	59.9800            	0.0000             	0.0000             	0.0000             
33                 	2021-01-29 13:25:29	213.9000           	26.2800            	3.3340             	5.6213             	4.5304             	0.5920             	59.9800            	0.0000             	0.0000             	0.0000             
34                 	2021-01-29 13:25:30	214.0000           	37.6800            	4.6610             	8.0635             	6.5858             	0.5770             	59.9800            	0.0000             	0.0000             	0.0000             
35                 	2021-01-29 13:25:31	214.0000           	37.3200            	4.6230             	7.9865             	6.5173             	0.5780             	59.9900            	0.0000             	0.0000             	0.0000             
36                 	2021-01-29 13:25:32	214.0000           	36.7800            	4.5710             	7.8709             	6.4118             	0.5800             	59.9800            	0.0000             	0.0000             	0.0000             
37                 	2021-01-29 13:25:33	213.9000           	36.7200            	4.5580             	7.8544             	6.3983             	0.5800             	59.9900            	0.0000             	0.0000             	0.0000             
38                 	2021-01-29 13:25:34	214.0000           	36.6400            	4.5570             	7.8410             	6.3818             	0.5810             	59.9800            	0.0000             	0.0000             	0.0000             
39                 	2021-01-29 13:25:35	214.0000           	36.7100            	4.5620             	7.8559             	6.3996             	0.5800             	59.9800            	0.0000             	0.0000             	0.0000             
40                 	2021-01-29 13:25:37	214.0000           	36.8200            	4.5690             	7.8795             	6.4244             	0.5790             	59.9800            	0.0000             	0.0000             	0.0000             
41                 	2021-01-29 13:25:38	213.9000           	33.0300            	4.1350             	7.0651             	5.7300             	0.5850             	59.9900            	0.0000             	0.0000             	0.0000             
42                 	2021-01-29 13:25:39	213.9000           	26.3500            	3.3460             	5.6363             	4.5383             	0.5930             	59.9900            	0.0000             	0.0000             	0.0000             
43                 	2021-01-29 13:25:40	213.9000           	27.4400            	3.4520             	5.8694             	4.7475             	0.5880             	59.9900            	0.0000             	0.0000             	0.0000             
44                 	2021-01-29 13:25:41	213.9000           	26.5800            	3.3620             	5.6855             	4.5863             	0.5910             	59.9900            	0.0000             	0.0000             	0.0000             
45                 	2021-01-29 13:25:42	213.9000           	26.7700            	3.3870             	5.7261             	4.6191             	0.5910             	59.9900            	0.0000             	0.0000             	0.0000             
46                 	2021-01-29 13:25:43	214.0000           	26.5700            	3.3690             	5.6860             	4.5825             	0.5920             	59.9900            	0.0000             	0.0000             	0.0000             
47                 	2021-01-29 13:25:44	213.8000           	26.5700            	3.3630             	5.6807             	4.5824             	0.5910             	59.9900            	0.0000             	0.0000             	0.0000             
48                 	2021-01-29 13:25:45	213.5000           	27.6900            	3.4850             	5.9118             	4.7775             	0.5890             	59.9800            	0.0000             	0.0000             	0.0000             
49                 	2021-01-29 13:25:47	213.6000           	26.5700            	3.3660             	5.6754             	4.5740             	0.5920             	59.9900            	0.0000             	0.0000             	0.0000             
50                 	2021-01-29 13:25:48	213.6000           	27.3800            	3.4370             	5.8484             	4.7348             	0.5870             	59.9800            	0.0000             	0.0000             	0.0000             
51                 	2021-01-29 13:25:49	213.7000           	21.1100            	2.5910             	4.5112             	3.6940             	0.5740             	59.9800            	0.0000             	0.0000             	0.0000             
52                 	2021-01-29 13:25:50	213.9000           	26.4500            	3.3450             	5.6577             	4.5639             	0.5910             	59.9800            	0.0000             	0.0000             	0.0000             
53                 	2021-01-29 13:25:51	213.9000           	36.8100            	4.5640             	7.8737             	6.4196             	0.5790             	59.9800            	0.0000             	0.0000             	0.0000             
54                 	2021-01-29 13:25:52	213.9000           	36.8700            	4.5660             	7.8865             	6.4357             	0.5780             	59.9800            	0.0000             	0.0000             	0.0000             
55                 	2021-01-29 13:25:53	214.4000           	36.3000            	4.5650             	7.7827             	6.3064             	0.5860             	59.9800            	0.0000             	0.0000             	0.0000             
56                 	2021-01-29 13:25:54	214.5000           	36.8000            	4.6150             	7.8936             	6.4077             	0.5840             	59.9900            	0.0000             	0.0000             	0.0000             
57                 	2021-01-29 13:25:55	214.5000           	36.3000            	4.5670             	7.7863             	6.3094             	0.5860             	59.9900            	0.0000             	0.0000             	0.0000             
58                 	2021-01-29 13:25:57	214.5000           	36.2900            	4.5680             	7.7842             	6.3076             	0.5860             	59.9800            	0.0000             	0.0000             	0.0000             
59                 	2021-01-29 13:25:58	214.4000           	36.8500            	4.6240             	7.9006             	6.4134             	0.5840             	59.9800            	0.0000             	0.0000             	0.0000             
60                 	2021-01-29 13:25:59	214.4000           	36.3500            	4.5720             	7.7934             	6.3151             	0.5860             	59.9800            	0.0000             	0.0000             	0.0000             
61                 	2021-01-29 13:26:00	214.3000           	32.1500            	4.0990             	6.8897             	5.5426             	0.5940             	59.9900            	0.0000             	0.0000             	0.0000             
62                 	2021-01-29 13:26:01	214.3000           	26.3300            	3.3730             	5.6425             	4.5267             	0.5970             	59.9900            	0.0000             	0.0000             	0.0000             
63                 	2021-01-29 13:26:02	214.4000           	26.2700            	3.3660             	5.6323             	4.5185             	0.5970             	59.9900            	0.0000             	0.0000             	0.0000             
64                 	2021-01-29 13:26:03	214.1000           	26.9800            	3.4310             	5.7764             	4.6512             	0.5930             	59.9900            	0.0000             	0.0000             	0.0000             
65                 	2021-01-29 13:26:04	214.5000           	26.4900            	3.3990             	5.6821             	4.5542             	0.5980             	59.9900            	0.0000             	0.0000             	0.0000             
66                 	2021-01-29 13:26:05	214.4000           	27.1200            	3.4630             	5.8145             	4.6733             	0.5950             	59.9900            	0.0000             	0.0000             	0.0000             
67                 	2021-01-29 13:26:06	214.3000           	27.1800            	3.4590             	5.8247             	4.6900             	0.5930             	59.9800            	0.0000             	0.0000             	0.0000             
68                 	2021-01-29 13:26:07	214.5000           	26.2000            	3.3650             	5.6199             	4.5043             	0.5980             	59.9900            	0.0000             	0.0000             	0.0000             
69                 	2021-01-29 13:26:08	214.6000           	26.2400            	3.3660             	5.6311             	4.5175             	0.5970             	59.9900            	0.0000             	0.0000             	0.0000             
70                 	2021-01-29 13:26:09	214.6000           	26.2900            	3.3650             	5.6418             	4.5303             	0.5960             	59.9900            	0.0000             	0.0000             	0.0000             
71                 	2021-01-29 13:26:10	214.8000           	17.8800            	2.2520             	3.8406             	3.1121             	0.5860             	60.0000            	0.0000             	0.0000             	0.0000             
72                 	2021-01-29 13:26:11	214.8000           	26.1500            	3.3500             	5.6170             	4.5104             	0.5960             	59.9700            	0.0000             	0.0000             	0.0000             
73                 	2021-01-29 13:26:13	214.8000           	36.9500            	4.6320             	7.9369             	6.4485             	0.5830             	59.9900            	0.0000             	0.0000             	0.0000             
74                 	2021-01-29 13:26:14	214.6000           	36.8900            	4.6170             	7.9166             	6.4320             	0.5830             	59.9900            	0.0000             	0.0000             	0.0000             
75                 	2021-01-29 13:26:15	214.8000           	36.2200            	4.5610             	7.7801             	6.3043             	0.5860             	60.0000            	0.0000             	0.0000             	0.0000             
76                 	2021-01-29 13:26:16	214.7000           	36.2500            	4.5670             	7.7829             	6.3065             	0.5860             	60.0000            	0.0000             	0.0000             	0.0000             
77                 	2021-01-29 13:26:17	214.7000           	36.4600            	4.5790             	7.8280             	6.3544             	0.5840             	60.0100            	0.0000             	0.0000             	0.0000             
78                 	2021-01-29 13:26:18	214.7000           	36.1500            	4.5510             	7.7614             	6.2892             	0.5860             	60.0000            	0.0000             	0.0000             	0.0000             
79                 	2021-01-29 13:26:19	214.8000           	37.3800            	4.6810             	8.0292             	6.5293             	0.5820             	60.0000            	0.0000             	0.0000             	0.0000             
80                 	2021-01-29 13:26:20	214.7000           	37.2700            	4.6840             	8.0019             	6.4898             	0.5850             	60.0100            	0.0000             	0.0000             	0.0000             
81                 	2021-01-29 13:26:21	214.6000           	32.8700            	4.1490             	7.0539             	5.7005             	0.5890             	60.0100            	0.0000             	0.0000             	0.0000             
82                 	2021-01-29 13:26:22	214.9000           	27.0700            	3.4400             	5.8173             	4.6927             	0.5910             	60.0100            	0.0000             	0.0000             	0.0000             
83                 	2021-01-29 13:26:24	214.8000           	26.5800            	3.3710             	5.7094             	4.6098             	0.5900             	60.0100            	0.0000             	0.0000             	0.0000             
84                 	2021-01-29 13:26:25	214.8000           	27.4800            	3.4570             	5.9027             	4.7873             	0.5850             	60.0100            	0.0000             	0.0000             	0.0000             
85                 	2021-01-29 13:26:26	214.7000           	26.6500            	3.3720             	5.7218             	4.6239             	0.5890             	60.0200            	0.0000             	0.0000             	0.0000             
86                 	2021-01-29 13:26:27	214.7000           	28.0800            	3.5150             	6.0288             	4.9025             	0.5820             	60.0200            	0.0000             	0.0000             	0.0000             
87                 	2021-01-29 13:26:28	214.6000           	27.5100            	3.4600             	5.9036             	4.7838             	0.5860             	60.0200            	0.0000             	0.0000             	0.0000             
88                 	2021-01-29 13:26:29	214.5000           	26.5800            	3.3590             	5.7014             	4.6116             	0.5880             	60.0200            	0.0000             	0.0000             	0.0000             
89                 	2021-01-29 13:26:30	214.5000           	27.2500            	3.4280             	5.8451             	4.7364             	0.5860             	60.0100            	0.0000             	0.0000             	0.0000             
90                 	2021-01-29 13:26:31	214.4000           	26.5700            	3.3580             	5.6966             	4.6036             	0.5890             	60.0100            	0.0000             	0.0000             	0.0000             
91                 	2021-01-29 13:26:33	214.5000           	26.2500            	3.3370             	5.6306             	4.5379             	0.5920             	60.0100            	0.0000             	0.0000             	0.0000             
92                 	2021-01-29 13:26:34	214.4000           	37.4900            	4.6530             	8.0379             	6.5592             	0.5780             	60.0000            	0.0000             	0.0000             	0.0000             
93                 	2021-01-29 13:26:35	214.5000           	36.6600            	4.5590             	7.8636             	6.4114             	0.5790             	60.0000            	0.0000             	0.0000             	0.0000             
94                 	2021-01-29 13:26:36	214.4000           	36.6300            	4.5670             	7.8535             	6.3920             	0.5810             	60.0000            	0.0000             	0.0000             	0.0000             
95                 	2021-01-29 13:26:37	214.7000           	36.6500            	4.5690             	7.8688             	6.4100             	0.5800             	60.0000            	0.0000             	0.0000             	0.0000             
96                 	2021-01-29 13:26:38	214.6000           	36.7100            	4.5650             	7.8780             	6.4231             	0.5790             	60.0000            	0.0000             	0.0000             	0.0000             
97                 	2021-01-29 13:26:39	214.6000           	36.6500            	4.5640             	7.8651             	6.4070             	0.5800             	60.0100            	0.0000             	0.0000             	0.0000             
98                 	2021-01-29 13:26:40	214.5000           	36.5000            	4.5570             	7.8292             	6.3667             	0.5820             	60.0100            	0.0000             	0.0000             	0.0000             
99                 	2021-01-29 13:26:41	214.4000           	36.6400            	4.5680             	7.8556             	6.3937             	0.5810             	60.0100            	0.0000             	0.0000             	0.0000             
100                	2021-01-29 13:26:42	214.5000           	35.3900            	4.4180             	7.5912             	6.1785             	0.5810             	60.0100            	0.0000             	0.0000             	0.0000             
101                	2021-01-29 13:26:44	214.3000           	32.2900            	4.0820             	6.9197             	5.5921             	0.5890             	60.0100            	0.0000             	0.0000             	0.0000             
102                	2021-01-29 13:26:45	214.2000           	26.3600            	3.3680             	5.6463             	4.5339             	0.5960             	60.0100            	0.0000             	0.0000             	0.0000             
103                	2021-01-29 13:26:46	214.0000           	26.2500            	3.3590             	5.6175             	4.5066             	0.5970             	60.0200            	0.0000             	0.0000             	0.0000             
104                	2021-01-29 13:26:47	214.1000           	26.2800            	3.3570             	5.6265             	4.5180             	0.5960             	60.0100            	0.0000             	0.0000             	0.0000             
105                	2021-01-29 13:26:48	214.1000           	27.1600            	3.4510             	5.8150             	4.6822             	0.5930             	60.0300            	0.0000             	0.0000             	0.0000             
106                	2021-01-29 13:26:49	214.1000           	26.2900            	3.3570             	5.6287             	4.5197             	0.5960             	60.0200            	0.0000             	0.0000             	0.0000             
107                	2021-01-29 13:26:50	214.0000           	26.2500            	3.3590             	5.6175             	4.5066             	0.5970             	60.0200            	0.0000             	0.0000             	0.0000             
108                	2021-01-29 13:26:51	214.1000           	27.1800            	3.4590             	5.8192             	4.6814             	0.5940             	60.0200            	0.0000             	0.0000             	0.0000             
109                	2021-01-29 13:26:52	214.1000           	28.5600            	3.6050             	6.1147             	4.9415             	0.5890             	60.0300            	0.0000             	0.0000             	0.0000             
110                	2021-01-29 13:26:53	214.1000           	26.1600            	3.2930             	5.6009             	4.5344             	0.5870             	60.0300            	0.0000             	0.0000             	0.0000             
111                	2021-01-29 13:26:54	214.1000           	26.1700            	3.3400             	5.6030             	4.5033             	0.5950             	60.0200            	0.0000             	0.0000             	0.0000             
112                	2021-01-29 13:26:55	214.2000           	37.1500            	4.6340             	7.9575             	6.4710             	0.5820             	60.0200            	0.0000             	0.0000             	0.0000             
113                	2021-01-29 13:26:57	214.2000           	36.5000            	4.5670             	7.8183             	6.3465             	0.5840             	60.0300            	0.0000             	0.0000             	0.0000             
114                	2021-01-29 13:26:58	214.1000           	36.5700            	4.5590             	7.8296             	6.3670             	0.5820             	60.0300            	0.0000             	0.0000             	0.0000             
115                	2021-01-29 13:26:59	214.2000           	36.4900            	4.5600             	7.8162             	6.3504             	0.5830             	60.0300            	0.0000             	0.0000             	0.0000             
116                	2021-01-29 13:27:00	214.3000           	36.5600            	4.5600             	7.8348             	6.3768             	0.5810             	60.0200            	0.0000             	0.0000             	0.0000             
117                	2021-01-29 13:27:01	214.2000           	36.6300            	4.5730             	7.8461             	6.3804             	0.5820             	60.0200            	0.0000             	0.0000             	0.0000             
118                	2021-01-29 13:27:02	214.2000           	36.6500            	4.5770             	7.8504             	6.3839             	0.5820             	60.0200            	0.0000             	0.0000             	0.0000             
119                	2021-01-29 13:27:03	214.2000           	36.6000            	4.5640             	7.8397             	6.3752             	0.5820             	60.0200            	0.0000             	0.0000             	0.0000             
120                	2021-01-29 13:27:04	214.1000           	32.4900            	4.0970             	6.9561             	5.6265             	0.5880             	60.0200            	0.0000             	0.0000             	0.0000             
121                	2021-01-29 13:27:05	214.2000           	27.0800            	3.4350             	5.8005             	4.6791             	0.5910             	60.0200            	0.0000             	0.0000             	0.0000             
122                	2021-01-29 13:27:06	214.2000           	26.3400            	3.3610             	5.6420             	4.5346             	0.5950             	60.0200            	0.0000             	0.0000             	0.0000             
123                	2021-01-29 13:27:07	214.1000           	26.3900            	3.3610             	5.6501             	4.5453             	0.5940             	60.0200            	0.0000             	0.0000             	0.0000             
124                	2021-01-29 13:27:09	214.2000           	28.1900            	3.5360             	6.0383             	4.8973             	0.5850             	60.0200            	0.0000             	0.0000             	0.0000             
125                	2021-01-29 13:27:10	214.1000           	26.4900            	3.3640             	5.6715             	4.5709             	0.5920             	60.0200            	0.0000             	0.0000             	0.0000             
126                	2021-01-29 13:27:11	213.9000           	27.5900            	3.4670             	5.9015             	4.7778             	0.5870             	60.0300            	0.0000             	0.0000             	0.0000             
127                	2021-01-29 13:27:12	214.1000           	26.4400            	3.3600             	5.6608             	4.5581             	0.5930             	60.0200            	0.0000             	0.0000             	0.0000             
128                	2021-01-29 13:27:13	213.9000           	26.5400            	3.3650             	5.6769             	4.5752             	0.5920             	60.0200            	0.0000             	0.0000             	0.0000             
129                	2021-01-29 13:27:14	214.0000           	27.7500            	3.4770             	5.9385             	4.8163             	0.5850             	60.0200            	0.0000             	0.0000             	0.0000             
130                	2021-01-29 13:27:15	213.9000           	18.7800            	2.3260             	4.0170             	3.2752             	0.5790             	60.0200            	0.0000             	0.0000             	0.0000             
131                	2021-01-29 13:27:16	213.8000           	26.3400            	3.3340             	5.6315             	4.5428             	0.5910             	60.0200            	0.0000             	0.0000             	0.0000             
132                	2021-01-29 13:27:17	213.8000           	37.6800            	4.6550             	8.0560             	6.5797             	0.5770             	60.0300            	0.0000             	0.0000             	0.0000             
133                	2021-01-29 13:27:18	213.8000           	37.5100            	4.6370             	8.0196             	6.5443             	0.5780             	60.0300            	0.0000             	0.0000             	0.0000             
134                	2021-01-29 13:27:20	213.9000           	37.3800            	4.6260             	7.9956             	6.5247             	0.5780             	60.0300            	0.0000             	0.0000             	0.0000             
135                	2021-01-29 13:27:21	213.9000           	37.3900            	4.6260             	7.9977             	6.5264             	0.5780             	60.0200            	0.0000             	0.0000             	0.0000             
136                	2021-01-29 13:27:22	213.7000           	37.5400            	4.6250             	8.0223             	6.5578             	0.5760             	60.0200            	0.0000             	0.0000             	0.0000             
137                	2021-01-29 13:27:23	214.0000           	37.5700            	4.6300             	8.0400             	6.5779             	0.5750             	60.0200            	0.0000             	0.0000             	0.0000             
138                	2021-01-29 13:27:24	213.7000           	37.5000            	4.6280             	8.0137             	6.5452             	0.5770             	60.0200            	0.0000             	0.0000             	0.0000             
139                	2021-01-29 13:27:25	213.8000           	37.6000            	4.6340             	8.0389             	6.5714             	0.5760             	60.0200            	0.0000             	0.0000             	0.0000             
140                	2021-01-29 13:27:26	213.7000           	32.9200            	4.1030             	7.0350             	5.7208             	0.5820             	60.0400            	0.0000             	0.0000             	0.0000             
141                	2021-01-29 13:27:27	213.6000           	28.2300            	3.5110             	6.0299             	4.9078             	0.5810             	60.0200            	0.0000             	0.0000             	0.0000             
142                	2021-01-29 13:27:28	213.7000           	27.6000            	3.4430             	5.8981             	4.7921             	0.5830             	60.0200            	0.0000             	0.0000             	0.0000             
143                	2021-01-29 13:27:29	213.6000           	26.7400            	3.3630             	5.7117             	4.6199             	0.5880             	60.0100            	0.0000             	0.0000             	0.0000             
144                	2021-01-29 13:27:30	213.5000           	26.8900            	3.3780             	5.7410             	4.6437             	0.5880             	60.0200            	0.0000             	0.0000             	0.0000             
145                	2021-01-29 13:27:32	213.3000           	27.7500            	3.4490             	5.9191             	4.8133             	0.5820             	60.0200            	0.0000             	0.0000             	0.0000             
146                	2021-01-29 13:27:33	213.5000           	26.6600            	3.3610             	5.6919             	4.5957             	0.5900             	60.0200            	0.0000             	0.0000             	0.0000             
147                	2021-01-29 13:27:34	213.3000           	27.6500            	3.4600             	5.8977             	4.7790             	0.5860             	60.0200            	0.0000             	0.0000             	0.0000             
148                	2021-01-29 13:27:35	213.6000           	26.4900            	3.3610             	5.6583             	4.5519             	0.5940             	60.0200            	0.0000             	0.0000             	0.0000             
149                	2021-01-29 13:27:36	213.5000           	26.5400            	3.3620             	5.6663             	4.5625             	0.5930             	60.0100            	0.0000             	0.0000             	0.0000             
150                	2021-01-29 13:27:37	213.5000           	20.0300            	2.3410             	4.2764             	3.5799             	0.5470             	60.0200            	0.0000             	0.0000             	0.0000             
151                	2021-01-29 13:27:38	213.5000           	36.7900            	4.5610             	7.8547             	6.3985             	0.5800             	60.0300            	0.0000             	0.0000             	0.0000             
152                	2021-01-29 13:27:39	213.4000           	38.6600            	4.7690             	8.2500             	6.7323             	0.5780             	60.0200            	0.0000             	0.0000             	0.0000             
153                	2021-01-29 13:27:40	213.6000           	38.6400            	4.7630             	8.2535             	6.7468             	0.5760             	60.0200            	0.0000             	0.0000             	0.0000             
154                	2021-01-29 13:27:41	213.8000           	37.3700            	4.6310             	7.9897             	6.5199             	0.5780             	60.0200            	0.0000             	0.0000             	0.0000             
155                	2021-01-29 13:27:43	213.7000           	37.4500            	4.6310             	8.0031             	6.5308             	0.5780             	60.0200            	0.0000             	0.0000             	0.0000             
156                	2021-01-29 13:27:44	213.6000           	37.3400            	4.6260             	7.9758             	6.5029             	0.5790             	60.0200            	0.0000             	0.0000             	0.0000             
157                	2021-01-29 13:27:45	213.6000           	37.3700            	4.6230             	7.9822             	6.5081             	0.5790             	60.0200            	0.0000             	0.0000             	0.0000             
158                	2021-01-29 13:27:46	213.8000           	37.8400            	4.6810             	8.0902             	6.6019             	0.5780             	60.0100            	0.0000             	0.0000             	0.0000             
159                	2021-01-29 13:27:47	213.8000           	32.6300            	4.0970             	6.9763             	5.6479             	0.5870             	60.0200            	0.0000             	0.0000             	0.0000             
160                	2021-01-29 13:27:48	213.8000           	27.5000            	3.4530             	5.8795             	4.7600             	0.5870             	60.0200            	0.0000             	0.0000             	0.0000             
161                	2021-01-29 13:27:49	213.8000           	27.7000            	3.4740             	5.9223             	4.7989             	0.5860             	60.0200            	0.0000             	0.0000             	0.0000             
162                	2021-01-29 13:27:50	213.8000           	26.6000            	3.3660             	5.6871             	4.5876             	0.5910             	60.0200            	0.0000             	0.0000             	0.0000             
163                	2021-01-29 13:27:51	213.7000           	26.5800            	3.3660             	5.6801             	4.5778             	0.5920             	60.0200            	0.0000             	0.0000             	0.0000             
164                	2021-01-29 13:27:52	213.7000           	26.7300            	3.3620             	5.7122             	4.6204             	0.5880             	60.0300            	0.0000             	0.0000             	0.0000             
165                	2021-01-29 13:27:53	213.7000           	26.6500            	3.3660             	5.6951             	4.5982             	0.5900             	60.0300            	0.0000             	0.0000             	0.0000             
166                	2021-01-29 13:27:55	213.7000           	27.5600            	3.4490             	5.8896             	4.7766             	0.5850             	60.0300            	0.0000             	0.0000             	0.0000             
167                	2021-01-29 13:27:56	213.5000           	27.8200            	3.4890             	5.9396             	4.8086             	0.5870             	60.0200            	0.0000             	0.0000             	0.0000             
168                	2021-01-29 13:27:57	213.4000           	27.7300            	3.4740             	5.9176             	4.7951             	0.5860             	60.0300            	0.0000             	0.0000             	0.0000             
169                	2021-01-29 13:27:58	213.6000           	23.1200            	2.7630             	4.9384             	4.0948             	0.5590             	60.0300            	0.0000             	0.0000             	0.0000             
170                	2021-01-29 13:27:59	213.5000           	28.8700            	3.5780             	6.1637             	5.0211             	0.5800             	60.0300            	0.0000             	0.0000             	0.0000             
171                	2021-01-29 13:28:00	213.4000           	37.8000            	4.6540             	8.0665             	6.5940             	0.5760             	60.0200            	0.0000             	0.0000             	0.0000             
172                	2021-01-29 13:28:01	213.5000           	37.5700            	4.6300             	8.0212             	6.5569             	0.5760             	60.0200            	0.0000             	0.0000             	0.0000             
173                	2021-01-29 13:28:02	213.5000           	37.5200            	4.6320             	8.0105             	6.5425             	0.5770             	60.0200            	0.0000             	0.0000             	0.0000             
174                	2021-01-29 13:28:03	213.5000           	37.5900            	4.6270             	8.0255             	6.5604             	0.5760             	60.0200            	0.0000             	0.0000             	0.0000             
175                	2021-01-29 13:28:04	213.5000           	37.5600            	4.6360             	8.0191             	6.5438             	0.5780             	60.0100            	0.0000             	0.0000             	0.0000             
176                	2021-01-29 13:28:06	213.5000           	37.4800            	4.6330             	8.0020             	6.5299             	0.5780             	60.0200            	0.0000             	0.0000             	0.0000             
177                	2021-01-29 13:28:07	213.5000           	37.2300            	4.6230             	7.9486             	6.4694             	0.5810             	60.0200            	0.0000             	0.0000             	0.0000             
178                	2021-01-29 13:28:08	213.4000           	32.9800            	4.1440             	7.0379             	5.6927             	0.5880             	60.0100            	0.0000             	0.0000             	0.0000             
179                	2021-01-29 13:28:09	213.6000           	32.1400            	4.0510             	6.8651             	5.5479             	0.5890             	60.0100            	0.0000             	0.0000             	0.0000             
180                	2021-01-29 13:28:10	213.4000           	27.2200            	3.4280             	5.8087             	4.6900             	0.5900             	60.0100            	0.0000             	0.0000             	0.0000             
181                	2021-01-29 13:28:11	213.5000           	26.5300            	3.3660             	5.6642             	4.5566             	0.5940             	60.0100            	0.0000             	0.0000             	0.0000             
182                	2021-01-29 13:28:12	213.5000           	26.4900            	3.3620             	5.6556             	4.5497             	0.5940             	60.0100            	0.0000             	0.0000             	0.0000             
183                	2021-01-29 13:28:13	213.5000           	27.5700            	3.4760             	5.8862             	4.7525             	0.5900             	60.0100            	0.0000             	0.0000             	0.0000             
184                	2021-01-29 13:28:15	213.6000           	26.4500            	3.3600             	5.6497             	4.5450             	0.5940             	60.0000            	0.0000             	0.0000             	0.0000             
185                	2021-01-29 13:28:16	213.5000           	27.4100            	3.4480             	5.8520             	4.7335             	0.5880             	60.0000            	0.0000             	0.0000             	0.0000             
186                	2021-01-29 13:28:17	215.2000           	27.2600            	3.4680             	5.8664             	4.7322             	0.5910             	60.0000            	0.0000             	0.0000             	0.0000             
187                	2021-01-29 13:28:18	215.2000           	26.2300            	3.3640             	5.6447             	4.5368             	0.5950             	60.0000            	0.0000             	0.0000             	0.0000             
188                	2021-01-29 13:28:19	215.2000           	17.4600            	2.1960             	3.7574             	3.0501             	0.5840             	60.0000            	0.0000             	0.0000             	0.0000             
189                	2021-01-29 13:28:20	215.0000           	26.1300            	3.3420             	5.6180             	4.5194             	0.5940             	60.0000            	0.0000             	0.0000             	0.0000             
190                	2021-01-29 13:28:21	215.1000           	37.2000            	4.6370             	8.0017             	6.5240             	0.5790             	59.9900            	0.0000             	0.0000             	0.0000             
191                	2021-01-29 13:28:22	214.8000           	36.5300            	4.5640             	7.8466             	6.3864             	0.5810             	59.9900            	0.0000             	0.0000             	0.0000             
192                	2021-01-29 13:28:23	214.9000           	36.6500            	4.5740             	7.8761             	6.4160             	0.5800             	59.9900            	0.0000             	0.0000             	0.0000             
193                	2021-01-29 13:28:24	215.0000           	37.0300            	4.6030             	7.9615             	6.4968             	0.5780             	59.9800            	0.0000             	0.0000             	0.0000             
194                	2021-01-29 13:28:25	215.0000           	36.6700            	4.5740             	7.8841             	6.4281             	0.5790             	59.9800            	0.0000             	0.0000             	0.0000             
195                	2021-01-29 13:28:27	215.0000           	36.6600            	4.5700             	7.8819             	6.4263             	0.5790             	59.9800            	0.0000             	0.0000             	0.0000             
196                	2021-01-29 13:28:28	214.9000           	36.5600            	4.5690             	7.8567             	6.3946             	0.5810             	59.9800            	0.0000             	0.0000             	0.0000             
197                	2021-01-29 13:28:29	215.0000           	35.3800            	4.4180             	7.6067             	6.1965             	0.5800             	59.9800            	0.0000             	0.0000             	0.0000             
198                	2021-01-29 13:28:30	214.9000           	32.3200            	4.0910             	6.9456             	5.6180             	0.5880             	59.9900            	0.0000             	0.0000             	0.0000             
199                	2021-01-29 13:28:31	214.6000           	27.5500            	3.4740             	5.9122             	4.7865             	0.5870             	59.9900            	0.0000             	0.0000             	0.0000             
200                	2021-01-29 13:28:32	214.7000           	26.4200            	3.3640             	5.6724             	4.5716             	0.5920             	59.9900            	0.0000             	0.0000             	0.0000             
201                	2021-01-29 13:28:33	214.7000           	26.4200            	3.3720             	5.6724             	4.5632             	0.5940             	59.9800            	0.0000             	0.0000             	0.0000             
202                	2021-01-29 13:28:34	214.7000           	27.4900            	3.4840             	5.9021             	4.7654             	0.5900             	59.9800            	0.0000             	0.0000             	0.0000             
203                	2021-01-29 13:28:35	214.7000           	26.3600            	3.3670             	5.6595             	4.5529             	0.5940             	59.9800            	0.0000             	0.0000             	0.0000             
204                	2021-01-29 13:28:37	214.8000           	27.0800            	3.4390             	5.8168             	4.6922             	0.5910             	59.9800            	0.0000             	0.0000             	0.0000             
205                	2021-01-29 13:28:38	214.8000           	27.3500            	3.4670             	5.8748             	4.7433             	0.5900             	59.9800            	0.0000             	0.0000             	0.0000             
206                	2021-01-29 13:28:39	214.6000           	32.1400            	3.9920             	6.8972             	5.6284             	0.5780             	59.9800            	0.0000             	0.0000             	0.0000             
207                	2021-01-29 13:28:40	214.7000           	27.4200            	3.4600             	5.8871             	4.7661             	0.5870             	59.9800            	0.0000             	0.0000             	0.0000             
208                	2021-01-29 13:28:41	214.6000           	26.2400            	3.3240             	5.6311             	4.5466             	0.5900             	59.9700            	0.0000             	0.0000             	0.0000             
209                	2021-01-29 13:28:42	214.8000           	26.2100            	3.3260             	5.6299             	4.5456             	0.5900             	59.9800            	0.0000             	0.0000             	0.0000             
210                	2021-01-29 13:28:43	214.9000           	26.2500            	3.3260             	5.6411             	4.5588             	0.5890             	59.9800            	0.0000             	0.0000             	0.0000             
211                	2021-01-29 13:28:44	214.8000           	26.2500            	3.3280             	5.6385             	4.5567             	0.5890             	59.9700            	0.0000             	0.0000             	0.0000             
212                	2021-01-29 13:28:46	214.9000           	27.6200            	3.4700             	5.9355             	4.8182             	0.5840             	59.9900            	0.0000             	0.0000             	0.0000             
213                	2021-01-29 13:28:47	214.9000           	26.1200            	3.3200             	5.6132             	4.5280             	0.5910             	59.9800            	0.0000             	0.0000             	0.0000             
214                	2021-01-29 13:28:48	215.0000           	26.0600            	3.3250             	5.6029             	4.5115             	0.5930             	59.9800            	0.0000             	0.0000             	0.0000             
215                	2021-01-29 13:28:49	215.0000           	26.2000            	3.3340             	5.6330             	4.5440             	0.5910             	59.9900            	0.0000             	0.0000             	0.0000             
216                	2021-01-29 13:28:50	215.1000           	25.9400            	3.3220             	5.5797             	4.4845             	0.5950             	59.9900            	0.0000             	0.0000             	0.0000             
217                	2021-01-29 13:28:51	215.1000           	25.8400            	3.3200             	5.5582             	4.4590             	0.5970             	60.0200            	0.0000             	0.0000             	0.0000             
