No.                	Time               	Voltage[ V ]       	Current[ mA ]      	Active Power[ W ]  	Apparent Power[ VA ]	Reactive Power[ Var ]	Power Factor[ PF ] 	Frequency[ Hz ]    	Watt Hours[ Wh ]   	CO2[ g ]           	Cost[ Dollar ]     
1                  	2021-01-29 13:34:42	213.9000           	27.9400            	3.5030             	5.9764             	4.8470             	0.5850             	59.9900            	0.0000             	0.0000             	0.0000             
2                  	2021-01-29 13:34:43	213.8000           	30.4300            	3.7760             	6.5059             	5.2998             	0.5800             	59.9800            	0.0000             	0.0000             	0.0000             
3                  	2021-01-29 13:34:44	213.7000           	28.5500            	3.5790             	6.1011             	4.9438             	0.5860             	60.0000            	0.0000             	0.0000             	0.0000             
4                  	2021-01-29 13:34:45	213.7000           	38.5700            	4.6890             	8.2424             	6.7837             	0.5680             	60.0000            	0.0000             	0.0000             	0.0000             
5                  	2021-01-29 13:34:46	213.6000           	26.7200            	3.3550             	5.7074             	4.6206             	0.5870             	59.9900            	0.0000             	0.0000             	0.0000             
6                  	2021-01-29 13:34:47	213.4000           	33.3000            	4.0930             	7.1062             	5.8140             	0.5750             	59.9900            	0.0000             	0.0000             	0.0000             
7                  	2021-01-29 13:34:49	213.7000           	31.9700            	3.9120             	6.8320             	5.6040             	0.5720             	59.9900            	0.0000             	0.0000             	0.0000             
8                  	2021-01-29 13:34:50	213.8000           	26.8100            	3.3590             	5.7320             	4.6488             	0.5850             	59.9900            	0.0000             	0.0000             	0.0000             
9                  	2021-01-29 13:34:51	213.8000           	26.6900            	3.3510             	5.7063             	4.6198             	0.5870             	59.9900            	0.0000             	0.0000             	0.0000             
10                 	2021-01-29 13:34:52	213.9000           	26.7400            	3.3570             	5.7197             	4.6347             	0.5860             	59.9900            	0.0000             	0.0000             	0.0000             
11                 	2021-01-29 13:34:53	214.0000           	26.5500            	3.3030             	5.6817             	4.6244             	0.5810             	59.9900            	0.0000             	0.0000             	0.0000             
12                 	2021-01-29 13:34:54	213.8000           	26.4500            	3.3150             	5.6550             	4.5864             	0.5850             	59.9900            	0.0000             	0.0000             	0.0000             
13                 	2021-01-29 13:34:56	214.0000           	27.3800            	3.4050             	5.8593             	4.7731             	0.5800             	59.9900            	0.0000             	0.0000             	0.0000             
14                 	2021-01-29 13:34:57	213.7000           	37.3000            	4.5470             	7.9710             	6.5493             	0.5700             	59.9900            	0.0000             	0.0000             	0.0000             
15                 	2021-01-29 13:34:58	213.9000           	37.4600            	4.5620             	8.0127             	6.5891             	0.5690             	59.9900            	0.0000             	0.0000             	0.0000             
16                 	2021-01-29 13:34:59	213.7000           	37.2000            	4.5580             	7.9496             	6.5152             	0.5730             	59.9900            	0.0000             	0.0000             	0.0000             
17                 	2021-01-29 13:35:00	213.9000           	37.1400            	4.5490             	7.9442             	6.5163             	0.5720             	59.9900            	0.0000             	0.0000             	0.0000             
18                 	2021-01-29 13:35:01	213.7000           	37.4100            	4.5780             	7.9945             	6.5575             	0.5720             	59.9900            	0.0000             	0.0000             	0.0000             
19                 	2021-01-29 13:35:02	213.9000           	37.3200            	4.5640             	7.9827             	6.5534             	0.5710             	59.9900            	0.0000             	0.0000             	0.0000             
20                 	2021-01-29 13:35:03	213.8000           	37.2100            	4.5540             	7.9555             	6.5255             	0.5720             	59.9900            	0.0000             	0.0000             	0.0000             
21                 	2021-01-29 13:35:04	213.8000           	37.3600            	4.5630             	7.9876             	6.5574             	0.5710             	60.0000            	0.0000             	0.0000             	0.0000             
22                 	2021-01-29 13:35:05	213.8000           	29.2900            	3.6210             	6.2622             	5.1146             	0.5770             	59.9900            	0.0000             	0.0000             	0.0000             
23                 	2021-01-29 13:35:07	213.7000           	26.8100            	3.3580             	5.7293             	4.6467             	0.5850             	60.0000            	0.0000             	0.0000             	0.0000             
24                 	2021-01-29 13:35:08	213.9000           	27.6200            	3.4440             	5.9079             	4.8043             	0.5820             	60.0000            	0.0000             	0.0000             	0.0000             
25                 	2021-01-29 13:35:09	214.0000           	26.7500            	3.3580             	5.7245             	4.6386             	0.5860             	60.0000            	0.0000             	0.0000             	0.0000             
26                 	2021-01-29 13:35:10	213.9000           	26.8600            	3.3630             	5.7454             	4.6597             	0.5850             	60.0000            	0.0000             	0.0000             	0.0000             
27                 	2021-01-29 13:35:11	213.9000           	27.5700            	3.4380             	5.8972             	4.7956             	0.5820             	60.0000            	0.0000             	0.0000             	0.0000             
28                 	2021-01-29 13:35:12	214.0000           	26.9500            	3.3730             	5.7673             	4.6816             	0.5840             	60.0000            	0.0000             	0.0000             	0.0000             
29                 	2021-01-29 13:35:13	214.0000           	26.8200            	3.3620             	5.7395             	4.6549             	0.5850             	60.0000            	0.0000             	0.0000             	0.0000             
30                 	2021-01-29 13:35:14	214.0000           	27.6600            	3.4450             	5.9192             	4.8177             	0.5810             	60.0000            	0.0000             	0.0000             	0.0000             
31                 	2021-01-29 13:35:15	214.0000           	22.4600            	2.7150             	4.8064             	3.9690             	0.5640             	60.0000            	0.0000             	0.0000             	0.0000             
32                 	2021-01-29 13:35:17	213.9000           	26.5100            	3.3320             	5.6705             	4.5908             	0.5870             	60.0000            	0.0000             	0.0000             	0.0000             
33                 	2021-01-29 13:35:18	214.0000           	37.1000            	4.5660             	7.9394             	6.5012             	0.5740             	60.0000            	0.0000             	0.0000             	0.0000             
34                 	2021-01-29 13:35:19	214.0000           	37.0800            	4.5740             	7.9351             	6.4866             	0.5760             	60.0000            	0.0000             	0.0000             	0.0000             
35                 	2021-01-29 13:35:20	214.1000           	37.1400            	4.5800             	7.9517             	6.5057             	0.5750             	59.9900            	0.0000             	0.0000             	0.0000             
36                 	2021-01-29 13:35:21	214.1000           	36.8600            	4.5570             	7.8917             	6.4455             	0.5770             	59.9900            	0.0000             	0.0000             	0.0000             
37                 	2021-01-29 13:35:22	214.1000           	36.8500            	4.5590             	7.8896             	6.4438             	0.5770             	59.9900            	0.0000             	0.0000             	0.0000             
38                 	2021-01-29 13:35:23	214.1000           	36.9400            	4.5680             	7.9089             	6.4595             	0.5770             	60.0000            	0.0000             	0.0000             	0.0000             
39                 	2021-01-29 13:35:24	214.0000           	37.0600            	4.5680             	7.9308             	6.4886             	0.5750             	60.0000            	0.0000             	0.0000             	0.0000             
40                 	2021-01-29 13:35:26	214.1000           	36.9900            	4.5680             	7.9196             	6.4738             	0.5760             	60.0000            	0.0000             	0.0000             	0.0000             
41                 	2021-01-29 13:35:27	214.1000           	33.1500            	4.1280             	7.0974             	5.7766             	0.5810             	60.0000            	0.0000             	0.0000             	0.0000             
42                 	2021-01-29 13:35:28	214.0000           	27.6800            	3.4580             	5.9235             	4.8127             	0.5830             	60.0100            	0.0000             	0.0000             	0.0000             
43                 	2021-01-29 13:35:29	213.9000           	26.8100            	3.3580             	5.7347             	4.6510             	0.5850             	60.0100            	0.0000             	0.0000             	0.0000             
44                 	2021-01-29 13:35:30	213.9000           	27.5900            	3.4430             	5.9015             	4.7948             	0.5830             	60.0100            	0.0000             	0.0000             	0.0000             
45                 	2021-01-29 13:35:31	213.8000           	27.3800            	3.4160             	5.8538             	4.7561             	0.5830             	60.0100            	0.0000             	0.0000             	0.0000             
46                 	2021-01-29 13:35:32	213.7000           	26.7700            	3.3580             	5.7207             	4.6356             	0.5860             	60.0100            	0.0000             	0.0000             	0.0000             
47                 	2021-01-29 13:35:33	213.7000           	27.6400            	3.4500             	5.9067             	4.7990             	0.5830             	60.0100            	0.0000             	0.0000             	0.0000             
48                 	2021-01-29 13:35:34	213.8000           	26.7300            	3.3570             	5.7149             	4.6267             	0.5870             	60.0200            	0.0000             	0.0000             	0.0000             
49                 	2021-01-29 13:35:36	213.7000           	26.8400            	3.3680             	5.7357             	4.6436             	0.5870             	60.0100            	0.0000             	0.0000             	0.0000             
50                 	2021-01-29 13:35:37	214.0000           	27.7500            	3.4570             	5.9385             	4.8291             	0.5820             	60.0200            	0.0000             	0.0000             	0.0000             
51                 	2021-01-29 13:35:38	213.8000           	22.4000            	3.3340             	4.7891             	3.8807             	0.5860             	60.0300            	0.0000             	0.0000             	0.0000             
52                 	2021-01-29 13:35:39	213.6000           	26.4300            	3.3130             	5.6454             	4.5746             	0.5860             	60.0200            	0.0000             	0.0000             	0.0000             
53                 	2021-01-29 13:35:40	213.7000           	37.8200            	4.6400             	8.0821             	6.6238             	0.5730             	60.0100            	0.0000             	0.0000             	0.0000             
54                 	2021-01-29 13:35:41	213.7000           	38.3000            	4.6800             	8.1847             	6.7192             	0.5710             	60.0100            	0.0000             	0.0000             	0.0000             
55                 	2021-01-29 13:35:43	213.5000           	38.3200            	4.6750             	8.1813             	6.7165             	0.5710             	60.0100            	0.0000             	0.0000             	0.0000             
56                 	2021-01-29 13:35:44	213.6000           	38.1400            	4.6700             	8.1467             	6.6767             	0.5730             	60.0100            	0.0000             	0.0000             	0.0000             
57                 	2021-01-29 13:35:45	213.7000           	38.0800            	4.6750             	8.1377             	6.6636             	0.5740             	60.0100            	0.0000             	0.0000             	0.0000             
58                 	2021-01-29 13:35:46	213.8000           	37.7400            	4.6430             	8.0688             	6.6015             	0.5750             	60.0000            	0.0000             	0.0000             	0.0000             
59                 	2021-01-29 13:35:47	213.8000           	37.0300            	4.5560             	7.9170             	6.4773             	0.5750             	60.0000            	0.0000             	0.0000             	0.0000             
60                 	2021-01-29 13:35:48	213.9000           	33.3500            	4.1450             	7.1336             	5.8111             	0.5800             	60.0000            	0.0000             	0.0000             	0.0000             
61                 	2021-01-29 13:35:49	213.8000           	32.1500            	3.9920             	6.8737             	5.5994             	0.5800             	60.0000            	0.0000             	0.0000             	0.0000             
62                 	2021-01-29 13:35:50	213.8000           	26.8400            	3.3570             	5.7384             	4.6582             	0.5840             	60.0100            	0.0000             	0.0000             	0.0000             
63                 	2021-01-29 13:35:51	214.0000           	27.6900            	3.4540             	5.9257             	4.8187             	0.5820             	60.0100            	0.0000             	0.0000             	0.0000             
64                 	2021-01-29 13:35:53	213.8000           	26.7200            	3.3540             	5.7127             	4.6291             	0.5860             	60.0000            	0.0000             	0.0000             	0.0000             
65                 	2021-01-29 13:35:54	214.0000           	26.6800            	3.3560             	5.7095             	4.6224             	0.5870             	60.0000            	0.0000             	0.0000             	0.0000             
66                 	2021-01-29 13:35:55	213.9000           	27.8600            	3.4610             	5.9593             	4.8545             	0.5800             	60.0000            	0.0000             	0.0000             	0.0000             
67                 	2021-01-29 13:35:56	213.9000           	26.7100            	3.3560             	5.7133             	4.6254             	0.5870             	60.0000            	0.0000             	0.0000             	0.0000             
68                 	2021-01-29 13:35:57	213.7000           	27.5200            	3.4400             	5.8810             	4.7739             	0.5840             	59.9900            	0.0000             	0.0000             	0.0000             
69                 	2021-01-29 13:35:58	213.7000           	26.9500            	3.3820             	5.7592             	4.6626             	0.5870             	60.0000            	0.0000             	0.0000             	0.0000             
70                 	2021-01-29 13:35:59	213.6000           	22.0000            	2.6640             	4.6992             	3.8740             	0.5660             	60.0000            	0.0000             	0.0000             	0.0000             
71                 	2021-01-29 13:36:00	213.7000           	26.4900            	3.3280             	5.6609             	4.5830             	0.5870             	60.0000            	0.0000             	0.0000             	0.0000             
72                 	2021-01-29 13:36:01	213.7000           	36.9900            	4.5600             	7.9048             	6.4617             	0.5760             	60.0100            	0.0000             	0.0000             	0.0000             
73                 	2021-01-29 13:36:02	214.0000           	37.0700            	4.5720             	7.9330             	6.4848             	0.5760             	60.0200            	0.0000             	0.0000             	0.0000             
74                 	2021-01-29 13:36:03	214.1000           	37.0300            	4.5680             	7.9281             	6.4864             	0.5750             	60.0200            	0.0000             	0.0000             	0.0000             
75                 	2021-01-29 13:36:04	214.3000           	36.9700            	4.5610             	7.9227             	6.4820             	0.5750             	60.0200            	0.0000             	0.0000             	0.0000             
76                 	2021-01-29 13:36:06	214.2000           	37.1800            	4.5820             	7.9640             	6.5157             	0.5750             	60.0200            	0.0000             	0.0000             	0.0000             
77                 	2021-01-29 13:36:07	214.1000           	37.0700            	4.5670             	7.9367             	6.4934             	0.5750             	60.0400            	0.0000             	0.0000             	0.0000             
78                 	2021-01-29 13:36:08	214.2000           	37.1200            	4.5720             	7.9511             	6.5108             	0.5740             	60.0100            	0.0000             	0.0000             	0.0000             
79                 	2021-01-29 13:36:09	214.0000           	37.0700            	4.5650             	7.9330             	6.4904             	0.5750             	60.0100            	0.0000             	0.0000             	0.0000             
80                 	2021-01-29 13:36:10	214.1000           	33.1600            	4.1260             	7.0996             	5.7834             	0.5800             	60.0200            	0.0000             	0.0000             	0.0000             
81                 	2021-01-29 13:36:11	214.1000           	27.7100            	3.4720             	5.9327             	4.8116             	0.5850             	60.0100            	0.0000             	0.0000             	0.0000             
82                 	2021-01-29 13:36:12	214.1000           	26.8400            	3.3580             	5.7464             	4.6647             	0.5840             	60.0000            	0.0000             	0.0000             	0.0000             
83                 	2021-01-29 13:36:14	214.0000           	26.9300            	3.3530             	5.7630             	4.6905             	0.5810             	60.0000            	0.0000             	0.0000             	0.0000             
84                 	2021-01-29 13:36:15	214.1000           	27.7900            	3.4380             	5.9498             	4.8595             	0.5770             	60.0000            	0.0000             	0.0000             	0.0000             
85                 	2021-01-29 13:36:16	214.2000           	27.9200            	3.4660             	5.9805             	4.8760             	0.5790             	60.0000            	0.0000             	0.0000             	0.0000             
86                 	2021-01-29 13:36:17	214.2000           	27.8000            	3.4450             	5.9548             	4.8593             	0.5780             	59.9900            	0.0000             	0.0000             	0.0000             
87                 	2021-01-29 13:36:18	214.1000           	26.9000            	3.3550             	5.7593             	4.6834             	0.5820             	59.9900            	0.0000             	0.0000             	0.0000             
88                 	2021-01-29 13:36:19	214.1000           	27.7400            	3.4350             	5.9391             	4.8466             	0.5780             	59.9900            	0.0000             	0.0000             	0.0000             
89                 	2021-01-29 13:36:20	214.0000           	27.9900            	3.4590             	5.9899             	4.8922             	0.5770             	59.9900            	0.0000             	0.0000             	0.0000             
90                 	2021-01-29 13:36:21	214.3000           	18.0400            	2.2290             	3.8660             	3.1602             	0.5760             	59.9900            	0.0000             	0.0000             	0.0000             
91                 	2021-01-29 13:36:22	214.3000           	26.6200            	3.3220             	5.7047             	4.6390             	0.5820             	59.9900            	0.0000             	0.0000             	0.0000             
92                 	2021-01-29 13:36:23	214.3000           	37.9200            	4.6250             	8.1263             	6.6881             	0.5680             	59.9900            	0.0000             	0.0000             	0.0000             
93                 	2021-01-29 13:36:24	214.1000           	38.0300            	4.6370             	8.1422             	6.6957             	0.5690             	59.9900            	0.0000             	0.0000             	0.0000             
94                 	2021-01-29 13:36:25	214.2000           	37.0300            	4.5570             	7.9318             	6.4950             	0.5740             	59.9900            	0.0000             	0.0000             	0.0000             
95                 	2021-01-29 13:36:26	214.1000           	37.1600            	4.5740             	7.9560             	6.5148             	0.5740             	59.9900            	0.0000             	0.0000             	0.0000             
96                 	2021-01-29 13:36:28	214.0000           	36.9600            	4.5510             	7.9094             	6.4711             	0.5750             	59.9900            	0.0000             	0.0000             	0.0000             
97                 	2021-01-29 13:36:29	214.2000           	37.0500            	4.5600             	7.9361             	6.4985             	0.5740             	59.9800            	0.0000             	0.0000             	0.0000             
98                 	2021-01-29 13:36:30	214.0000           	37.1700            	4.5690             	7.9544             	6.5135             	0.5740             	60.0000            	0.0000             	0.0000             	0.0000             
99                 	2021-01-29 13:36:31	214.0000           	37.1600            	4.5660             	7.9522             	6.5117             	0.5740             	59.9800            	0.0000             	0.0000             	0.0000             
100                	2021-01-29 13:36:32	214.2000           	33.6700            	4.1820             	7.2121             	5.8802             	0.5790             	59.9800            	0.0000             	0.0000             	0.0000             
101                	2021-01-29 13:36:33	214.1000           	26.5700            	3.3560             	5.6886             	4.5972             	0.5890             	59.9800            	0.0000             	0.0000             	0.0000             
102                	2021-01-29 13:36:34	214.2000           	27.6200            	3.4590             	5.9162             	4.8025             	0.5840             	59.9800            	0.0000             	0.0000             	0.0000             
103                	2021-01-29 13:36:35	214.1000           	26.8400            	3.3630             	5.7464             	4.6647             	0.5840             	59.9800            	0.0000             	0.0000             	0.0000             
104                	2021-01-29 13:36:37	214.1000           	26.8700            	3.3570             	5.7529             	4.6740             	0.5830             	59.9800            	0.0000             	0.0000             	0.0000             
105                	2021-01-29 13:36:38	214.1000           	27.8700            	3.4560             	5.9670             	4.8693             	0.5780             	59.9900            	0.0000             	0.0000             	0.0000             
106                	2021-01-29 13:36:39	213.9000           	26.8200            	3.3620             	5.7368             	4.6527             	0.5850             	59.9800            	0.0000             	0.0000             	0.0000             
107                	2021-01-29 13:36:40	214.0000           	26.8700            	3.3620             	5.7502             	4.6677             	0.5840             	59.9900            	0.0000             	0.0000             	0.0000             
108                	2021-01-29 13:36:41	214.1000           	27.7500            	3.4520             	5.9413             	4.8399             	0.5800             	59.9900            	0.0000             	0.0000             	0.0000             
109                	2021-01-29 13:36:42	214.0000           	26.8600            	3.3630             	5.7480             	4.6619             	0.5850             	59.9900            	0.0000             	0.0000             	0.0000             
110                	2021-01-29 13:36:43	214.2000           	26.7300            	3.3500             	5.7256             	4.6436             	0.5850             	59.9900            	0.0000             	0.0000             	0.0000             
111                	2021-01-29 13:36:44	214.1000           	26.5700            	3.3390             	5.6886             	4.6096             	0.5860             	59.9900            	0.0000             	0.0000             	0.0000             
112                	2021-01-29 13:36:45	214.1000           	38.1100            	4.6630             	8.1594             	6.6984             	0.5710             	59.9900            	0.0000             	0.0000             	0.0000             
113                	2021-01-29 13:36:46	213.8000           	38.5600            	4.7060             	8.2441             	6.7737             	0.5700             	60.0000            	0.0000             	0.0000             	0.0000             
114                	2021-01-29 13:36:47	213.9000           	37.1900            	4.5550             	7.9549             	6.5251             	0.5720             	60.0000            	0.0000             	0.0000             	0.0000             
115                	2021-01-29 13:36:48	214.0000           	36.7800            	4.5580             	7.8709             	6.4230             	0.5780             	60.0000            	0.0000             	0.0000             	0.0000             
116                	2021-01-29 13:36:49	214.1000           	37.0700            	4.5740             	7.9367             	6.4878             	0.5760             	60.0000            	0.0000             	0.0000             	0.0000             
117                	2021-01-29 13:36:50	214.0000           	37.0100            	4.5650             	7.9201             	6.4743             	0.5760             	60.0100            	0.0000             	0.0000             	0.0000             
118                	2021-01-29 13:36:52	214.0000           	36.9100            	4.5590             	7.8987             	6.4512             	0.5770             	60.0100            	0.0000             	0.0000             	0.0000             
119                	2021-01-29 13:36:53	214.2000           	36.9700            	4.5590             	7.9190             	6.4789             	0.5750             	60.0000            	0.0000             	0.0000             	0.0000             
120                	2021-01-29 13:36:54	213.9000           	32.6800            	4.0790             	6.9903             	5.6794             	0.5830             	60.0100            	0.0000             	0.0000             	0.0000             
121                	2021-01-29 13:36:55	213.9000           	26.7800            	3.3660             	5.7282             	4.6375             	0.5870             	60.0100            	0.0000             	0.0000             	0.0000             
122                	2021-01-29 13:36:56	213.8000           	27.5900            	3.4410             	5.8987             	4.7926             	0.5830             	60.0000            	0.0000             	0.0000             	0.0000             
123                	2021-01-29 13:36:57	213.9000           	26.7200            	3.3600             	5.7154             	4.6271             	0.5870             	60.0100            	0.0000             	0.0000             	0.0000             
124                	2021-01-29 13:36:58	213.7000           	26.7700            	3.3690             	5.7207             	4.6273             	0.5880             	60.0000            	0.0000             	0.0000             	0.0000             
125                	2021-01-29 13:36:59	213.8000           	27.6000            	3.4480             	5.9009             	4.7901             	0.5840             	60.0100            	0.0000             	0.0000             	0.0000             
126                	2021-01-29 13:37:00	213.8000           	26.7500            	3.3580             	5.7191             	4.6343             	0.5860             	60.0100            	0.0000             	0.0000             	0.0000             
127                	2021-01-29 13:37:01	213.8000           	26.7800            	3.3640             	5.7256             	4.6353             	0.5870             	60.0100            	0.0000             	0.0000             	0.0000             
128                	2021-01-29 13:37:02	213.7000           	27.8700            	3.4620             	5.9558             	4.8517             	0.5800             	60.0100            	0.0000             	0.0000             	0.0000             
129                	2021-01-29 13:37:04	213.6000           	26.7100            	3.3520             	5.7053             	4.6189             	0.5870             	60.0100            	0.0000             	0.0000             	0.0000             
130                	2021-01-29 13:37:05	213.4000           	17.9900            	2.1270             	3.8391             	3.1986             	0.5530             	60.0100            	0.0000             	0.0000             	0.0000             
131                	2021-01-29 13:37:06	213.5000           	38.1600            	4.6610             	8.1472             	6.6884             	0.5710             	60.0100            	0.0000             	0.0000             	0.0000             
132                	2021-01-29 13:37:07	213.5000           	38.2400            	4.6660             	8.1642             	6.7024             	0.5710             	60.0100            	0.0000             	0.0000             	0.0000             
133                	2021-01-29 13:37:08	213.4000           	39.4400            	4.7840             	8.4165             	6.9270             	0.5680             	60.0100            	0.0000             	0.0000             	0.0000             
134                	2021-01-29 13:37:09	213.3000           	38.2400            	4.6680             	8.1566             	6.6905             	0.5720             	60.0000            	0.0000             	0.0000             	0.0000             
135                	2021-01-29 13:37:10	213.4000           	37.8700            	4.6380             	8.0815             	6.6232             	0.5730             	60.0000            	0.0000             	0.0000             	0.0000             
136                	2021-01-29 13:37:11	213.4000           	37.5300            	4.6070             	8.0089             	6.5525             	0.5750             	60.0100            	0.0000             	0.0000             	0.0000             
137                	2021-01-29 13:37:12	213.1000           	37.2000            	4.5680             	7.9273             	6.4802             	0.5760             	60.0100            	0.0000             	0.0000             	0.0000             
138                	2021-01-29 13:37:13	213.2000           	37.2600            	4.5610             	7.9438             	6.5048             	0.5740             	60.0000            	0.0000             	0.0000             	0.0000             
139                	2021-01-29 13:37:14	213.0000           	32.8000            	4.0690             	6.9864             	5.6813             	0.5820             	60.0000            	0.0000             	0.0000             	0.0000             
140                	2021-01-29 13:37:15	213.0000           	28.0000            	3.4820             	5.9640             	4.8456             	0.5830             	60.0000            	0.0000             	0.0000             	0.0000             
141                	2021-01-29 13:37:17	213.0000           	26.9000            	3.3660             	5.7297             	4.6387             	0.5870             	60.0000            	0.0000             	0.0000             	0.0000             
142                	2021-01-29 13:37:18	213.4000           	26.7400            	3.3560             	5.7063             	4.6198             	0.5870             	59.9900            	0.0000             	0.0000             	0.0000             
143                	2021-01-29 13:37:19	213.6000           	27.0700            	3.3900             	5.7822             	4.6853             	0.5860             	59.9800            	0.0000             	0.0000             	0.0000             
144                	2021-01-29 13:37:20	213.6000           	26.7200            	3.3550             	5.7074             	4.6206             	0.5870             	59.9900            	0.0000             	0.0000             	0.0000             
145                	2021-01-29 13:37:21	213.6000           	27.7000            	3.4510             	5.9167             	4.8072             	0.5830             	59.9900            	0.0000             	0.0000             	0.0000             
146                	2021-01-29 13:37:22	213.5000           	27.6000            	3.4250             	5.8926             	4.7960             	0.5810             	59.9900            	0.0000             	0.0000             	0.0000             
147                	2021-01-29 13:37:23	213.7000           	29.2500            	3.6110             	6.2507             	5.1052             	0.5770             	60.0000            	0.0000             	0.0000             	0.0000             
148                	2021-01-29 13:37:24	213.5000           	28.0200            	3.4760             	5.9823             	4.8733             	0.5800             	60.0000            	0.0000             	0.0000             	0.0000             
149                	2021-01-29 13:37:25	213.7000           	33.9300            	4.1480             	7.2508             	5.9526             	0.5710             	60.0000            	0.0000             	0.0000             	0.0000             
150                	2021-01-29 13:37:27	213.9000           	37.1900            	4.5630             	7.9549             	6.5195             	0.5730             	60.0000            	0.0000             	0.0000             	0.0000             
151                	2021-01-29 13:37:28	214.0000           	37.7700            	4.6310             	8.0828             	6.6299             	0.5720             	60.0000            	0.0000             	0.0000             	0.0000             
152                	2021-01-29 13:37:29	213.9000           	37.7200            	4.6330             	8.0683             	6.6068             	0.5740             	60.0100            	0.0000             	0.0000             	0.0000             
153                	2021-01-29 13:37:30	214.1000           	37.7700            	4.6270             	8.0866             	6.6330             	0.5720             	60.0100            	0.0000             	0.0000             	0.0000             
154                	2021-01-29 13:37:31	214.1000           	37.3000            	4.5790             	7.9859             	6.5449             	0.5730             	60.0000            	0.0000             	0.0000             	0.0000             
155                	2021-01-29 13:37:32	214.0000           	37.2700            	4.5700             	7.9758             	6.5422             	0.5720             	60.0100            	0.0000             	0.0000             	0.0000             
156                	2021-01-29 13:37:33	214.1000           	37.3000            	4.5730             	7.9859             	6.5505             	0.5720             	60.0100            	0.0000             	0.0000             	0.0000             
157                	2021-01-29 13:37:34	214.2000           	37.1800            	4.5680             	7.9640             	6.5269             	0.5730             	60.0100            	0.0000             	0.0000             	0.0000             
158                	2021-01-29 13:37:35	214.2000           	32.8300            	4.0810             	7.0322             	5.7285             	0.5800             	60.0100            	0.0000             	0.0000             	0.0000             
159                	2021-01-29 13:37:36	214.2000           	27.8700            	3.4700             	5.9698             	4.8588             	0.5810             	60.0100            	0.0000             	0.0000             	0.0000             
160                	2021-01-29 13:37:37	214.1000           	26.7800            	3.3620             	5.7336             	4.6460             	0.5860             	60.0200            	0.0000             	0.0000             	0.0000             
161                	2021-01-29 13:37:39	214.1000           	26.8000            	3.3580             	5.7379             	4.6536             	0.5850             	60.0200            	0.0000             	0.0000             	0.0000             
162                	2021-01-29 13:37:40	214.1000           	27.7700            	3.4550             	5.9456             	4.8391             	0.5810             	60.0200            	0.0000             	0.0000             	0.0000             
163                	2021-01-29 13:37:41	214.2000           	26.7700            	3.3590             	5.7341             	4.6506             	0.5850             	60.0200            	0.0000             	0.0000             	0.0000             
164                	2021-01-29 13:37:42	214.2000           	26.8300            	3.3630             	5.7470             	4.6610             	0.5850             	60.0200            	0.0000             	0.0000             	0.0000             
165                	2021-01-29 13:37:43	214.0000           	27.8100            	3.4580             	5.9513             	4.8481             	0.5800             	60.0200            	0.0000             	0.0000             	0.0000             
166                	2021-01-29 13:37:44	214.3000           	26.7900            	3.3610             	5.7411             	4.6562             	0.5850             	60.0200            	0.0000             	0.0000             	0.0000             
167                	2021-01-29 13:37:45	214.2000           	27.7700            	3.4590             	5.9483             	4.8414             	0.5810             	60.0200            	0.0000             	0.0000             	0.0000             
168                	2021-01-29 13:37:46	214.4000           	23.3600            	2.8740             	5.0084             	4.1046             	0.5730             	60.0200            	0.0000             	0.0000             	0.0000             
169                	2021-01-29 13:37:47	214.3000           	26.5200            	3.3380             	5.6832             	4.6011             	0.5870             	60.0200            	0.0000             	0.0000             	0.0000             
170                	2021-01-29 13:37:48	214.4000           	38.0500            	4.6470             	8.1579             	6.7086             	0.5690             	60.0200            	0.0000             	0.0000             	0.0000             
171                	2021-01-29 13:37:49	214.4000           	38.1500            	4.6480             	8.1794             	6.7318             	0.5680             	60.0300            	0.0000             	0.0000             	0.0000             
172                	2021-01-29 13:37:51	214.4000           	38.5200            	4.6850             	8.2587             	6.8028             	0.5670             	60.0300            	0.0000             	0.0000             	0.0000             
173                	2021-01-29 13:37:52	214.5000           	38.5700            	4.6810             	8.2733             	6.8262             	0.5650             	60.0300            	0.0000             	0.0000             	0.0000             
174                	2021-01-29 13:37:53	214.5000           	38.5800            	4.6880             	8.2754             	6.8223             	0.5660             	60.0300            	0.0000             	0.0000             	0.0000             
175                	2021-01-29 13:37:54	214.3000           	38.5500            	4.6750             	8.2613             	6.8163             	0.5650             	60.0300            	0.0000             	0.0000             	0.0000             
176                	2021-01-29 13:37:55	214.4000           	38.6500            	4.6870             	8.2866             	6.8372             	0.5650             	60.0300            	0.0000             	0.0000             	0.0000             
177                	2021-01-29 13:37:56	214.4000           	34.3800            	4.2040             	7.3711             	6.0564             	0.5700             	60.0200            	0.0000             	0.0000             	0.0000             
178                	2021-01-29 13:37:57	214.3000           	33.3700            	4.1150             	7.1512             	5.8508             	0.5750             	60.0300            	0.0000             	0.0000             	0.0000             
179                	2021-01-29 13:37:58	214.3000           	29.2500            	3.5880             	6.2683             	5.1416             	0.5720             	60.0200            	0.0000             	0.0000             	0.0000             
180                	2021-01-29 13:37:59	214.2000           	27.0800            	3.3650             	5.8005             	4.7252             	0.5800             	60.0300            	0.0000             	0.0000             	0.0000             
181                	2021-01-29 13:38:00	214.2000           	27.0300            	3.3620             	5.7898             	4.7165             	0.5800             	60.0200            	0.0000             	0.0000             	0.0000             
182                	2021-01-29 13:38:02	214.0000           	27.0800            	3.3610             	5.7951             	4.7249             	0.5790             	60.0200            	0.0000             	0.0000             	0.0000             
183                	2021-01-29 13:38:03	214.3000           	28.2900            	3.5010             	6.0625             	4.9515             	0.5770             	60.0200            	0.0000             	0.0000             	0.0000             
184                	2021-01-29 13:38:04	214.2000           	26.8000            	3.3530             	5.7406             	4.6640             	0.5830             	60.0200            	0.0000             	0.0000             	0.0000             
185                	2021-01-29 13:38:05	214.1000           	27.7400            	3.4620             	5.9391             	4.8296             	0.5820             	60.0300            	0.0000             	0.0000             	0.0000             
186                	2021-01-29 13:38:06	213.8000           	28.6100            	3.5480             	6.1168             	4.9872             	0.5790             	60.0300            	0.0000             	0.0000             	0.0000             
187                	2021-01-29 13:38:07	214.1000           	17.6100            	2.1850             	3.7703             	3.0740             	0.5790             	60.0300            	0.0000             	0.0000             	0.0000             
188                	2021-01-29 13:38:08	213.9000           	33.3700            	4.0650             	7.1378             	5.8697             	0.5690             	60.0600            	0.0000             	0.0000             	0.0000             
189                	2021-01-29 13:38:09	214.0000           	37.2700            	4.5670             	7.9758             	6.5422             	0.5720             	60.0600            	0.0000             	0.0000             	0.0000             
190                	2021-01-29 13:38:11	213.8000           	37.1700            	4.5580             	7.9469             	6.5130             	0.5730             	60.0300            	0.0000             	0.0000             	0.0000             
191                	2021-01-29 13:38:12	213.8000           	37.4100            	4.5580             	7.9983             	6.5773             	0.5690             	60.0300            	0.0000             	0.0000             	0.0000             
192                	2021-01-29 13:38:13	214.1000           	37.5500            	4.5800             	8.0395             	6.6111             	0.5690             	60.0300            	0.0000             	0.0000             	0.0000             
193                	2021-01-29 13:38:14	213.9000           	37.3600            	4.5620             	7.9913             	6.5605             	0.5710             	60.0200            	0.0000             	0.0000             	0.0000             
194                	2021-01-29 13:38:15	213.9000           	37.3900            	4.5690             	7.9977             	6.5657             	0.5710             	60.0200            	0.0000             	0.0000             	0.0000             
195                	2021-01-29 13:38:16	213.9000           	37.5700            	4.5890             	8.0362             	6.6029             	0.5700             	60.0200            	0.0000             	0.0000             	0.0000             
196                	2021-01-29 13:38:17	214.1000           	37.3200            	4.5650             	7.9902             	6.5651             	0.5700             	60.0300            	0.0000             	0.0000             	0.0000             
197                	2021-01-29 13:38:19	214.1000           	33.4200            	4.1250             	7.1552             	5.8490             	0.5760             	60.0300            	0.0000             	0.0000             	0.0000             
198                	2021-01-29 13:38:20	213.9000           	33.4000            	4.1230             	7.1443             	5.8350             	0.5770             	60.0300            	0.0000             	0.0000             	0.0000             
199                	2021-01-29 13:38:21	213.7000           	26.9200            	3.3570             	5.7528             	4.6740             	0.5830             	60.0200            	0.0000             	0.0000             	0.0000             
200                	2021-01-29 13:38:22	214.0000           	27.6700            	3.4550             	5.9214             	4.8110             	0.5830             	60.0200            	0.0000             	0.0000             	0.0000             
201                	2021-01-29 13:38:23	213.8000           	26.6500            	3.3550             	5.6978             	4.6087             	0.5880             	60.0200            	0.0000             	0.0000             	0.0000             
202                	2021-01-29 13:38:24	213.8000           	26.7100            	3.3650             	5.7106             	4.6149             	0.5890             	60.0200            	0.0000             	0.0000             	0.0000             
203                	2021-01-29 13:38:25	213.7000           	27.7100            	3.4720             	5.9216             	4.8026             	0.5850             	60.0200            	0.0000             	0.0000             	0.0000             
204                	2021-01-29 13:38:26	213.9000           	26.6800            	3.3600             	5.7069             	4.6160             	0.5880             	60.0300            	0.0000             	0.0000             	0.0000             
205                	2021-01-29 13:38:27	214.3000           	27.7500            	3.4660             	5.9468             	4.8359             	0.5820             	60.0300            	0.0000             	0.0000             	0.0000             
206                	2021-01-29 13:38:28	214.3000           	26.8700            	3.3830             	5.7582             	4.6618             	0.5870             	60.0200            	0.0000             	0.0000             	0.0000             
207                	2021-01-29 13:38:29	214.2000           	26.3300            	3.3200             	5.6399             	4.5619             	0.5880             	60.0200            	0.0000             	0.0000             	0.0000             
208                	2021-01-29 13:38:31	214.2000           	26.2500            	3.3150             	5.6227             	4.5439             	0.5890             	60.0200            	0.0000             	0.0000             	0.0000             
209                	2021-01-29 13:38:32	214.3000           	26.3000            	3.3210             	5.6361             	4.5547             	0.5890             	60.0200            	0.0000             	0.0000             	0.0000             
210                	2021-01-29 13:38:33	213.9000           	26.2200            	3.3140             	5.6085             	4.5283             	0.5900             	60.0200            	0.0000             	0.0000             	0.0000             
211                	2021-01-29 13:38:34	213.9000           	26.2600            	3.3210             	5.6170             	4.5352             	0.5900             	60.0100            	0.0000             	0.0000             	0.0000             
212                	2021-01-29 13:38:35	214.0000           	26.1700            	3.3170             	5.6004             	4.5136             	0.5920             	60.0200            	0.0000             	0.0000             	0.0000             
213                	2021-01-29 13:38:36	214.2000           	26.1200            	3.3180             	5.5949             	4.5050             	0.5930             	60.0200            	0.0000             	0.0000             	0.0000             
