No.                	Time               	Voltage[ V ]       	Current[ mA ]      	Active Power[ W ]  	Apparent Power[ VA ]	Reactive Power[ Var ]	Power Factor[ PF ] 	Frequency[ Hz ]    	Watt Hours[ Wh ]   	CO2[ g ]           	Cost[ Dollar ]     
1                  	2021-01-28 22:15:41	214.9000           	16.3200            	2.0180             	3.5072             	2.8694             	0.5750             	60.0000            	0.0000             	0.0000             	0.0000             
2                  	2021-01-28 22:15:42	215.2000           	16.4000            	2.0260             	3.5293             	2.8924             	0.5730             	60.0000            	0.0000             	0.0000             	0.0000             
3                  	2021-01-28 22:15:43	215.2000           	30.7500            	3.5240             	6.6174             	5.6032             	0.5320             	60.0000            	0.0000             	0.0000             	0.0000             
4                  	2021-01-28 22:15:44	215.6000           	31.0100            	3.5680             	6.6858             	5.6569             	0.5330             	60.0000            	0.0000             	0.0000             	0.0000             
5                  	2021-01-28 22:15:45	215.7000           	27.8200            	3.2870             	6.0008             	5.0234             	0.5470             	60.0000            	0.0000             	0.0000             	0.0000             
6                  	2021-01-28 22:15:46	215.7000           	26.4800            	3.1660             	5.7117             	4.7551             	0.5540             	60.0000            	0.0000             	0.0000             	0.0000             
7                  	2021-01-28 22:15:48	215.8000           	28.0400            	3.3100             	6.0510             	5.0695             	0.5460             	60.0100            	0.0000             	0.0000             	0.0000             
8                  	2021-01-28 22:15:49	215.8000           	28.2400            	3.3280             	6.0942             	5.1056             	0.5460             	60.0100            	0.0000             	0.0000             	0.0000             
9                  	2021-01-28 22:15:50	215.7000           	28.1600            	3.3310             	6.0741             	5.0809             	0.5480             	60.0100            	0.0000             	0.0000             	0.0000             
10                 	2021-01-28 22:15:51	215.8000           	27.8300            	3.2940             	6.0057             	5.0236             	0.5480             	60.0100            	0.0000             	0.0000             	0.0000             
11                 	2021-01-28 22:15:52	215.6000           	27.5600            	3.2680             	5.9419             	4.9664             	0.5490             	60.0100            	0.0000             	0.0000             	0.0000             
12                 	2021-01-28 22:15:53	215.7000           	27.7200            	3.2870             	5.9792             	4.9976             	0.5490             	60.0100            	0.0000             	0.0000             	0.0000             
13                 	2021-01-28 22:15:54	215.8000           	27.5800            	3.2720             	5.9518             	4.9746             	0.5490             	60.0100            	0.0000             	0.0000             	0.0000             
14                 	2021-01-28 22:15:56	215.8000           	26.6700            	3.1800             	5.7554             	4.7991             	0.5520             	60.0100            	0.0000             	0.0000             	0.0000             
15                 	2021-01-28 22:15:57	215.8000           	13.8300            	1.7510             	2.9845             	2.4184             	0.5860             	60.0100            	0.0000             	0.0000             	0.0000             
16                 	2021-01-28 22:15:58	215.8000           	14.6400            	1.8330             	3.1593             	2.5759             	0.5790             	60.0000            	0.0000             	0.0000             	0.0000             
17                 	2021-01-28 22:15:59	215.8000           	14.7100            	1.8400             	3.1744             	2.5882             	0.5790             	60.0000            	0.0000             	0.0000             	0.0000             
18                 	2021-01-28 22:16:00	215.6000           	13.9200            	1.7510             	3.0012             	2.4384             	0.5830             	60.0000            	0.0000             	0.0000             	0.0000             
19                 	2021-01-28 22:16:01	215.7000           	13.8800            	1.7490             	2.9939             	2.4303             	0.5840             	59.9900            	0.0000             	0.0000             	0.0000             
20                 	2021-01-28 22:16:02	215.5000           	13.8900            	1.7500             	2.9933             	2.4298             	0.5840             	59.9900            	0.0000             	0.0000             	0.0000             
21                 	2021-01-28 22:16:03	215.6000           	13.9700            	1.7560             	3.0119             	2.4493             	0.5820             	59.9900            	0.0000             	0.0000             	0.0000             
22                 	2021-01-28 22:16:04	215.5000           	13.9300            	1.7550             	3.0019             	2.4368             	0.5840             	59.9900            	0.0000             	0.0000             	0.0000             
23                 	2021-01-28 22:16:05	215.6000           	13.9000            	1.7490             	2.9968             	2.4348             	0.5830             	59.9800            	0.0000             	0.0000             	0.0000             
24                 	2021-01-28 22:16:06	215.5000           	25.0100            	3.0170             	5.3897             	4.4689             	0.5590             	59.9800            	0.0000             	0.0000             	0.0000             
25                 	2021-01-28 22:16:07	215.6000           	25.2200            	3.0400             	5.4374             	4.5085             	0.5590             	59.9800            	0.0000             	0.0000             	0.0000             
26                 	2021-01-28 22:16:09	215.6000           	26.6300            	3.1790             	5.7414             	4.7837             	0.5530             	59.9800            	0.0000             	0.0000             	0.0000             
27                 	2021-01-28 22:16:10	215.6000           	28.4000            	3.3410             	6.1230             	5.1338             	0.5450             	59.9800            	0.0000             	0.0000             	0.0000             
28                 	2021-01-28 22:16:11	215.5000           	28.7800            	3.3820             	6.2021             	5.2041             	0.5440             	59.9800            	0.0000             	0.0000             	0.0000             
29                 	2021-01-28 22:16:12	215.6000           	28.2200            	3.3290             	6.0842             	5.0933             	0.5470             	59.9800            	0.0000             	0.0000             	0.0000             
30                 	2021-01-28 22:16:13	215.5000           	29.2100            	3.4040             	6.2948             	5.2981             	0.5400             	59.9800            	0.0000             	0.0000             	0.0000             
31                 	2021-01-28 22:16:14	215.6000           	28.4200            	3.3490             	6.1274             	5.1334             	0.5460             	59.9800            	0.0000             	0.0000             	0.0000             
32                 	2021-01-28 22:16:15	215.6000           	28.6600            	3.3630             	6.1791             	5.1848             	0.5440             	59.9800            	0.0000             	0.0000             	0.0000             
33                 	2021-01-28 22:16:16	215.6000           	28.5000            	3.3620             	6.1446             	5.1479             	0.5460             	59.9800            	0.0000             	0.0000             	0.0000             
34                 	2021-01-28 22:16:17	215.5000           	25.0300            	3.0320             	5.3940             	4.4615             	0.5620             	59.9800            	0.0000             	0.0000             	0.0000             
35                 	2021-01-28 22:16:18	215.7000           	25.2300            	3.0440             	5.4421             	4.5124             	0.5590             	59.9800            	0.0000             	0.0000             	0.0000             
36                 	2021-01-28 22:16:19	215.7000           	26.4000            	3.1460             	5.6945             	4.7483             	0.5520             	59.9800            	0.0000             	0.0000             	0.0000             
37                 	2021-01-28 22:16:20	215.9000           	26.2900            	3.1500             	5.6760             	4.7254             	0.5540             	59.9800            	0.0000             	0.0000             	0.0000             
38                 	2021-01-28 22:16:21	215.8000           	25.9400            	3.1130             	5.5979             	4.6566             	0.5550             	59.9800            	0.0000             	0.0000             	0.0000             
39                 	2021-01-28 22:16:23	215.9000           	26.3400            	3.1520             	5.6868             	4.7344             	0.5540             	59.9900            	0.0000             	0.0000             	0.0000             
40                 	2021-01-28 22:16:24	215.8000           	28.8500            	3.3770             	6.2258             	5.2321             	0.5420             	59.9900            	0.0000             	0.0000             	0.0000             
41                 	2021-01-28 22:16:25	215.8000           	30.3000            	3.5170             	6.5387             	5.5160             	0.5370             	59.9800            	0.0000             	0.0000             	0.0000             
42                 	2021-01-28 22:16:26	215.8000           	30.4400            	3.5040             	6.5690             	5.5581             	0.5330             	59.9800            	0.0000             	0.0000             	0.0000             
43                 	2021-01-28 22:16:27	215.7000           	28.1900            	3.3090             	6.0806             	5.1061             	0.5430             	59.9800            	0.0000             	0.0000             	0.0000             
44                 	2021-01-28 22:16:28	215.7000           	32.8600            	3.7520             	7.0879             	6.0149             	0.5290             	59.9800            	0.0000             	0.0000             	0.0000             
45                 	2021-01-28 22:16:29	215.7000           	31.0800            	3.5790             	6.7040             	5.6723             	0.5330             	59.9800            	0.0000             	0.0000             	0.0000             
46                 	2021-01-28 22:16:31	215.6000           	33.2800            	3.7780             	7.1752             	6.1024             	0.5260             	59.9800            	0.0000             	0.0000             	0.0000             
47                 	2021-01-28 22:16:32	215.6000           	30.7400            	3.5500             	6.6275             	5.5993             	0.5350             	59.9800            	0.0000             	0.0000             	0.0000             
48                 	2021-01-28 22:16:33	215.7000           	30.7800            	3.5460             	6.6392             	5.6134             	0.5340             	59.9800            	0.0000             	0.0000             	0.0000             
49                 	2021-01-28 22:16:34	215.8000           	27.9400            	3.2900             	6.0295             	5.0553             	0.5450             	59.9800            	0.0000             	0.0000             	0.0000             
50                 	2021-01-28 22:16:35	215.7000           	28.8800            	3.3750             	6.2294             	5.2391             	0.5410             	59.9900            	0.0000             	0.0000             	0.0000             
51                 	2021-01-28 22:16:36	215.8000           	29.2700            	3.4190             	6.3165             	5.3123             	0.5410             	60.0000            	0.0000             	0.0000             	0.0000             
52                 	2021-01-28 22:16:37	215.8000           	30.3600            	3.5060             	6.5517             	5.5352             	0.5350             	59.9900            	0.0000             	0.0000             	0.0000             
53                 	2021-01-28 22:16:38	215.8000           	28.7200            	3.3610             	6.1978             	5.2085             	0.5420             	59.9900            	0.0000             	0.0000             	0.0000             
54                 	2021-01-28 22:16:39	215.8000           	26.7800            	3.1920             	5.7791             	4.8189             	0.5520             	59.9900            	0.0000             	0.0000             	0.0000             
55                 	2021-01-28 22:16:41	215.7000           	29.5400            	3.4400             	6.3718             	5.3670             	0.5390             	60.0000            	0.0000             	0.0000             	0.0000             
56                 	2021-01-28 22:16:42	215.8000           	30.8800            	3.5560             	6.6639             	5.6384             	0.5330             	60.0000            	0.0000             	0.0000             	0.0000             
57                 	2021-01-28 22:16:43	215.6000           	57.9100            	5.8770             	12.4854            	11.0204            	0.4700             	60.0000            	0.0000             	0.0000             	0.0000             
58                 	2021-01-28 22:16:44	215.7000           	59.7500            	5.9820             	12.8881            	11.4167            	0.4640             	60.0000            	0.0000             	0.0000             	0.0000             
59                 	2021-01-28 22:16:45	215.6000           	60.6500            	6.0650             	13.0761            	11.5901            	0.4630             	60.0000            	0.0000             	0.0000             	0.0000             
60                 	2021-01-28 22:16:46	215.8000           	26.1000            	3.1270             	5.6324             	4.6891             	0.5540             	60.0000            	0.0000             	0.0000             	0.0000             
61                 	2021-01-28 22:16:47	215.7000           	21.7000            	2.6570             	4.6807             	3.8556             	0.5670             	60.0000            	0.0000             	0.0000             	0.0000             
62                 	2021-01-28 22:16:48	215.8000           	16.1200            	2.0090             	3.4787             	2.8412             	0.5770             	60.0000            	0.0000             	0.0000             	0.0000             
63                 	2021-01-28 22:16:49	215.6000           	16.0900            	2.0090             	3.4690             	2.8308             	0.5780             	59.9900            	0.0000             	0.0000             	0.0000             
64                 	2021-01-28 22:16:51	215.8000           	15.1100            	1.9050             	3.2607             	2.6469             	0.5840             	60.0100            	0.0000             	0.0000             	0.0000             
65                 	2021-01-28 22:16:52	215.8000           	16.3400            	2.0320             	3.5262             	2.8825             	0.5760             	60.0100            	0.0000             	0.0000             	0.0000             
66                 	2021-01-28 22:16:53	215.8000           	16.1700            	2.0190             	3.4895             	2.8475             	0.5780             	60.0100            	0.0000             	0.0000             	0.0000             
67                 	2021-01-28 22:16:54	215.7000           	15.1300            	1.9150             	3.2635             	2.6445             	0.5860             	60.0100            	0.0000             	0.0000             	0.0000             
68                 	2021-01-28 22:16:55	215.7000           	16.9600            	2.0720             	3.6583             	3.0159             	0.5660             	60.0200            	0.0000             	0.0000             	0.0000             
69                 	2021-01-28 22:16:56	215.6000           	28.8100            	3.3760             	6.2114             	5.2159             	0.5430             	60.0100            	0.0000             	0.0000             	0.0000             
70                 	2021-01-28 22:16:57	215.8000           	26.3800            	3.1610             	5.6928             	4.7356             	0.5550             	60.0100            	0.0000             	0.0000             	0.0000             
71                 	2021-01-28 22:16:59	215.7000           	28.2000            	3.3320             	6.0827             	5.0921             	0.5470             	60.0200            	0.0000             	0.0000             	0.0000             
72                 	2021-01-28 22:17:00	215.7000           	26.0600            	3.1280             	5.6211             	4.6722             	0.5560             	60.0200            	0.0000             	0.0000             	0.0000             
73                 	2021-01-28 22:17:01	215.6000           	26.1000            	3.1400             	5.6272             	4.6696             	0.5580             	60.0200            	0.0000             	0.0000             	0.0000             
74                 	2021-01-28 22:17:02	215.7000           	25.1500            	3.0470             	5.4249             	4.4908             	0.5610             	60.0300            	0.0000             	0.0000             	0.0000             
75                 	2021-01-28 22:17:03	215.7000           	25.1700            	3.0490             	5.4292             	4.4944             	0.5610             	60.0300            	0.0000             	0.0000             	0.0000             
76                 	2021-01-28 22:17:04	215.8000           	26.1600            	3.1480             	5.6453             	4.6885             	0.5570             	60.0300            	0.0000             	0.0000             	0.0000             
77                 	2021-01-28 22:17:05	215.7000           	29.3500            	3.4280             	6.3308             	5.3243             	0.5410             	60.0300            	0.0000             	0.0000             	0.0000             
78                 	2021-01-28 22:17:06	215.7000           	28.6500            	3.3490             	6.1798             	5.1974             	0.5410             	60.0200            	0.0000             	0.0000             	0.0000             
79                 	2021-01-28 22:17:07	215.7000           	56.9600            	5.8240             	12.2863            	10.8250            	0.4730             	60.0200            	0.0000             	0.0000             	0.0000             
80                 	2021-01-28 22:17:08	215.8000           	56.9300            	5.9310             	12.2855            	10.8829            	0.4640             	60.0200            	0.0000             	0.0000             	0.0000             
81                 	2021-01-28 22:17:09	215.8000           	58.8200            	5.9500             	12.6934            	11.2175            	0.4680             	60.0100            	0.0000             	0.0000             	0.0000             
82                 	2021-01-28 22:17:10	215.8000           	25.6300            	3.0910             	5.5310             	4.5898             	0.5580             	60.0200            	0.0000             	0.0000             	0.0000             
83                 	2021-01-28 22:17:12	215.8000           	21.1300            	2.6130             	4.5599             	3.7402             	0.5720             	60.0200            	0.0000             	0.0000             	0.0000             
84                 	2021-01-28 22:17:13	215.7000           	21.3500            	2.6410             	4.6052             	3.7742             	0.5730             	60.0100            	0.0000             	0.0000             	0.0000             
85                 	2021-01-28 22:17:14	215.8000           	16.0800            	2.0010             	3.4701             	2.8366             	0.5760             	60.0100            	0.0000             	0.0000             	0.0000             
86                 	2021-01-28 22:17:15	215.9000           	14.9500            	1.8880             	3.2277             	2.6201             	0.5840             	60.0100            	0.0000             	0.0000             	0.0000             
87                 	2021-01-28 22:17:16	215.9000           	16.1200            	2.0120             	3.4803             	2.8401             	0.5780             	60.0200            	0.0000             	0.0000             	0.0000             
88                 	2021-01-28 22:17:17	215.9000           	15.1200            	1.9110             	3.2644             	2.6475             	0.5850             	60.0200            	0.0000             	0.0000             	0.0000             
89                 	2021-01-28 22:17:18	215.9000           	15.1500            	1.9150             	3.2709             	2.6528             	0.5850             	60.0200            	0.0000             	0.0000             	0.0000             
90                 	2021-01-28 22:17:19	215.9000           	15.7500            	1.9710             	3.4004             	2.7725             	0.5790             	60.0300            	0.0000             	0.0000             	0.0000             
91                 	2021-01-28 22:17:21	215.8000           	20.2100            	2.3790             	4.3613             	3.6567             	0.5450             	60.0300            	0.0000             	0.0000             	0.0000             
92                 	2021-01-28 22:17:22	215.8000           	25.8900            	3.1080             	5.5871             	4.6439             	0.5560             	60.0300            	0.0000             	0.0000             	0.0000             
93                 	2021-01-28 22:17:23	215.8000           	25.2700            	3.0520             	5.4533             	4.5217             	0.5590             	60.0300            	0.0000             	0.0000             	0.0000             
94                 	2021-01-28 22:17:24	215.8000           	25.3200            	3.0620             	5.4641             	4.5269             	0.5600             	60.0300            	0.0000             	0.0000             	0.0000             
95                 	2021-01-28 22:17:25	216.0000           	25.2600            	3.0560             	5.4562             	4.5241             	0.5590             	60.0200            	0.0000             	0.0000             	0.0000             
96                 	2021-01-28 22:17:26	216.0000           	25.3500            	3.0600             	5.4756             	4.5439             	0.5580             	60.0200            	0.0000             	0.0000             	0.0000             
97                 	2021-01-28 22:17:27	216.0000           	26.0200            	3.1360             	5.6203             	4.6677             	0.5570             	60.0200            	0.0000             	0.0000             	0.0000             
98                 	2021-01-28 22:17:28	215.9000           	26.2800            	3.1480             	5.6739             	4.7236             	0.5540             	60.0200            	0.0000             	0.0000             	0.0000             
99                 	2021-01-28 22:17:29	216.1000           	31.7500            	3.5880             	6.8612             	5.8522             	0.5220             	60.0200            	0.0000             	0.0000             	0.0000             
100                	2021-01-28 22:17:30	215.9000           	57.5300            	5.8530             	12.4207            	10.9567            	0.4710             	60.0200            	0.0000             	0.0000             	0.0000             
101                	2021-01-28 22:17:32	216.0000           	59.6000            	5.9740             	12.8736            	11.4106            	0.4630             	60.0300            	0.0000             	0.0000             	0.0000             
102                	2021-01-28 22:17:33	216.0000           	26.1000            	3.1300             	5.6376             	4.6934             	0.5540             	60.0300            	0.0000             	0.0000             	0.0000             
103                	2021-01-28 22:17:34	216.1000           	21.7800            	2.6860             	4.7067             	3.8672             	0.5700             	60.0300            	0.0000             	0.0000             	0.0000             
104                	2021-01-28 22:17:35	215.9000           	21.1400            	2.6140             	4.5641             	3.7437             	0.5720             	60.0400            	0.0000             	0.0000             	0.0000             
105                	2021-01-28 22:17:36	215.9000           	23.9500            	2.7610             	5.1708             	4.3751             	0.5330             	60.0400            	0.0000             	0.0000             	0.0000             
106                	2021-01-28 22:17:37	216.1000           	16.0500            	2.0020             	3.4684             	2.8328             	0.5770             	60.0300            	0.0000             	0.0000             	0.0000             
107                	2021-01-28 22:17:38	216.0000           	15.0300            	1.8980             	3.2465             	2.6353             	0.5840             	60.0300            	0.0000             	0.0000             	0.0000             
108                	2021-01-28 22:17:39	216.2000           	15.0400            	1.9150             	3.2516             	2.6301             	0.5880             	60.0300            	0.0000             	0.0000             	0.0000             
109                	2021-01-28 22:17:40	216.1000           	16.1500            	2.0050             	3.4900             	2.8578             	0.5740             	60.0300            	0.0000             	0.0000             	0.0000             
110                	2021-01-28 22:17:42	216.1000           	15.2700            	1.9310             	3.2998             	2.6787             	0.5840             	60.0300            	0.0000             	0.0000             	0.0000             
111                	2021-01-28 22:17:43	216.1000           	14.9000            	1.8860             	3.2199             	2.6114             	0.5850             	60.0300            	0.0000             	0.0000             	0.0000             
112                	2021-01-28 22:17:44	216.2000           	26.6400            	3.1800             	5.7596             	4.8026             	0.5520             	60.0200            	0.0000             	0.0000             	0.0000             
113                	2021-01-28 22:17:45	216.2000           	25.2700            	3.0610             	5.4634             	4.5264             	0.5600             	60.0200            	0.0000             	0.0000             	0.0000             
114                	2021-01-28 22:17:46	216.1000           	25.3700            	3.0620             	5.4825             	4.5496             	0.5580             	60.0200            	0.0000             	0.0000             	0.0000             
115                	2021-01-28 22:17:47	216.0000           	25.3300            	3.0640             	5.4713             	4.5366             	0.5590             	60.0200            	0.0000             	0.0000             	0.0000             
116                	2021-01-28 22:17:48	216.0000           	25.2200            	3.0550             	5.4475             	4.5132             	0.5600             	60.0300            	0.0000             	0.0000             	0.0000             
117                	2021-01-28 22:17:50	215.9000           	26.3400            	3.1560             	5.6868             	4.7344             	0.5540             	60.0100            	0.0000             	0.0000             	0.0000             
118                	2021-01-28 22:17:51	216.0000           	26.8500            	3.1920             	5.7996             	4.8436             	0.5500             	60.0100            	0.0000             	0.0000             	0.0000             
119                	2021-01-28 22:17:52	216.0000           	57.3200            	5.8410             	12.3811            	10.9218            	0.4710             	60.0100            	0.0000             	0.0000             	0.0000             
120                	2021-01-28 22:17:53	216.1000           	59.5000            	5.9460             	12.8579            	11.4035            	0.4620             	60.0000            	0.0000             	0.0000             	0.0000             
121                	2021-01-28 22:17:54	216.0000           	58.8300            	5.9570             	12.7073            	11.2298            	0.4680             	60.0000            	0.0000             	0.0000             	0.0000             
122                	2021-01-28 22:17:55	216.0000           	28.5600            	3.2890             	6.1690             	5.2235             	0.5320             	60.0000            	0.0000             	0.0000             	0.0000             
123                	2021-01-28 22:17:56	216.1000           	21.6100            	2.6690             	4.6699             	3.8338             	0.5710             	60.0000            	0.0000             	0.0000             	0.0000             
124                	2021-01-28 22:17:57	216.1000           	15.7500            	1.9770             	3.4036             	2.7726             	0.5800             	60.0000            	0.0000             	0.0000             	0.0000             
125                	2021-01-28 22:17:58	216.0000           	16.9200            	2.0730             	3.6547             	3.0105             	0.5670             	60.0000            	0.0000             	0.0000             	0.0000             
126                	2021-01-28 22:17:59	216.0000           	15.6200            	1.9570             	3.3739             	2.7508             	0.5790             	59.9900            	0.0000             	0.0000             	0.0000             
127                	2021-01-28 22:18:00	216.0000           	14.9100            	1.8930             	3.2206             	2.6073             	0.5870             	59.9900            	0.0000             	0.0000             	0.0000             
128                	2021-01-28 22:18:01	215.8000           	14.9300            	1.8990             	3.2219             	2.6037             	0.5890             	59.9900            	0.0000             	0.0000             	0.0000             
129                	2021-01-28 22:18:03	215.8000           	14.8000            	2.0130             	3.1938             	2.6040             	0.5790             	59.9800            	0.0000             	0.0000             	0.0000             
130                	2021-01-28 22:18:04	215.9000           	14.9600            	1.8970             	3.2299             	2.6149             	0.5870             	59.9800            	0.0000             	0.0000             	0.0000             
131                	2021-01-28 22:18:05	215.8000           	15.1400            	1.9320             	3.2672             	2.6356             	0.5910             	59.9800            	0.0000             	0.0000             	0.0000             
132                	2021-01-28 22:18:06	215.9000           	26.2000            	3.1450             	5.6566             	4.7054             	0.5550             	59.9800            	0.0000             	0.0000             	0.0000             
133                	2021-01-28 22:18:07	216.0000           	25.2800            	3.0600             	5.4605             	4.5240             	0.5600             	59.9800            	0.0000             	0.0000             	0.0000             
134                	2021-01-28 22:18:08	216.0000           	26.6200            	3.1880             	5.7499             	4.7869             	0.5540             	59.9800            	0.0000             	0.0000             	0.0000             
135                	2021-01-28 22:18:09	215.9000           	25.1700            	3.0470             	5.4342             	4.5022             	0.5600             	59.9800            	0.0000             	0.0000             	0.0000             
136                	2021-01-28 22:18:10	215.9000           	25.2000            	3.0670             	5.4407             	4.4965             	0.5630             	60.0000            	0.0000             	0.0000             	0.0000             
137                	2021-01-28 22:18:11	216.0000           	27.3700            	3.2790             	5.9119             	4.9218             	0.5540             	59.9800            	0.0000             	0.0000             	0.0000             
138                	2021-01-28 22:18:12	216.0000           	32.5400            	3.7430             	7.0286             	5.9515             	0.5320             	59.9800            	0.0000             	0.0000             	0.0000             
139                	2021-01-28 22:18:13	215.9000           	57.4200            	5.8940             	12.3970            	10.9092            	0.4750             	59.9800            	0.0000             	0.0000             	0.0000             
140                	2021-01-28 22:18:15	215.9000           	57.4200            	5.9560             	12.3970            	10.9687            	0.4660             	59.9800            	0.0000             	0.0000             	0.0000             
141                	2021-01-28 22:18:16	215.8000           	59.4600            	5.9410             	12.8315            	11.3800            	0.4620             	59.9800            	0.0000             	0.0000             	0.0000             
142                	2021-01-28 22:18:17	215.8000           	24.8500            	3.0030             	5.3626             	4.4465             	0.5590             	59.9800            	0.0000             	0.0000             	0.0000             
143                	2021-01-28 22:18:18	215.8000           	21.5400            	2.6210             	4.6483             	3.7932             	0.5780             	59.9800            	0.0000             	0.0000             	0.0000             
144                	2021-01-28 22:18:19	215.7000           	16.0700            	2.0190             	3.4663             	2.8188             	0.5820             	59.9700            	0.0000             	0.0000             	0.0000             
145                	2021-01-28 22:18:20	215.8000           	15.1400            	1.9220             	3.2672             	2.6451             	0.5870             	59.9700            	0.0000             	0.0000             	0.0000             
146                	2021-01-28 22:18:21	215.9000           	15.0300            	1.9110             	3.2450             	2.6247             	0.5880             	59.9700            	0.0000             	0.0000             	0.0000             
147                	2021-01-28 22:18:22	215.9000           	15.9100            	1.9880             	3.4350             	2.8031             	0.5780             	59.9700            	0.0000             	0.0000             	0.0000             
148                	2021-01-28 22:18:23	215.9000           	15.1200            	1.9200             	3.2644             	2.6428             	0.5870             	59.9700            	0.0000             	0.0000             	0.0000             
149                	2021-01-28 22:18:24	216.0000           	15.6200            	1.9710             	3.3739             	2.7412             	0.5830             	59.9800            	0.0000             	0.0000             	0.0000             
150                	2021-01-28 22:18:26	215.9000           	15.7600            	1.9890             	3.4026             	2.7621             	0.5840             	59.9800            	0.0000             	0.0000             	0.0000             
151                	2021-01-28 22:18:27	216.0000           	21.2000            	2.5290             	4.5792             	3.8183             	0.5520             	59.9800            	0.0000             	0.0000             	0.0000             
152                	2021-01-28 22:18:28	215.9000           	26.2600            	3.1580             	5.6695             	4.7124             	0.5560             	59.9800            	0.0000             	0.0000             	0.0000             
153                	2021-01-28 22:18:29	215.9000           	25.3400            	3.0710             	5.4709             	4.5289             	0.5610             	59.9800            	0.0000             	0.0000             	0.0000             
154                	2021-01-28 22:18:30	215.9000           	24.9700            	3.0350             	5.3910             	4.4591             	0.5620             	59.9800            	0.0000             	0.0000             	0.0000             
155                	2021-01-28 22:18:31	215.8000           	25.2300            	3.0640             	5.4446             	4.5035             	0.5620             	59.9800            	0.0000             	0.0000             	0.0000             
156                	2021-01-28 22:18:32	215.9000           	25.3000            	3.0680             	5.4623             	4.5218             	0.5610             	59.9800            	0.0000             	0.0000             	0.0000             
157                	2021-01-28 22:18:33	215.8000           	26.1200            	3.1430             	5.6367             	4.6813             	0.5570             	59.9800            	0.0000             	0.0000             	0.0000             
158                	2021-01-28 22:18:34	215.9000           	28.1200            	3.3260             	6.0711             	5.0381             	0.5580             	59.9800            	0.0000             	0.0000             	0.0000             
159                	2021-01-28 22:18:35	215.9000           	56.4400            	5.8080             	12.1854            	10.7164            	0.4760             	59.9800            	0.0000             	0.0000             	0.0000             
160                	2021-01-28 22:18:37	215.8000           	57.8100            	5.9160             	12.4754            	10.9849            	0.4740             	59.9800            	0.0000             	0.0000             	0.0000             
161                	2021-01-28 22:18:38	216.0000           	58.3600            	5.9470             	12.6058            	11.1200            	0.4710             	59.9700            	0.0000             	0.0000             	0.0000             
162                	2021-01-28 22:18:39	215.8000           	26.0200            	3.1380             	5.6151             	4.6597             	0.5580             	59.9800            	0.0000             	0.0000             	0.0000             
163                	2021-01-28 22:18:40	215.9000           	21.0200            	2.6260             	4.5382             	3.7034             	0.5780             	59.9800            	0.0000             	0.0000             	0.0000             
164                	2021-01-28 22:18:41	215.9000           	15.4100            	1.9540             	3.3270             	2.6935             	0.5870             	59.9800            	0.0000             	0.0000             	0.0000             
165                	2021-01-28 22:18:42	215.9000           	15.9400            	1.9850             	3.4414             	2.8132             	0.5760             	59.9900            	0.0000             	0.0000             	0.0000             
166                	2021-01-28 22:18:43	216.0000           	16.1500            	2.0220             	3.4884             	2.8442             	0.5790             	59.9900            	0.0000             	0.0000             	0.0000             
167                	2021-01-28 22:18:44	215.9000           	14.8700            	1.8930             	3.2104             	2.5945             	0.5890             	59.9900            	0.0000             	0.0000             	0.0000             
168                	2021-01-28 22:18:45	216.0000           	15.2600            	1.9480             	3.2962             	2.6613             	0.5900             	59.9900            	0.0000             	0.0000             	0.0000             
169                	2021-01-28 22:18:46	215.9000           	15.0900            	1.9200             	3.2579             	2.6352             	0.5880             	60.0000            	0.0000             	0.0000             	0.0000             
170                	2021-01-28 22:18:48	216.0000           	14.7600            	1.8830             	3.1882             	2.5741             	0.5900             	60.0000            	0.0000             	0.0000             	0.0000             
171                	2021-01-28 22:18:49	215.9000           	15.6800            	1.9900             	3.3853             	2.7407             	0.5870             	60.0000            	0.0000             	0.0000             	0.0000             
172                	2021-01-28 22:18:50	215.9000           	26.2900            	3.1680             	5.6760             	4.7140             	0.5570             	59.9900            	0.0000             	0.0000             	0.0000             
173                	2021-01-28 22:18:51	216.0000           	25.2700            	3.0670             	5.4583             	4.5185             	0.5610             	59.9800            	0.0000             	0.0000             	0.0000             
174                	2021-01-28 22:18:52	215.8000           	25.2200            	3.0600             	5.4425             	4.5054             	0.5610             	59.9900            	0.0000             	0.0000             	0.0000             
175                	2021-01-28 22:18:53	215.8000           	25.2800            	3.0630             	5.4554             	4.5161             	0.5610             	59.9900            	0.0000             	0.0000             	0.0000             
176                	2021-01-28 22:18:54	216.0000           	25.3300            	3.0720             	5.4713             	4.5292             	0.5610             	59.9900            	0.0000             	0.0000             	0.0000             
177                	2021-01-28 22:18:55	215.7000           	27.1800            	3.2300             	5.8627             	4.8963             	0.5500             	59.9900            	0.0000             	0.0000             	0.0000             
178                	2021-01-28 22:18:56	215.8000           	25.9900            	3.1560             	5.6086             	4.6391             	0.5620             	59.9900            	0.0000             	0.0000             	0.0000             
179                	2021-01-28 22:18:57	215.7000           	57.1200            	5.8550             	12.3208            	10.8488            	0.4740             	59.9900            	0.0000             	0.0000             	0.0000             
180                	2021-01-28 22:18:59	215.6000           	59.5700            	5.9990             	12.8433            	11.3635            	0.4660             	59.9900            	0.0000             	0.0000             	0.0000             
181                	2021-01-28 22:19:00	215.6000           	59.0800            	5.9530             	12.7376            	11.2634            	0.4670             	59.9900            	0.0000             	0.0000             	0.0000             
182                	2021-01-28 22:19:01	215.6000           	26.1400            	3.1430             	5.6358             	4.6806             	0.5570             	60.0000            	0.0000             	0.0000             	0.0000             
183                	2021-01-28 22:19:02	215.6000           	21.0800            	2.6310             	4.5448             	3.7088             	0.5780             	60.0100            	0.0000             	0.0000             	0.0000             
184                	2021-01-28 22:19:03	215.5000           	20.3500            	2.5140             	4.3854             	3.5941             	0.5730             	60.0000            	0.0000             	0.0000             	0.0000             
185                	2021-01-28 22:19:04	215.4000           	14.8700            	1.8890             	3.2030             	2.5884             	0.5890             	60.0100            	0.0000             	0.0000             	0.0000             
186                	2021-01-28 22:19:05	215.5000           	15.9300            	1.9900             	3.4329             	2.7990             	0.5790             	60.0100            	0.0000             	0.0000             	0.0000             
187                	2021-01-28 22:19:06	215.3000           	16.2900            	2.0220             	3.5072             	2.8670             	0.5760             	60.0100            	0.0000             	0.0000             	0.0000             
188                	2021-01-28 22:19:07	215.1000           	15.0500            	1.8980             	3.2373             	2.6417             	0.5780             	60.0000            	0.0000             	0.0000             	0.0000             
189                	2021-01-28 22:19:08	215.2000           	15.9300            	1.9920             	3.4281             	2.7902             	0.5810             	60.0000            	0.0000             	0.0000             	0.0000             
190                	2021-01-28 22:19:09	215.2000           	15.0600            	1.9050             	3.2409             	2.6238             	0.5870             	60.0100            	0.0000             	0.0000             	0.0000             
191                	2021-01-28 22:19:11	215.3000           	23.2000            	2.7300             	4.9950             	4.1847             	0.5460             	60.0100            	0.0000             	0.0000             	0.0000             
192                	2021-01-28 22:19:12	215.2000           	26.5900            	3.1820             	5.7222             	4.7562             	0.5560             	60.0100            	0.0000             	0.0000             	0.0000             
193                	2021-01-28 22:19:13	215.5000           	25.3600            	3.0710             	5.4651             	4.5241             	0.5610             	60.0100            	0.0000             	0.0000             	0.0000             
194                	2021-01-28 22:19:14	215.6000           	24.8000            	3.0140             	5.3469             	4.4190             	0.5630             	60.0100            	0.0000             	0.0000             	0.0000             
195                	2021-01-28 22:19:15	215.5000           	25.4800            	3.0740             	5.4909             	4.5529             	0.5590             	60.0000            	0.0000             	0.0000             	0.0000             
196                	2021-01-28 22:19:16	215.7000           	25.3600            	3.0710             	5.4702             	4.5283             	0.5610             	60.0000            	0.0000             	0.0000             	0.0000             
197                	2021-01-28 22:19:17	215.5000           	27.5600            	3.2850             	5.9392             	4.9524             	0.5520             	60.0000            	0.0000             	0.0000             	0.0000             
198                	2021-01-28 22:19:18	215.5000           	27.1400            	3.2410             	5.8487             	4.8691             	0.5540             	60.0000            	0.0000             	0.0000             	0.0000             
199                	2021-01-28 22:19:19	215.6000           	49.8400            	5.1200             	10.7455            	9.4501             	0.4760             	60.0000            	0.0000             	0.0000             	0.0000             
200                	2021-01-28 22:19:20	215.3000           	57.3400            	6.0150             	12.3453            	10.9294            	0.4650             	60.0000            	0.0000             	0.0000             	0.0000             
201                	2021-01-28 22:19:21	215.4000           	59.9900            	6.0110             	12.9218            	11.4398            	0.4650             	60.0000            	0.0000             	0.0000             	0.0000             
202                	2021-01-28 22:19:23	215.4000           	26.1100            	3.1500             	5.6241             	4.6595             	0.5600             	60.0000            	0.0000             	0.0000             	0.0000             
203                	2021-01-28 22:19:24	215.3000           	21.9900            	2.6310             	4.7344             	3.8702             	0.5760             	60.0000            	0.0000             	0.0000             	0.0000             
204                	2021-01-28 22:19:25	215.4000           	20.8600            	2.6130             	4.4932             	3.6571             	0.5810             	60.0000            	0.0000             	0.0000             	0.0000             
205                	2021-01-28 22:19:26	215.4000           	15.9600            	1.9930             	3.4378             	2.8029             	0.5790             	60.0000            	0.0000             	0.0000             	0.0000             
206                	2021-01-28 22:19:27	215.2000           	14.9800            	1.8950             	3.2237             	2.6099             	0.5870             	59.9800            	0.0000             	0.0000             	0.0000             
207                	2021-01-28 22:19:28	215.3000           	16.0100            	1.9910             	3.4470             	2.8153             	0.5770             	59.9900            	0.0000             	0.0000             	0.0000             
208                	2021-01-28 22:19:29	215.3000           	15.1700            	1.9130             	3.2661             	2.6489             	0.5850             	59.9800            	0.0000             	0.0000             	0.0000             
209                	2021-01-28 22:19:30	215.3000           	15.0300            	1.9020             	3.2360             	2.6198             	0.5870             	59.9800            	0.0000             	0.0000             	0.0000             
210                	2021-01-28 22:19:31	215.2000           	15.9200            	1.9890             	3.4260             	2.7909             	0.5800             	59.9700            	0.0000             	0.0000             	0.0000             
211                	2021-01-28 22:19:32	215.4000           	15.8800            	1.9800             	3.4206             	2.7913             	0.5780             	59.9700            	0.0000             	0.0000             	0.0000             
212                	2021-01-28 22:19:33	215.4000           	26.2300            	3.1440             	5.6499             	4.6961             	0.5560             	59.9700            	0.0000             	0.0000             	0.0000             
213                	2021-01-28 22:19:35	215.4000           	25.4500            	3.0820             	5.4819             	4.5380             	0.5610             	59.9700            	0.0000             	0.0000             	0.0000             
214                	2021-01-28 22:19:36	215.3000           	25.3600            	3.0770             	5.4600             	4.5199             	0.5610             	59.9700            	0.0000             	0.0000             	0.0000             
215                	2021-01-28 22:19:37	215.4000           	25.4000            	3.0810             	5.4712             	4.5254             	0.5620             	59.9700            	0.0000             	0.0000             	0.0000             
216                	2021-01-28 22:19:38	215.4000           	25.4300            	3.0750             	5.4776             	4.5345             	0.5610             	59.9700            	0.0000             	0.0000             	0.0000             
217                	2021-01-28 22:19:39	215.4000           	27.3200            	3.2490             	5.8847             	4.9108             	0.5510             	59.9700            	0.0000             	0.0000             	0.0000             
218                	2021-01-28 22:19:40	215.4000           	26.2000            	3.1410             	5.6435             	4.6908             	0.5560             	59.9800            	0.0000             	0.0000             	0.0000             
219                	2021-01-28 22:19:42	215.4000           	57.5700            	5.8770             	12.4006            	10.9257            	0.4730             	59.9800            	0.0000             	0.0000             	0.0000             
220                	2021-01-28 22:19:43	215.4000           	57.5700            	5.9970             	12.4006            	10.9784            	0.4650             	59.9700            	0.0000             	0.0000             	0.0000             
221                	2021-01-28 22:19:44	215.3000           	59.0300            	5.9670             	12.7092            	11.2247            	0.4690             	59.9800            	0.0000             	0.0000             	0.0000             
222                	2021-01-28 22:19:45	215.3000           	42.3900            	4.2740             	9.1266             	8.0654             	0.4680             	59.9800            	0.0000             	0.0000             	0.0000             
223                	2021-01-28 22:19:46	215.4000           	22.0900            	2.6330             	4.7582             	3.8963             	0.5740             	59.9800            	0.0000             	0.0000             	0.0000             
224                	2021-01-28 22:19:47	215.3000           	16.7300            	2.0800             	3.6020             	2.9419             	0.5770             	59.9800            	0.0000             	0.0000             	0.0000             
225                	2021-01-28 22:19:48	215.4000           	15.0200            	1.8970             	3.2353             	2.6216             	0.5860             	59.9700            	0.0000             	0.0000             	0.0000             
226                	2021-01-28 22:19:49	215.5000           	16.0900            	1.9950             	3.4674             	2.8369             	0.5750             	59.9800            	0.0000             	0.0000             	0.0000             
227                	2021-01-28 22:19:50	215.4000           	16.1800            	2.0150             	3.4852             	2.8465             	0.5770             	59.9800            	0.0000             	0.0000             	0.0000             
228                	2021-01-28 22:19:52	215.4000           	18.2600            	2.2100             	3.9332             	3.2560             	0.5610             	59.9900            	0.0000             	0.0000             	0.0000             
229                	2021-01-28 22:19:53	215.5000           	16.2100            	2.0140             	3.4933             	2.8556             	0.5760             	59.9900            	0.0000             	0.0000             	0.0000             
230                	2021-01-28 22:19:54	215.4000           	16.3100            	2.0190             	3.5132             	2.8768             	0.5740             	59.9900            	0.0000             	0.0000             	0.0000             
231                	2021-01-28 22:19:55	215.4000           	16.1300            	1.9970             	3.4744             	2.8450             	0.5740             	59.9800            	0.0000             	0.0000             	0.0000             
232                	2021-01-28 22:19:56	215.2000           	26.4400            	3.1550             	5.6899             	4.7369             	0.5540             	59.9900            	0.0000             	0.0000             	0.0000             
233                	2021-01-28 22:19:57	215.3000           	25.5300            	3.0810             	5.4966             	4.5539             	0.5600             	59.9800            	0.0000             	0.0000             	0.0000             
234                	2021-01-28 22:19:58	215.3000           	26.4900            	3.1610             	5.7033             	4.7481             	0.5540             	59.9800            	0.0000             	0.0000             	0.0000             
235                	2021-01-28 22:20:00	215.2000           	25.6500            	3.0780             	5.5199             	4.5843             	0.5570             	59.9800            	0.0000             	0.0000             	0.0000             
236                	2021-01-28 22:20:01	215.1000           	27.7200            	3.2860             	5.9626             	4.9758             	0.5510             	59.9800            	0.0000             	0.0000             	0.0000             
237                	2021-01-28 22:20:02	215.2000           	27.1100            	3.2160             	5.8341             	4.8686             	0.5510             	59.9800            	0.0000             	0.0000             	0.0000             
238                	2021-01-28 22:20:03	215.2000           	57.5400            	5.8630             	12.3826            	10.9099            	0.4730             	59.9800            	0.0000             	0.0000             	0.0000             
239                	2021-01-28 22:20:04	215.2000           	57.5400            	5.9790             	12.3826            	10.9625            	0.4650             	59.9800            	0.0000             	0.0000             	0.0000             
240                	2021-01-28 22:20:05	215.3000           	60.5800            	5.9740             	13.0429            	11.6012            	0.4570             	59.9800            	0.0000             	0.0000             	0.0000             
241                	2021-01-28 22:20:06	215.2000           	26.5500            	3.1550             	5.7136             	4.7642             	0.5520             	59.9700            	0.0000             	0.0000             	0.0000             
242                	2021-01-28 22:20:07	215.3000           	21.4600            	2.6350             	4.6203             	3.7963             	0.5700             	59.9800            	0.0000             	0.0000             	0.0000             
243                	2021-01-28 22:20:08	215.3000           	15.0600            	1.9020             	3.2424             	2.6596             	0.5720             	59.9900            	0.0000             	0.0000             	0.0000             
244                	2021-01-28 22:20:10	215.4000           	15.3000            	1.9240             	3.2956             	2.6776             	0.5830             	59.9900            	0.0000             	0.0000             	0.0000             
245                	2021-01-28 22:20:11	215.4000           	15.1800            	1.9110             	3.2698             	2.6542             	0.5840             	60.0000            	0.0000             	0.0000             	0.0000             
246                	2021-01-28 22:20:12	215.3000           	15.0200            	1.8950             	3.2338             	2.6227             	0.5850             	60.0000            	0.0000             	0.0000             	0.0000             
247                	2021-01-28 22:20:13	215.4000           	16.1800            	2.0070             	3.4852             	2.8514             	0.5750             	60.0000            	0.0000             	0.0000             	0.0000             
248                	2021-01-28 22:20:14	215.3000           	15.0100            	1.8970             	3.2317             	2.6186             	0.5860             	60.0000            	0.0000             	0.0000             	0.0000             
249                	2021-01-28 22:20:15	215.5000           	15.0000            	1.8920             	3.2325             	2.6240             	0.5840             	60.0100            	0.0000             	0.0000             	0.0000             
250                	2021-01-28 22:20:16	215.3000           	16.3000            	2.0280             	3.5094             	2.8663             	0.5770             	60.0100            	0.0000             	0.0000             	0.0000             
251                	2021-01-28 22:20:17	215.4000           	26.5500            	3.1720             	5.7189             	4.7611             	0.5540             	60.0100            	0.0000             	0.0000             	0.0000             
252                	2021-01-28 22:20:18	215.5000           	27.9600            	3.2910             	6.0254             	5.0519             	0.5450             	60.0100            	0.0000             	0.0000             	0.0000             
253                	2021-01-28 22:20:20	215.4000           	26.0400            	3.1310             	5.6090             	4.6584             	0.5570             	60.0100            	0.0000             	0.0000             	0.0000             
254                	2021-01-28 22:20:21	215.4000           	27.2500            	3.2270             	5.8697             	4.9060             	0.5490             	60.0200            	0.0000             	0.0000             	0.0000             
255                	2021-01-28 22:20:22	215.3000           	27.2400            	3.2220             	5.8648             	4.9019             	0.5490             	60.0200            	0.0000             	0.0000             	0.0000             
256                	2021-01-28 22:20:23	215.4000           	27.7200            	3.2710             	5.9709             	4.9984             	0.5470             	60.0200            	0.0000             	0.0000             	0.0000             
257                	2021-01-28 22:20:24	215.4000           	26.6300            	3.1730             	5.7361             	4.7830             	0.5520             	60.0200            	0.0000             	0.0000             	0.0000             
258                	2021-01-28 22:20:25	215.5000           	27.6000            	3.0990             	5.9478             	5.0804             	0.5200             	60.0200            	0.0000             	0.0000             	0.0000             
259                	2021-01-28 22:20:26	215.6000           	15.0900            	1.9030             	3.2534             	2.6410             	0.5840             	60.0300            	0.0000             	0.0000             	0.0000             
260                	2021-01-28 22:20:28	215.7000           	16.0500            	2.0010             	3.4620             	2.8276             	0.5770             	60.0300            	0.0000             	0.0000             	0.0000             
261                	2021-01-28 22:20:29	215.8000           	16.3800            	2.0200             	3.5348             	2.9019             	0.5710             	60.0300            	0.0000             	0.0000             	0.0000             
262                	2021-01-28 22:20:30	215.7000           	15.0700            	1.9040             	3.2506             	2.6363             	0.5850             	60.0300            	0.0000             	0.0000             	0.0000             
263                	2021-01-28 22:20:31	215.4000           	15.0600            	1.9030             	3.2439             	2.6286             	0.5860             	60.0300            	0.0000             	0.0000             	0.0000             
264                	2021-01-28 22:20:32	215.4000           	15.1100            	1.9040             	3.2547             	2.6420             	0.5840             	60.0300            	0.0000             	0.0000             	0.0000             
265                	2021-01-28 22:20:33	215.6000           	15.0600            	1.8960             	3.2469             	2.6357             	0.5840             	60.0300            	0.0000             	0.0000             	0.0000             
266                	2021-01-28 22:20:34	215.4000           	15.0200            	1.8930             	3.2353             	2.6239             	0.5850             	60.0300            	0.0000             	0.0000             	0.0000             
267                	2021-01-28 22:20:35	215.4000           	15.1700            	1.9080             	3.2676             	2.6548             	0.5830             	60.0300            	0.0000             	0.0000             	0.0000             
268                	2021-01-28 22:20:36	215.4000           	15.0700            	1.8990             	3.2461             	2.6350             	0.5840             	60.0300            	0.0000             	0.0000             	0.0000             
269                	2021-01-28 22:20:37	215.3000           	15.1400            	1.9030             	3.2596             	2.6484             	0.5830             	60.0300            	0.0000             	0.0000             	0.0000             
