No.                	Time               	Voltage[ V ]       	Current[ mA ]      	Active Power[ W ]  	Apparent Power[ VA ]	Reactive Power[ Var ]	Power Factor[ PF ] 	Frequency[ Hz ]    	Watt Hours[ Wh ]   	CO2[ g ]           	Cost[ Dollar ]     
1                  	2021-01-28 22:01:49	216.7000           	16.0300            	2.0720             	3.4737             	2.7893             	0.5960             	59.9900            	0.0000             	0.0000             	0.0000             
2                  	2021-01-28 22:01:50	216.7000           	16.0100            	2.0710             	3.4694             	2.7858             	0.5960             	59.9800            	0.0000             	0.0000             	0.0000             
3                  	2021-01-28 22:01:51	216.5000           	15.9800            	2.0640             	3.4597             	2.7781             	0.5960             	59.9900            	0.0000             	0.0000             	0.0000             
4                  	2021-01-28 22:01:52	216.8000           	15.9200            	2.0630             	3.4515             	2.7689             	0.5970             	59.9900            	0.0000             	0.0000             	0.0000             
5                  	2021-01-28 22:01:53	216.7000           	16.0200            	2.0660             	3.4715             	2.7927             	0.5940             	59.9900            	0.0000             	0.0000             	0.0000             
6                  	2021-01-28 22:01:54	216.8000           	15.9700            	2.0640             	3.4623             	2.7802             	0.5960             	59.9900            	0.0000             	0.0000             	0.0000             
7                  	2021-01-28 22:01:55	216.8000           	25.6800            	2.9000             	5.5674             	4.7555             	0.5200             	59.9900            	0.0000             	0.0000             	0.0000             
8                  	2021-01-28 22:01:56	216.6000           	30.5900            	3.5900             	6.6258             	5.5724             	0.5410             	59.9900            	0.0000             	0.0000             	0.0000             
9                  	2021-01-28 22:01:57	216.8000           	30.4500            	3.5810             	6.6016             	5.5478             	0.5420             	59.9900            	0.0000             	0.0000             	0.0000             
10                 	2021-01-28 22:01:59	216.6000           	28.5300            	3.4220             	6.1796             	5.1487             	0.5530             	59.9900            	0.0000             	0.0000             	0.0000             
11                 	2021-01-28 22:02:00	216.7000           	27.6200            	3.3280             	5.9853             	4.9788             	0.5550             	59.9900            	0.0000             	0.0000             	0.0000             
12                 	2021-01-28 22:02:01	216.7000           	28.5400            	3.3880             	6.1846             	5.1773             	0.5470             	59.9900            	0.0000             	0.0000             	0.0000             
13                 	2021-01-28 22:02:02	216.6000           	27.0900            	3.2570             	5.8677             	4.8850             	0.5540             	59.9800            	0.0000             	0.0000             	0.0000             
14                 	2021-01-28 22:02:03	216.6000           	28.3000            	3.3600             	6.1298             	5.1314             	0.5470             	59.9800            	0.0000             	0.0000             	0.0000             
15                 	2021-01-28 22:02:04	216.6000           	28.0800            	3.3440             	6.0821             	5.0836             	0.5490             	59.9800            	0.0000             	0.0000             	0.0000             
16                 	2021-01-28 22:02:05	216.6000           	27.5000            	3.3000             	5.9565             	4.9628             	0.5530             	59.9800            	0.0000             	0.0000             	0.0000             
17                 	2021-01-28 22:02:06	216.6000           	28.0400            	3.3450             	6.0735             	5.0723             	0.5500             	59.9800            	0.0000             	0.0000             	0.0000             
18                 	2021-01-28 22:02:08	216.6000           	27.4700            	3.2890             	5.9500             	4.9614             	0.5520             	60.0000            	0.0000             	0.0000             	0.0000             
19                 	2021-01-28 22:02:09	216.6000           	26.5500            	3.1990             	5.7507             	4.7837             	0.5550             	59.9800            	0.0000             	0.0000             	0.0000             
20                 	2021-01-28 22:02:10	216.7000           	13.8500            	1.7680             	3.0013             	2.4254             	0.5890             	59.9800            	0.0000             	0.0000             	0.0000             
21                 	2021-01-28 22:02:11	216.6000           	13.8200            	1.7760             	2.9934             	2.4103             	0.5930             	59.9800            	0.0000             	0.0000             	0.0000             
22                 	2021-01-28 22:02:12	216.6000           	13.7200            	1.7770             	2.9718             	2.3841             	0.5970             	59.9800            	0.0000             	0.0000             	0.0000             
23                 	2021-01-28 22:02:13	216.7000           	13.7600            	1.7730             	2.9818             	2.3987             	0.5940             	59.9800            	0.0000             	0.0000             	0.0000             
24                 	2021-01-28 22:02:14	216.7000           	13.7100            	1.7700             	2.9710             	2.3878             	0.5950             	59.9800            	0.0000             	0.0000             	0.0000             
25                 	2021-01-28 22:02:16	216.9000           	13.8200            	1.7730             	2.9976             	2.4180             	0.5910             	59.9900            	0.0000             	0.0000             	0.0000             
26                 	2021-01-28 22:02:17	216.9000           	13.8000            	1.7780             	2.9932             	2.4101             	0.5930             	59.9900            	0.0000             	0.0000             	0.0000             
27                 	2021-01-28 22:02:18	217.0000           	13.7800            	1.7740             	2.9903             	2.4078             	0.5930             	60.0100            	0.0000             	0.0000             	0.0000             
28                 	2021-01-28 22:02:19	217.0000           	13.7500            	1.7740             	2.9838             	2.4003             	0.5940             	59.9900            	0.0000             	0.0000             	0.0000             
29                 	2021-01-28 22:02:20	217.0000           	24.8700            	3.0600             	5.3968             	4.4491             	0.5660             	59.9900            	0.0000             	0.0000             	0.0000             
30                 	2021-01-28 22:02:21	216.9000           	25.2700            	3.0970             	5.4811             	4.5261             	0.5640             	59.9900            	0.0000             	0.0000             	0.0000             
31                 	2021-01-28 22:02:22	217.0000           	28.2400            	3.3630             	6.1281             	5.1260             	0.5480             	59.9900            	0.0000             	0.0000             	0.0000             
32                 	2021-01-28 22:02:23	216.9000           	28.6800            	3.4160             	6.2207             	5.2035             	0.5480             	59.9800            	0.0000             	0.0000             	0.0000             
33                 	2021-01-28 22:02:24	216.9000           	28.3000            	3.3900             	6.1383             	5.1184             	0.5520             	59.9800            	0.0000             	0.0000             	0.0000             
34                 	2021-01-28 22:02:26	216.9000           	29.1200            	3.4610             	6.3161             	5.2874             	0.5470             	59.9800            	0.0000             	0.0000             	0.0000             
35                 	2021-01-28 22:02:27	217.0000           	28.5900            	3.4100             	6.2040             	5.1855             	0.5490             	59.9800            	0.0000             	0.0000             	0.0000             
36                 	2021-01-28 22:02:28	217.0000           	28.5600            	3.4150             	6.1975             	5.1759             	0.5500             	59.9900            	0.0000             	0.0000             	0.0000             
37                 	2021-01-28 22:02:29	216.9000           	25.7300            	3.1490             	5.5808             	4.6085             	0.5640             	59.9900            	0.0000             	0.0000             	0.0000             
38                 	2021-01-28 22:02:30	216.9000           	24.9700            	3.0720             	5.4160             	4.4612             	0.5670             	59.9900            	0.0000             	0.0000             	0.0000             
39                 	2021-01-28 22:02:31	216.8000           	25.0600            	3.0760             	5.4330             	4.4827             	0.5650             	59.9900            	0.0000             	0.0000             	0.0000             
40                 	2021-01-28 22:02:32	216.8000           	25.5900            	3.1250             	5.5479             	4.5851             	0.5630             	59.9900            	0.0000             	0.0000             	0.0000             
41                 	2021-01-28 22:02:33	217.0000           	27.0400            	3.2700             	5.8677             	4.8732             	0.5570             	59.9900            	0.0000             	0.0000             	0.0000             
42                 	2021-01-28 22:02:35	217.0000           	27.7000            	3.3190             	6.0109             	5.0122             	0.5520             	59.9900            	0.0000             	0.0000             	0.0000             
43                 	2021-01-28 22:02:36	217.1000           	25.9300            	3.1690             	5.6294             	4.6563             	0.5620             	59.9900            	0.0000             	0.0000             	0.0000             
44                 	2021-01-28 22:02:37	217.1000           	29.0900            	3.4490             	6.3154             	5.2951             	0.5450             	59.9900            	0.0000             	0.0000             	0.0000             
45                 	2021-01-28 22:02:38	217.0000           	30.4700            	3.5800             	6.6120             	5.5608             	0.5410             	59.9900            	0.0000             	0.0000             	0.0000             
46                 	2021-01-28 22:02:39	217.1000           	28.8800            	3.4390             	6.2698             	5.2446             	0.5480             	59.9800            	0.0000             	0.0000             	0.0000             
47                 	2021-01-28 22:02:40	217.1000           	32.7400            	3.7780             	7.1079             	6.0230             	0.5310             	59.9900            	0.0000             	0.0000             	0.0000             
48                 	2021-01-28 22:02:41	217.1000           	28.5400            	3.4000             	6.1960             	5.1828             	0.5480             	59.9900            	0.0000             	0.0000             	0.0000             
49                 	2021-01-28 22:02:43	217.2000           	31.1900            	3.6300             	6.7745             	5.7234             	0.5350             	59.9900            	0.0000             	0.0000             	0.0000             
50                 	2021-01-28 22:02:44	217.2000           	30.2300            	3.5430             	6.5660             	5.5305             	0.5390             	59.9900            	0.0000             	0.0000             	0.0000             
51                 	2021-01-28 22:02:45	217.2000           	30.2300            	3.5520             	6.5660             	5.5263             	0.5400             	59.9900            	0.0000             	0.0000             	0.0000             
52                 	2021-01-28 22:02:46	217.1000           	29.5500            	3.4080             	6.4153             	5.3578             	0.5500             	60.0000            	0.0000             	0.0000             	0.0000             
53                 	2021-01-28 22:02:47	217.1000           	26.5400            	3.2250             	5.7618             	4.7775             	0.5590             	60.0000            	0.0000             	0.0000             	0.0000             
54                 	2021-01-28 22:02:48	217.1000           	29.9200            	3.5090             	6.4956             	5.4671             	0.5400             	59.9900            	0.0000             	0.0000             	0.0000             
55                 	2021-01-28 22:02:49	217.0000           	30.0600            	3.5560             	6.5230             	5.4691             	0.5450             	59.9900            	0.0000             	0.0000             	0.0000             
56                 	2021-01-28 22:02:50	217.1000           	29.0400            	3.4300             	6.3046             	5.2901             	0.5440             	59.9900            	0.0000             	0.0000             	0.0000             
57                 	2021-01-28 22:02:51	217.0000           	29.0900            	3.4560             	6.3125             	5.2844             	0.5470             	59.9900            	0.0000             	0.0000             	0.0000             
58                 	2021-01-28 22:02:52	217.0000           	27.2600            	3.2950             	5.9154             	4.9128             	0.5570             	60.0000            	0.0000             	0.0000             	0.0000             
59                 	2021-01-28 22:02:53	216.9000           	29.0300            	3.4100             	6.2966             	5.2956             	0.5410             	60.0000            	0.0000             	0.0000             	0.0000             
60                 	2021-01-28 22:02:55	216.8000           	48.3100            	4.8820             	10.4736            	9.2669             	0.4660             	60.0000            	0.0000             	0.0000             	0.0000             
61                 	2021-01-28 22:02:56	216.8000           	59.8500            	6.0360             	12.9755            	11.4873            	0.4650             	60.0100            	0.0000             	0.0000             	0.0000             
62                 	2021-01-28 22:02:57	216.9000           	59.7300            	6.0540             	12.9554            	11.4559            	0.4670             	60.0100            	0.0000             	0.0000             	0.0000             
63                 	2021-01-28 22:02:58	216.9000           	44.1200            	4.6560             	9.5696             	8.3635             	0.4860             	60.0200            	0.0000             	0.0000             	0.0000             
64                 	2021-01-28 22:02:59	216.9000           	27.9600            	3.3240             	6.0645             	5.0768             	0.5470             	60.0200            	0.0000             	0.0000             	0.0000             
65                 	2021-01-28 22:03:00	216.8000           	20.8200            	2.6230             	4.5138             	3.6770             	0.5800             	60.0200            	0.0000             	0.0000             	0.0000             
66                 	2021-01-28 22:03:01	216.8000           	16.1500            	2.0400             	3.5013             	2.8472             	0.5820             	60.0200            	0.0000             	0.0000             	0.0000             
67                 	2021-01-28 22:03:02	216.8000           	15.9300            	2.0150             	3.4536             	2.8060             	0.5830             	60.0200            	0.0000             	0.0000             	0.0000             
68                 	2021-01-28 22:03:04	216.6000           	15.0600            	1.9310             	3.2620             	2.6314             	0.5910             	60.0100            	0.0000             	0.0000             	0.0000             
69                 	2021-01-28 22:03:05	216.8000           	15.3200            	1.9700             	3.3214             	2.6768             	0.5920             	60.0100            	0.0000             	0.0000             	0.0000             
70                 	2021-01-28 22:03:06	216.8000           	14.9900            	1.9250             	3.2498             	2.6192             	0.5920             	60.0100            	0.0000             	0.0000             	0.0000             
71                 	2021-01-28 22:03:07	216.8000           	16.0200            	2.0200             	3.4731             	2.8268             	0.5810             	60.0200            	0.0000             	0.0000             	0.0000             
72                 	2021-01-28 22:03:08	216.9000           	16.1500            	2.0380             	3.5029             	2.8511             	0.5810             	60.0200            	0.0000             	0.0000             	0.0000             
73                 	2021-01-28 22:03:09	216.8000           	29.0400            	3.3900             	6.2959             	5.3071             	0.5380             	60.0200            	0.0000             	0.0000             	0.0000             
74                 	2021-01-28 22:03:10	216.8000           	26.2100            	3.1710             	5.6823             	4.7192             	0.5570             	60.0200            	0.0000             	0.0000             	0.0000             
75                 	2021-01-28 22:03:11	216.9000           	29.0700            	3.4250             	6.3053             	5.2948             	0.5430             	60.0300            	0.0000             	0.0000             	0.0000             
76                 	2021-01-28 22:03:12	216.8000           	27.4300            	3.2850             	5.9468             	4.9587             	0.5520             	60.0200            	0.0000             	0.0000             	0.0000             
77                 	2021-01-28 22:03:13	216.8000           	25.1700            	3.0740             	5.4569             	4.5099             	0.5630             	60.0200            	0.0000             	0.0000             	0.0000             
78                 	2021-01-28 22:03:14	216.8000           	25.1000            	3.0780             	5.4417             	4.4899             	0.5650             	60.0200            	0.0000             	0.0000             	0.0000             
79                 	2021-01-28 22:03:16	216.7000           	25.1100            	3.0780             	5.4413             	4.4896             	0.5650             	60.0200            	0.0000             	0.0000             	0.0000             
80                 	2021-01-28 22:03:17	216.8000           	26.2100            	3.1820             	5.6823             	4.7116             	0.5590             	60.0200            	0.0000             	0.0000             	0.0000             
81                 	2021-01-28 22:03:18	217.0000           	28.3000            	3.3720             	6.1411             	5.1329             	0.5490             	60.0200            	0.0000             	0.0000             	0.0000             
82                 	2021-01-28 22:03:19	217.0000           	25.8400            	3.1320             	5.6073             	4.6532             	0.5580             	60.0200            	0.0000             	0.0000             	0.0000             
83                 	2021-01-28 22:03:20	217.0000           	57.6900            	5.9140             	12.5187            	11.0365            	0.4720             	60.0200            	0.0000             	0.0000             	0.0000             
84                 	2021-01-28 22:03:21	217.1000           	63.0300            	6.2860             	13.6838            	12.1572            	0.4590             	60.0200            	0.0000             	0.0000             	0.0000             
85                 	2021-01-28 22:03:22	217.1000           	59.9700            	6.0320             	13.0195            	11.5399            	0.4630             	60.0200            	0.0000             	0.0000             	0.0000             
86                 	2021-01-28 22:03:23	217.1000           	21.4400            	2.6860             	4.6546             	3.8016             	0.5770             	60.0200            	0.0000             	0.0000             	0.0000             
87                 	2021-01-28 22:03:24	217.1000           	20.8800            	2.6320             	4.5330             	3.6927             	0.5800             	60.0200            	0.0000             	0.0000             	0.0000             
88                 	2021-01-28 22:03:26	217.0000           	15.8900            	2.0040             	3.4481             	2.8064             	0.5810             	60.0200            	0.0000             	0.0000             	0.0000             
89                 	2021-01-28 22:03:27	216.9000           	16.0500            	2.0250             	3.4812             	2.8334             	0.5810             	60.0300            	0.0000             	0.0000             	0.0000             
90                 	2021-01-28 22:03:28	216.9000           	16.2400            	2.0440             	3.5225             	2.8695             	0.5800             	60.0300            	0.0000             	0.0000             	0.0000             
91                 	2021-01-28 22:03:29	217.0000           	15.4100            	1.9600             	3.3440             	2.7121             	0.5850             	60.0300            	0.0000             	0.0000             	0.0000             
92                 	2021-01-28 22:03:30	217.1000           	15.3400            	1.9620             	3.3303             	2.6938             	0.5880             	60.0300            	0.0000             	0.0000             	0.0000             
93                 	2021-01-28 22:03:31	217.0000           	15.2800            	1.9530             	3.3158             	2.6820             	0.5880             	60.0300            	0.0000             	0.0000             	0.0000             
94                 	2021-01-28 22:03:32	217.0000           	15.2100            	1.9490             	3.3006             	2.6649             	0.5900             	60.0300            	0.0000             	0.0000             	0.0000             
95                 	2021-01-28 22:03:33	217.0000           	27.2800            	3.2560             	5.9198             	4.9479             	0.5490             	60.0300            	0.0000             	0.0000             	0.0000             
96                 	2021-01-28 22:03:35	217.0000           	25.1000            	3.0690             	5.4467             	4.5015             	0.5630             	60.0200            	0.0000             	0.0000             	0.0000             
97                 	2021-01-28 22:03:36	217.0000           	25.1100            	3.0760             	5.4489             	4.4995             	0.5640             	60.0300            	0.0000             	0.0000             	0.0000             
98                 	2021-01-28 22:03:37	217.1000           	25.2100            	3.0770             	5.4731             	4.5270             	0.5620             	60.0300            	0.0000             	0.0000             	0.0000             
99                 	2021-01-28 22:03:38	216.9000           	26.4900            	3.1930             	5.7457             	4.7795             	0.5550             	60.0200            	0.0000             	0.0000             	0.0000             
100                	2021-01-28 22:03:39	217.0000           	25.8400            	3.1560             	5.6073             	4.6380             	0.5620             	60.0100            	0.0000             	0.0000             	0.0000             
101                	2021-01-28 22:03:40	217.0000           	28.2900            	3.3620             	6.1389             	5.1391             	0.5470             	60.0200            	0.0000             	0.0000             	0.0000             
102                	2021-01-28 22:03:41	217.0000           	49.7100            	5.1670             	10.7871            	9.4749             	0.4780             	60.0200            	0.0000             	0.0000             	0.0000             
103                	2021-01-28 22:03:42	217.1000           	58.4500            	6.0080             	12.6895            	11.1802            	0.4730             	60.0200            	0.0000             	0.0000             	0.0000             
104                	2021-01-28 22:03:43	216.9000           	60.2100            	6.0590             	13.0595            	11.5754            	0.4630             	60.0200            	0.0000             	0.0000             	0.0000             
105                	2021-01-28 22:03:44	216.9000           	58.4800            	5.8710             	12.6843            	11.2495            	0.4620             	60.0200            	0.0000             	0.0000             	0.0000             
106                	2021-01-28 22:03:46	217.1000           	20.9300            	2.6320             	4.5439             	3.7048             	0.5790             	60.0000            	0.0000             	0.0000             	0.0000             
107                	2021-01-28 22:03:47	217.1000           	20.7300            	2.5800             	4.5005             	3.6884             	0.5730             	60.0000            	0.0000             	0.0000             	0.0000             
108                	2021-01-28 22:03:48	217.2000           	14.9900            	1.9270             	3.2558             	2.6264             	0.5910             	60.0200            	0.0000             	0.0000             	0.0000             
109                	2021-01-28 22:03:49	217.0000           	15.1600            	1.9420             	3.2897             	2.6561             	0.5900             	60.0200            	0.0000             	0.0000             	0.0000             
110                	2021-01-28 22:03:50	217.2000           	16.3700            	2.0640             	3.5556             	2.8964             	0.5800             	60.0200            	0.0000             	0.0000             	0.0000             
111                	2021-01-28 22:03:51	217.1000           	15.2000            	1.9600             	3.2999             	2.6571             	0.5930             	60.0100            	0.0000             	0.0000             	0.0000             
112                	2021-01-28 22:03:52	217.1000           	16.1000            	2.0540             	3.4953             	2.8298             	0.5870             	60.0100            	0.0000             	0.0000             	0.0000             
113                	2021-01-28 22:03:53	217.1000           	16.0400            	2.0450             	3.4823             	2.8192             	0.5870             	60.0200            	0.0000             	0.0000             	0.0000             
114                	2021-01-28 22:03:54	217.1000           	15.1000            	1.9480             	3.2782             	2.6372             	0.5940             	60.0200            	0.0000             	0.0000             	0.0000             
115                	2021-01-28 22:03:56	217.1000           	26.4800            	3.2050             	5.7488             	4.7745             	0.5570             	60.0100            	0.0000             	0.0000             	0.0000             
116                	2021-01-28 22:03:57	217.0000           	25.0200            	3.0730             	5.4293             	4.4797             	0.5650             	60.0100            	0.0000             	0.0000             	0.0000             
117                	2021-01-28 22:03:58	216.9000           	25.1800            	3.0860             	5.4615             	4.5100             	0.5640             	60.0200            	0.0000             	0.0000             	0.0000             
118                	2021-01-28 22:03:59	216.8000           	26.2900            	3.1940             	5.6997             	4.7221             	0.5600             	60.0200            	0.0000             	0.0000             	0.0000             
119                	2021-01-28 22:04:00	216.8000           	25.1400            	3.0730             	5.4504             	4.5045             	0.5630             	60.0100            	0.0000             	0.0000             	0.0000             
120                	2021-01-28 22:04:01	217.0000           	27.6500            	3.3150             	6.0000             	5.0031             	0.5520             	60.0100            	0.0000             	0.0000             	0.0000             
121                	2021-01-28 22:04:02	217.0000           	27.0300            	3.2540             	5.8655             	4.8831             	0.5540             	60.0000            	0.0000             	0.0000             	0.0000             
122                	2021-01-28 22:04:03	217.1000           	57.4000            	5.9020             	12.4615            	10.9794            	0.4730             	60.0000            	0.0000             	0.0000             	0.0000             
123                	2021-01-28 22:04:05	217.1000           	60.1200            	6.0770             	13.0521            	11.5551            	0.4650             	60.0000            	0.0000             	0.0000             	0.0000             
124                	2021-01-28 22:04:06	217.1000           	60.1500            	6.0690             	13.0586            	11.5677            	0.4640             	60.0100            	0.0000             	0.0000             	0.0000             
125                	2021-01-28 22:04:07	217.3000           	21.3700            	2.7050             	4.6437             	3.7762             	0.5820             	60.0100            	0.0000             	0.0000             	0.0000             
126                	2021-01-28 22:04:08	217.2000           	21.1400            	2.6700             	4.5916             	3.7371             	0.5810             	60.0100            	0.0000             	0.0000             	0.0000             
127                	2021-01-28 22:04:09	217.2000           	16.2100            	2.0490             	3.5208             	2.8656             	0.5810             	60.0100            	0.0000             	0.0000             	0.0000             
128                	2021-01-28 22:04:10	217.1000           	15.1000            	1.9610             	3.2782             	2.6275             	0.5980             	60.0100            	0.0000             	0.0000             	0.0000             
129                	2021-01-28 22:04:11	217.2000           	16.0000            	2.0350             	3.4752             	2.8185             	0.5850             	60.0100            	0.0000             	0.0000             	0.0000             
130                	2021-01-28 22:04:12	217.1000           	15.1100            	1.9560             	3.2804             	2.6365             	0.5950             	60.0000            	0.0000             	0.0000             	0.0000             
131                	2021-01-28 22:04:13	217.2000           	14.7000            	1.9000             	3.1928             	2.5685             	0.5940             	60.0000            	0.0000             	0.0000             	0.0000             
132                	2021-01-28 22:04:14	217.1000           	15.2800            	1.9620             	3.3173             	2.6760             	0.5910             	60.0000            	0.0000             	0.0000             	0.0000             
133                	2021-01-28 22:04:16	217.0000           	14.9000            	1.9450             	3.2333             	2.5842             	0.6010             	59.9900            	0.0000             	0.0000             	0.0000             
134                	2021-01-28 22:04:17	217.1000           	26.3600            	3.1960             	5.7228             	4.7490             	0.5580             	59.9900            	0.0000             	0.0000             	0.0000             
135                	2021-01-28 22:04:18	217.1000           	25.0100            	3.0840             	5.4297             	4.4725             	0.5670             	59.9900            	0.0000             	0.0000             	0.0000             
136                	2021-01-28 22:04:19	217.1000           	25.0500            	3.0810             	5.4384             	4.4834             	0.5660             	59.9900            	0.0000             	0.0000             	0.0000             
137                	2021-01-28 22:04:20	217.1000           	25.1100            	3.0860             	5.4514             	4.4979             	0.5650             	59.9800            	0.0000             	0.0000             	0.0000             
138                	2021-01-28 22:04:21	217.2000           	25.0500            	3.0840             	5.4409             	4.4855             	0.5660             	59.9900            	0.0000             	0.0000             	0.0000             
139                	2021-01-28 22:04:22	217.2000           	25.0800            	3.0850             	5.4474             	4.4908             	0.5660             	59.9900            	0.0000             	0.0000             	0.0000             
140                	2021-01-28 22:04:23	217.2000           	26.0900            	3.1880             	5.6667             	4.6872             	0.5620             	60.0000            	0.0000             	0.0000             	0.0000             
141                	2021-01-28 22:04:25	217.2000           	58.6400            	6.0360             	12.7366            	11.2217            	0.4730             	60.0000            	0.0000             	0.0000             	0.0000             
142                	2021-01-28 22:04:26	217.1000           	58.2900            	6.1450             	12.6548            	11.2034            	0.4650             	60.0000            	0.0000             	0.0000             	0.0000             
143                	2021-01-28 22:04:27	217.2000           	60.1100            	6.0860             	13.0559            	11.5517            	0.4660             	60.0100            	0.0000             	0.0000             	0.0000             
144                	2021-01-28 22:04:28	217.3000           	30.2600            	3.4370             	6.5755             	5.6085             	0.5220             	60.0200            	0.0000             	0.0000             	0.0000             
145                	2021-01-28 22:04:29	217.2000           	21.6800            	2.7240             	4.7089             	3.8426             	0.5780             	60.0200            	0.0000             	0.0000             	0.0000             
146                	2021-01-28 22:04:30	217.1000           	14.8600            	1.9290             	3.2261             	2.5881             	0.5970             	60.0100            	0.0000             	0.0000             	0.0000             
147                	2021-01-28 22:04:31	217.1000           	15.7200            	2.0180             	3.4128             	2.7555             	0.5900             	60.0100            	0.0000             	0.0000             	0.0000             
148                	2021-01-28 22:04:32	217.1000           	16.0500            	2.0060             	3.4845             	2.8508             	0.5750             	60.0100            	0.0000             	0.0000             	0.0000             
149                	2021-01-28 22:04:33	217.2000           	15.1500            	1.9220             	3.2906             	2.6711             	0.5840             	60.0100            	0.0000             	0.0000             	0.0000             
150                	2021-01-28 22:04:34	217.1000           	15.4600            	1.9540             	3.3564             	2.7318             	0.5810             	60.0200            	0.0000             	0.0000             	0.0000             
151                	2021-01-28 22:04:35	217.2000           	16.4000            	2.0580             	3.5621             	2.9093             	0.5770             	60.0100            	0.0000             	0.0000             	0.0000             
152                	2021-01-28 22:04:36	217.1000           	15.0600            	1.9060             	3.2695             	2.6587             	0.5820             	60.0100            	0.0000             	0.0000             	0.0000             
153                	2021-01-28 22:04:38	216.8000           	16.3600            	2.0470             	3.5468             	2.8994             	0.5760             	60.0100            	0.0000             	0.0000             	0.0000             
154                	2021-01-28 22:04:39	216.9000           	26.4100            	3.1920             	5.7283             	4.7613             	0.5560             	60.0100            	0.0000             	0.0000             	0.0000             
155                	2021-01-28 22:04:40	216.9000           	25.3600            	3.0820             	5.5006             	4.5572             	0.5600             	60.0200            	0.0000             	0.0000             	0.0000             
156                	2021-01-28 22:04:41	217.0000           	26.3800            	3.1910             	5.7245             	4.7542             	0.5570             	60.0200            	0.0000             	0.0000             	0.0000             
157                	2021-01-28 22:04:42	216.9000           	25.3800            	3.0880             	5.5049             	4.5608             	0.5600             	60.0200            	0.0000             	0.0000             	0.0000             
158                	2021-01-28 22:04:43	216.9000           	25.4800            	3.0970             	5.5266             	4.5788             	0.5600             	60.0200            	0.0000             	0.0000             	0.0000             
159                	2021-01-28 22:04:44	216.9000           	27.3400            	3.2740             	5.9300             	4.9487             	0.5510             	60.0100            	0.0000             	0.0000             	0.0000             
160                	2021-01-28 22:04:45	217.0000           	26.4800            	3.1950             	5.7462             	4.7799             	0.5550             	60.0200            	0.0000             	0.0000             	0.0000             
161                	2021-01-28 22:04:46	216.9000           	26.8500            	3.2240             	5.8238             	4.8523             	0.5530             	60.0200            	0.0000             	0.0000             	0.0000             
162                	2021-01-28 22:04:47	216.9000           	57.9900            	5.9460             	12.5780            	11.0888            	0.4720             	60.0200            	0.0000             	0.0000             	0.0000             
163                	2021-01-28 22:04:48	216.8000           	60.0400            	6.0490             	13.0167            	11.5306            	0.4640             	60.0200            	0.0000             	0.0000             	0.0000             
164                	2021-01-28 22:04:50	216.7000           	26.2500            	3.1680             	5.6884             	4.7281             	0.5560             	60.0300            	0.0000             	0.0000             	0.0000             
165                	2021-01-28 22:04:51	216.6000           	21.6200            	2.6950             	4.6829             	3.8313             	0.5750             	60.0300            	0.0000             	0.0000             	0.0000             
166                	2021-01-28 22:04:52	215.5000           	15.3200            	1.9430             	3.3015             	2.6704             	0.5880             	60.0400            	0.0000             	0.0000             	0.0000             
167                	2021-01-28 22:04:53	215.5000           	14.9200            	1.9020             	3.2153             	2.5937             	0.5910             	60.0400            	0.0000             	0.0000             	0.0000             
168                	2021-01-28 22:04:54	215.5000           	15.3300            	1.9580             	3.3036             	2.6625             	0.5920             	60.0300            	0.0000             	0.0000             	0.0000             
169                	2021-01-28 22:04:55	215.9000           	15.1500            	1.9310             	3.2709             	2.6409             	0.5900             	60.0300            	0.0000             	0.0000             	0.0000             
170                	2021-01-28 22:04:56	215.9000           	15.0700            	1.9180             	3.2536             	2.6294             	0.5890             	60.0300            	0.0000             	0.0000             	0.0000             
171                	2021-01-28 22:04:57	216.0000           	15.5200            	1.9630             	3.3523             	2.7188             	0.5850             	60.0300            	0.0000             	0.0000             	0.0000             
172                	2021-01-28 22:04:59	216.0000           	15.3800            	1.9480             	3.3221             	2.6919             	0.5860             	60.0300            	0.0000             	0.0000             	0.0000             
173                	2021-01-28 22:05:00	216.0000           	16.0600            	2.0180             	3.4690             	2.8234             	0.5810             	60.0300            	0.0000             	0.0000             	0.0000             
174                	2021-01-28 22:05:01	215.8000           	26.8100            	3.2130             	5.7856             	4.8128             	0.5550             	60.0300            	0.0000             	0.0000             	0.0000             
175                	2021-01-28 22:05:02	215.7000           	26.7300            	3.2020             	5.7657             	4.7962             	0.5550             	60.0300            	0.0000             	0.0000             	0.0000             
176                	2021-01-28 22:05:03	215.6000           	25.4700            	3.0850             	5.4913             	4.5458             	0.5610             	60.0300            	0.0000             	0.0000             	0.0000             
177                	2021-01-28 22:05:04	215.6000           	25.6100            	3.0930             	5.5215             	4.5783             	0.5590             	60.0200            	0.0000             	0.0000             	0.0000             
178                	2021-01-28 22:05:05	215.4000           	25.5000            	3.0870             	5.4927             	4.5469             	0.5610             	60.0300            	0.0000             	0.0000             	0.0000             
179                	2021-01-28 22:05:06	215.6000           	29.1000            	3.4200             	6.2740             	5.2644             	0.5440             	60.0300            	0.0000             	0.0000             	0.0000             
180                	2021-01-28 22:05:07	215.7000           	27.6700            	3.2950             	5.9684             	4.9767             	0.5520             	60.0300            	0.0000             	0.0000             	0.0000             
181                	2021-01-28 22:05:09	215.9000           	58.4900            	5.9860             	12.6280            	11.1260            	0.4730             	60.0200            	0.0000             	0.0000             	0.0000             
182                	2021-01-28 22:05:10	216.0000           	60.9300            	6.1040             	13.1609            	11.6653            	0.4630             	60.0300            	0.0000             	0.0000             	0.0000             
183                	2021-01-28 22:05:11	215.9000           	60.7900            	6.1150             	13.1246            	11.6193            	0.4650             	60.0300            	0.0000             	0.0000             	0.0000             
184                	2021-01-28 22:05:12	215.9000           	25.3300            	3.1670             	5.4687             	4.4588             	0.5790             	60.0200            	0.0000             	0.0000             	0.0000             
185                	2021-01-28 22:05:13	216.0000           	21.1500            	2.6280             	4.5684             	3.7377             	0.5750             	60.0200            	0.0000             	0.0000             	0.0000             
186                	2021-01-28 22:05:14	215.9000           	15.7900            	1.9850             	3.4091             	2.7722             	0.5820             	60.0200            	0.0000             	0.0000             	0.0000             
187                	2021-01-28 22:05:15	216.0000           	29.6000            	3.4570             	6.3936             	5.3813             	0.5400             	60.0200            	0.0000             	0.0000             	0.0000             
188                	2021-01-28 22:05:16	216.0000           	27.2600            	3.2570             	5.8882             	4.9098             	0.5520             	60.0100            	0.0000             	0.0000             	0.0000             
189                	2021-01-28 22:05:17	216.2000           	16.6700            	2.0750             	3.6041             	2.9487             	0.5750             	60.0200            	0.0000             	0.0000             	0.0000             
190                	2021-01-28 22:05:18	216.1000           	16.5400            	2.0610             	3.5743             	2.9218             	0.5760             	60.0200            	0.0000             	0.0000             	0.0000             
191                	2021-01-28 22:05:19	216.2000           	18.4200            	2.2430             	3.9824             	3.2913             	0.5630             	60.0200            	0.0000             	0.0000             	0.0000             
192                	2021-01-28 22:05:21	215.9000           	15.0700            	1.9170             	3.2536             	2.6317             	0.5880             	60.0200            	0.0000             	0.0000             	0.0000             
193                	2021-01-28 22:05:22	216.0000           	25.1300            	2.9650             	5.4281             	4.5511             	0.5450             	60.0200            	0.0000             	0.0000             	0.0000             
194                	2021-01-28 22:05:23	215.9000           	26.4500            	3.1810             	5.7106             	4.7465             	0.5560             	60.0200            	0.0000             	0.0000             	0.0000             
195                	2021-01-28 22:05:24	216.1000           	26.3800            	3.1690             	5.7007             	4.7421             	0.5550             	60.0100            	0.0000             	0.0000             	0.0000             
196                	2021-01-28 22:05:25	216.0000           	25.5500            	3.0870             	5.5188             	4.5760             	0.5590             	60.0100            	0.0000             	0.0000             	0.0000             
197                	2021-01-28 22:05:26	216.1000           	25.5200            	3.0880             	5.5149             	4.5728             	0.5590             	60.0100            	0.0000             	0.0000             	0.0000             
198                	2021-01-28 22:05:27	216.1000           	25.5200            	3.0940             	5.5149             	4.5690             	0.5600             	60.0100            	0.0000             	0.0000             	0.0000             
199                	2021-01-28 22:05:28	216.0000           	26.8100            	3.2080             	5.7910             	4.8249             	0.5530             	60.0100            	0.0000             	0.0000             	0.0000             
200                	2021-01-28 22:05:29	216.0000           	28.4900            	3.3750             	6.1538             	5.1476             	0.5480             	60.0100            	0.0000             	0.0000             	0.0000             
201                	2021-01-28 22:05:30	216.1000           	57.5400            	5.9110             	12.4344            	10.9421            	0.4750             	60.0100            	0.0000             	0.0000             	0.0000             
202                	2021-01-28 22:05:32	216.1000           	57.8300            	6.0770             	12.4971            	11.0638            	0.4650             	60.0100            	0.0000             	0.0000             	0.0000             
203                	2021-01-28 22:05:33	216.0000           	60.5900            	6.0840             	13.0874            	11.5933            	0.4640             	60.0000            	0.0000             	0.0000             	0.0000             
204                	2021-01-28 22:05:34	216.0000           	24.6000            	2.9820             	5.3136             	4.3987             	0.5610             	60.0100            	0.0000             	0.0000             	0.0000             
205                	2021-01-28 22:05:35	216.1000           	21.4400            	2.6620             	4.6332             	3.7939             	0.5740             	60.0000            	0.0000             	0.0000             	0.0000             
206                	2021-01-28 22:05:36	216.0000           	16.3600            	2.0430             	3.5338             	2.8837             	0.5780             	60.0000            	0.0000             	0.0000             	0.0000             
207                	2021-01-28 22:05:37	216.0000           	15.1400            	1.9230             	3.2702             	2.6475             	0.5870             	60.0000            	0.0000             	0.0000             	0.0000             
208                	2021-01-28 22:05:38	216.0000           	15.3000            	1.9470             	3.3048             	2.6731             	0.5880             	60.0000            	0.0000             	0.0000             	0.0000             
209                	2021-01-28 22:05:39	216.0000           	16.6500            	2.0590             	3.5964             	2.9500             	0.5720             	60.0000            	0.0000             	0.0000             	0.0000             
210                	2021-01-28 22:05:40	216.0000           	15.3800            	1.9420             	3.3221             	2.6967             	0.5840             	60.0000            	0.0000             	0.0000             	0.0000             
211                	2021-01-28 22:05:42	216.0000           	16.2100            	2.0400             	3.5014             	2.8473             	0.5820             	60.0100            	0.0000             	0.0000             	0.0000             
212                	2021-01-28 22:05:43	216.2000           	16.1600            	2.0110             	3.4938             	2.8585             	0.5750             	60.0200            	0.0000             	0.0000             	0.0000             
213                	2021-01-28 22:05:44	216.2000           	23.1800            	2.7270             	5.0115             	4.2083             	0.5430             	60.0100            	0.0000             	0.0000             	0.0000             
214                	2021-01-28 22:05:45	216.2000           	27.3000            	3.2430             	5.9023             	4.9332             	0.5490             	60.0100            	0.0000             	0.0000             	0.0000             
215                	2021-01-28 22:05:46	216.1000           	25.8700            	3.1050             	5.5905             	4.6505             	0.5550             	60.0100            	0.0000             	0.0000             	0.0000             
216                	2021-01-28 22:05:47	216.1000           	25.7600            	3.0920             	5.5667             	4.6307             	0.5550             	60.0100            	0.0000             	0.0000             	0.0000             
217                	2021-01-28 22:05:48	216.1000           	25.4700            	3.0660             	5.5041             	4.5749             	0.5560             	60.0100            	0.0000             	0.0000             	0.0000             
218                	2021-01-28 22:05:49	216.2000           	25.7300            	3.0880             	5.5628             	4.6311             	0.5540             	60.0100            	0.0000             	0.0000             	0.0000             
219                	2021-01-28 22:05:50	216.1000           	27.5200            	3.2540             	5.9471             	4.9785             	0.5470             	60.0000            	0.0000             	0.0000             	0.0000             
220                	2021-01-28 22:05:51	216.1000           	27.9000            	3.2940             	6.0292             	5.0512             	0.5460             	60.0000            	0.0000             	0.0000             	0.0000             
221                	2021-01-28 22:05:53	216.1000           	57.9700            	5.9000             	12.5273            	11.0574            	0.4700             	59.9900            	0.0000             	0.0000             	0.0000             
222                	2021-01-28 22:05:54	216.1000           	57.9700            	6.0570             	12.5273            	11.1297            	0.4590             	60.0000            	0.0000             	0.0000             	0.0000             
223                	2021-01-28 22:05:55	216.0000           	61.6000            	6.1480             	13.3056            	11.8074            	0.4610             	59.9900            	0.0000             	0.0000             	0.0000             
224                	2021-01-28 22:05:56	216.2000           	22.5100            	2.7380             	4.8667             	4.0254             	0.5620             	59.9800            	0.0000             	0.0000             	0.0000             
225                	2021-01-28 22:05:57	216.1000           	22.4900            	2.7190             	4.8601             	4.0298             	0.5590             	59.9800            	0.0000             	0.0000             	0.0000             
226                	2021-01-28 22:05:58	216.1000           	15.4100            	1.9210             	3.3301             	2.7222             	0.5760             	59.9800            	0.0000             	0.0000             	0.0000             
227                	2021-01-28 22:05:59	216.2000           	15.9900            	1.9870             	3.4570             	2.8308             	0.5740             	59.9800            	0.0000             	0.0000             	0.0000             
228                	2021-01-28 22:06:00	216.2000           	15.3000            	1.9120             	3.3079             	2.7017             	0.5770             	59.9900            	0.0000             	0.0000             	0.0000             
229                	2021-01-28 22:06:01	216.4000           	16.6200            	2.0320             	3.5966             	2.9675             	0.5650             	59.9900            	0.0000             	0.0000             	0.0000             
230                	2021-01-28 22:06:02	216.2000           	16.5500            	2.0390             	3.5781             	2.9424             	0.5690             	59.9900            	0.0000             	0.0000             	0.0000             
231                	2021-01-28 22:06:03	216.2000           	15.3900            	1.9210             	3.3273             	2.7176             	0.5770             	59.9900            	0.0000             	0.0000             	0.0000             
232                	2021-01-28 22:06:04	216.2000           	16.3700            	2.0150             	3.5392             	2.9104             	0.5690             	59.9900            	0.0000             	0.0000             	0.0000             
233                	2021-01-28 22:06:05	216.3000           	16.6900            	2.0420             	3.6100             	2.9786             	0.5650             	60.0000            	0.0000             	0.0000             	0.0000             
234                	2021-01-28 22:06:07	216.1000           	26.9000            	3.1740             	5.8131             	4.8739             	0.5450             	60.0000            	0.0000             	0.0000             	0.0000             
235                	2021-01-28 22:06:08	216.1000           	26.0000            	3.0950             	5.6186             	4.6925             	0.5500             	60.0000            	0.0000             	0.0000             	0.0000             
236                	2021-01-28 22:06:09	215.8000           	25.9800            	3.0980             	5.6065             	4.6749             	0.5520             	60.0000            	0.0000             	0.0000             	0.0000             
237                	2021-01-28 22:06:10	216.0000           	25.9700            	3.0970             	5.6095             	4.6812             	0.5510             	60.0000            	0.0000             	0.0000             	0.0000             
238                	2021-01-28 22:06:11	215.9000           	26.0200            	3.0990             	5.6177             	4.6880             	0.5510             	60.0000            	0.0000             	0.0000             	0.0000             
239                	2021-01-28 22:06:12	216.0000           	29.1100            	3.3910             	6.2878             	5.2962             	0.5390             	59.9900            	0.0000             	0.0000             	0.0000             
240                	2021-01-28 22:06:13	216.0000           	38.9400            	4.0890             	8.4110             	7.3509             	0.4860             	59.9900            	0.0000             	0.0000             	0.0000             
241                	2021-01-28 22:06:14	216.0000           	58.3300            	5.9260             	12.5993            	11.1210            	0.4700             	60.0000            	0.0000             	0.0000             	0.0000             
242                	2021-01-28 22:06:15	215.9000           	60.9600            	6.0720             	13.1613            	11.6793            	0.4610             	59.9900            	0.0000             	0.0000             	0.0000             
243                	2021-01-28 22:06:16	216.0000           	60.8600            	6.0600             	13.1458            	11.6724            	0.4600             	60.0000            	0.0000             	0.0000             	0.0000             
244                	2021-01-28 22:06:17	216.0000           	22.4900            	2.7310             	4.8578             	4.0181             	0.5620             	60.0000            	0.0000             	0.0000             	0.0000             
245                	2021-01-28 22:06:18	216.0000           	21.6900            	2.6480             	4.6850             	3.8688             	0.5640             	60.0000            	0.0000             	0.0000             	0.0000             
246                	2021-01-28 22:06:20	216.2000           	16.2800            	2.0200             	3.5197             	2.8846             	0.5730             	59.9900            	0.0000             	0.0000             	0.0000             
247                	2021-01-28 22:06:21	216.2000           	15.5800            	1.9460             	3.3684             	2.7511             	0.5770             	60.0000            	0.0000             	0.0000             	0.0000             
248                	2021-01-28 22:06:22	216.1000           	15.3500            	1.9180             	3.3171             	2.7069             	0.5780             	60.0000            	0.0000             	0.0000             	0.0000             
249                	2021-01-28 22:06:23	216.2000           	16.4000            	2.0050             	3.5457             	2.9255             	0.5650             	59.9900            	0.0000             	0.0000             	0.0000             
250                	2021-01-28 22:06:24	216.1000           	16.7600            	2.0510             	3.6218             	2.9859             	0.5660             	60.0000            	0.0000             	0.0000             	0.0000             
251                	2021-01-28 22:06:25	216.1000           	15.2700            	1.9120             	3.2998             	2.6905             	0.5790             	60.0000            	0.0000             	0.0000             	0.0000             
252                	2021-01-28 22:06:26	216.2000           	15.9300            	1.9750             	3.4441             	2.8226             	0.5730             	60.0000            	0.0000             	0.0000             	0.0000             
253                	2021-01-28 22:06:27	216.2000           	27.8800            	3.2770             	6.0277             	5.0616             	0.5430             	60.0000            	0.0000             	0.0000             	0.0000             
254                	2021-01-28 22:06:28	216.1000           	27.7500            	3.2660             	5.9968             	5.0318             	0.5440             	60.0000            	0.0000             	0.0000             	0.0000             
255                	2021-01-28 22:06:29	216.1000           	24.6000            	2.9710             	5.3161             	4.4115             	0.5580             	60.0000            	0.0000             	0.0000             	0.0000             
256                	2021-01-28 22:06:31	216.1000           	26.8600            	3.2010             	5.8044             	4.8438             	0.5510             	60.0000            	0.0000             	0.0000             	0.0000             
257                	2021-01-28 22:06:32	216.1000           	28.1400            	3.3110             	6.0811             	5.1025             	0.5440             	60.0000            	0.0000             	0.0000             	0.0000             
258                	2021-01-28 22:06:33	216.1000           	27.9700            	3.2960             	6.0443             	5.0678             	0.5450             	60.0100            	0.0000             	0.0000             	0.0000             
259                	2021-01-28 22:06:34	216.1000           	26.3000            	3.1480             	5.6834             	4.7353             	0.5530             	60.0100            	0.0000             	0.0000             	0.0000             
260                	2021-01-28 22:06:35	216.2000           	25.7700            	3.0960             	5.5715             	4.6346             	0.5550             	60.0100            	0.0000             	0.0000             	0.0000             
261                	2021-01-28 22:06:36	216.1000           	26.5100            	3.1630             	5.7288             	4.7807             	0.5510             	60.0000            	0.0000             	0.0000             	0.0000             
262                	2021-01-28 22:06:37	216.1000           	15.4800            	1.9440             	3.3452             	2.7227             	0.5810             	60.0000            	0.0000             	0.0000             	0.0000             
263                	2021-01-28 22:06:38	213.6000           	16.3000            	2.0020             	3.4817             	2.8510             	0.5740             	59.9900            	0.0000             	0.0000             	0.0000             
264                	2021-01-28 22:06:39	213.7000           	15.3500            	1.9110             	3.2803             	2.6675             	0.5820             	60.0000            	0.0000             	0.0000             	0.0000             
265                	2021-01-28 22:06:40	213.6000           	15.3400            	1.9070             	3.2766             	2.6669             	0.5810             	60.0000            	0.0000             	0.0000             	0.0000             
266                	2021-01-28 22:06:41	213.6000           	15.6200            	1.9480             	3.3364             	2.7108             	0.5830             	60.0000            	0.0000             	0.0000             	0.0000             
267                	2021-01-28 22:06:42	213.4000           	15.5000            	1.9360             	3.3077             	2.6850             	0.5840             	60.0000            	0.0000             	0.0000             	0.0000             
268                	2021-01-28 22:06:44	213.5000           	16.7500            	2.0440             	3.5761             	2.9358             	0.5710             	60.0000            	0.0000             	0.0000             	0.0000             
269                	2021-01-28 22:06:45	213.4000           	16.3300            	2.0080             	3.4848             	2.8487             	0.5760             	60.0100            	0.0000             	0.0000             	0.0000             
270                	2021-01-28 22:06:46	213.5000           	15.8800            	1.9590             	3.3904             	2.7691             	0.5770             	60.0100            	0.0000             	0.0000             	0.0000             
271                	2021-01-28 22:06:47	213.3000           	15.2100            	1.8890             	3.2443             	2.6405             	0.5810             	60.0100            	0.0000             	0.0000             	0.0000             
272                	2021-01-28 22:06:48	213.5000           	14.7500            	1.8320             	3.1491             	2.5631             	0.5810             	60.0100            	0.0000             	0.0000             	0.0000             
273                	2021-01-28 22:06:49	213.5000           	14.7200            	1.8420             	3.1427             	2.5466             	0.5860             	60.0000            	0.0000             	0.0000             	0.0000             
274                	2021-01-28 22:06:50	213.4000           	14.7000            	1.8330             	3.1370             	2.5465             	0.5840             	60.0200            	0.0000             	0.0000             	0.0000             
275                	2021-01-28 22:06:52	213.4000           	14.8500            	1.8410             	3.1690             	2.5815             	0.5800             	60.0200            	0.0000             	0.0000             	0.0000             
276                	2021-01-28 22:06:53	213.3000           	14.8800            	1.8430             	3.1739             	2.5855             	0.5800             	60.0200            	0.0000             	0.0000             	0.0000             
277                	2021-01-28 22:06:54	213.4000           	14.6700            	1.8290             	3.1306             	2.5413             	0.5840             	60.0200            	0.0000             	0.0000             	0.0000             
278                	2021-01-28 22:06:55	213.4000           	14.7600            	1.8420             	3.1498             	2.5568             	0.5840             	60.0200            	0.0000             	0.0000             	0.0000             
