No.                	Time               	Voltage[ V ]       	Current[ mA ]      	Active Power[ W ]  	Apparent Power[ VA ]	Reactive Power[ Var ]	Power Factor[ PF ] 	Frequency[ Hz ]    	Watt Hours[ Wh ]   	CO2[ g ]           	Cost[ Dollar ]     
1                  	2021-01-28 22:08:49	214.2000           	16.9200            	2.1040             	3.6243             	2.9524             	0.5800             	60.0100            	0.0000             	0.0000             	0.0000             
2                  	2021-01-28 22:08:50	214.1000           	17.1600            	2.1290             	3.6740             	2.9955             	0.5790             	60.0200            	0.0000             	0.0000             	0.0000             
3                  	2021-01-28 22:08:51	214.1000           	32.6300            	3.6840             	6.9861             	5.9372             	0.5270             	60.0200            	0.0000             	0.0000             	0.0000             
4                  	2021-01-28 22:08:52	214.1000           	31.1700            	3.5640             	6.6735             	5.6465             	0.5330             	60.0300            	0.0000             	0.0000             	0.0000             
5                  	2021-01-28 22:08:53	214.2000           	34.0800            	3.8190             	7.2999             	6.2220             	0.5230             	60.0200            	0.0000             	0.0000             	0.0000             
6                  	2021-01-28 22:08:54	214.1000           	29.8500            	3.4410             	6.3909             	5.3872             	0.5380             	60.0100            	0.0000             	0.0000             	0.0000             
7                  	2021-01-28 22:08:55	214.1000           	28.5700            	3.3030             	6.1168             	5.1522             	0.5390             	60.0100            	0.0000             	0.0000             	0.0000             
8                  	2021-01-28 22:08:57	214.1000           	29.0700            	3.3510             	6.2239             	5.2464             	0.5380             	60.0100            	0.0000             	0.0000             	0.0000             
9                  	2021-01-28 22:08:58	214.1000           	29.3400            	3.3720             	6.2817             	5.3031             	0.5360             	60.0100            	0.0000             	0.0000             	0.0000             
10                 	2021-01-28 22:08:59	214.1000           	29.3700            	3.3530             	6.2881             	5.2925             	0.5400             	60.0000            	0.0000             	0.0000             	0.0000             
11                 	2021-01-28 22:09:00	214.1000           	29.5900            	3.4140             	6.3352             	5.3402             	0.5380             	60.0100            	0.0000             	0.0000             	0.0000             
12                 	2021-01-28 22:09:01	214.0000           	28.6400            	3.3260             	6.1290             	5.1506             	0.5420             	60.0100            	0.0000             	0.0000             	0.0000             
13                 	2021-01-28 22:09:02	214.1000           	28.5000            	3.3220             	6.1018             	5.1200             	0.5440             	60.0000            	0.0000             	0.0000             	0.0000             
14                 	2021-01-28 22:09:03	214.2000           	28.6600            	3.3440             	6.1390             	5.1511             	0.5440             	60.0000            	0.0000             	0.0000             	0.0000             
15                 	2021-01-28 22:09:04	214.2000           	27.5000            	3.2300             	5.8905             	4.9273             	0.5480             	60.0200            	0.0000             	0.0000             	0.0000             
16                 	2021-01-28 22:09:05	214.1000           	28.2300            	3.3100             	6.0440             	5.0597             	0.5470             	59.9900            	0.0000             	0.0000             	0.0000             
17                 	2021-01-28 22:09:06	214.2000           	14.8800            	1.8540             	3.1873             	2.5942             	0.5810             	60.0000            	0.0000             	0.0000             	0.0000             
18                 	2021-01-28 22:09:07	214.3000           	15.7100            	1.9290             	3.3667             	2.7592             	0.5730             	60.0000            	0.0000             	0.0000             	0.0000             
19                 	2021-01-28 22:09:08	214.3000           	14.8000            	1.8500             	3.1716             	2.5791             	0.5820             	60.0100            	0.0000             	0.0000             	0.0000             
20                 	2021-01-28 22:09:09	214.3000           	14.7600            	1.8470             	3.1631             	2.5676             	0.5840             	60.0100            	0.0000             	0.0000             	0.0000             
21                 	2021-01-28 22:09:11	214.3000           	14.7400            	1.8430             	3.1588             	2.5664             	0.5830             	60.0200            	0.0000             	0.0000             	0.0000             
22                 	2021-01-28 22:09:12	214.4000           	14.6700            	1.8320             	3.1452             	2.5577             	0.5820             	60.0200            	0.0000             	0.0000             	0.0000             
23                 	2021-01-28 22:09:13	214.2000           	14.7900            	1.8450             	3.1680             	2.5762             	0.5820             	60.0300            	0.0000             	0.0000             	0.0000             
24                 	2021-01-28 22:09:14	214.2000           	14.8200            	1.8480             	3.1744             	2.5837             	0.5810             	60.0200            	0.0000             	0.0000             	0.0000             
25                 	2021-01-28 22:09:15	214.1000           	21.3500            	2.5050             	4.5710             	3.8266             	0.5470             	60.0300            	0.0000             	0.0000             	0.0000             
26                 	2021-01-28 22:09:16	214.2000           	26.1700            	3.1180             	5.6056             	4.6593             	0.5560             	60.0300            	0.0000             	0.0000             	0.0000             
27                 	2021-01-28 22:09:17	214.2000           	27.7900            	3.2620             	5.9526             	4.9831             	0.5470             	60.0200            	0.0000             	0.0000             	0.0000             
28                 	2021-01-28 22:09:18	214.3000           	29.6100            	3.4210             	6.3454             	5.3488             	0.5380             	60.0200            	0.0000             	0.0000             	0.0000             
29                 	2021-01-28 22:09:20	214.2000           	28.9500            	3.3720             	6.2011             	5.2073             	0.5430             	60.0200            	0.0000             	0.0000             	0.0000             
30                 	2021-01-28 22:09:21	214.1000           	28.8100            	3.3630             	6.1682             	5.1717             	0.5450             	60.0300            	0.0000             	0.0000             	0.0000             
31                 	2021-01-28 22:09:22	214.2000           	29.2100            	3.3920             	6.2568             	5.2621             	0.5410             	60.0300            	0.0000             	0.0000             	0.0000             
32                 	2021-01-28 22:09:23	214.0000           	29.2900            	3.3980             	6.2681             	5.2716             	0.5410             	60.0200            	0.0000             	0.0000             	0.0000             
33                 	2021-01-28 22:09:24	214.0000           	29.3000            	3.3990             	6.2702             	5.2734             	0.5410             	60.0200            	0.0000             	0.0000             	0.0000             
34                 	2021-01-28 22:09:25	214.0000           	25.9100            	3.0800             	5.5447             	4.6124             	0.5550             	60.0200            	0.0000             	0.0000             	0.0000             
35                 	2021-01-28 22:09:26	214.0000           	25.8200            	3.0750             	5.5255             	4.5927             	0.5560             	60.0200            	0.0000             	0.0000             	0.0000             
36                 	2021-01-28 22:09:27	214.0000           	25.7800            	3.0760             	5.5169             	4.5819             	0.5570             	60.0200            	0.0000             	0.0000             	0.0000             
37                 	2021-01-28 22:09:29	214.1000           	25.1000            	2.9980             	5.3739             	4.4631             	0.5570             	60.0200            	0.0000             	0.0000             	0.0000             
38                 	2021-01-28 22:09:30	214.2000           	26.7400            	3.1570             	5.7277             	4.7798             	0.5510             	60.0200            	0.0000             	0.0000             	0.0000             
39                 	2021-01-28 22:09:31	214.0000           	27.2100            	3.1890             	5.8229             	4.8746             	0.5470             	60.0200            	0.0000             	0.0000             	0.0000             
40                 	2021-01-28 22:09:32	214.0000           	28.1200            	3.2640             	6.0177             	5.0571             	0.5420             	60.0200            	0.0000             	0.0000             	0.0000             
41                 	2021-01-28 22:09:33	214.1000           	30.2600            	3.4620             	6.4787             	5.4776             	0.5340             	60.0200            	0.0000             	0.0000             	0.0000             
42                 	2021-01-28 22:09:34	214.0000           	30.8900            	3.5100             	6.6105             	5.6057             	0.5300             	60.0200            	0.0000             	0.0000             	0.0000             
43                 	2021-01-28 22:09:35	214.0000           	32.1100            	3.6210             	6.8715             	5.8441             	0.5260             	60.0100            	0.0000             	0.0000             	0.0000             
44                 	2021-01-28 22:09:36	214.1000           	29.5600            	3.3870             	6.3288             	5.3509             	0.5340             	60.0200            	0.0000             	0.0000             	0.0000             
45                 	2021-01-28 22:09:38	214.0000           	31.1200            	3.5280             	6.6597             	5.6515             	0.5290             	60.0100            	0.0000             	0.0000             	0.0000             
46                 	2021-01-28 22:09:39	214.0000           	31.5800            	3.5580             	6.7581             	5.7477             	0.5260             	60.0100            	0.0000             	0.0000             	0.0000             
47                 	2021-01-28 22:09:40	213.9000           	31.2200            	3.5300             	6.6780             	5.6712             	0.5280             	60.0100            	0.0000             	0.0000             	0.0000             
48                 	2021-01-28 22:09:41	214.1000           	33.6900            	3.7610             	7.2130             	6.1567             	0.5210             	60.0100            	0.0000             	0.0000             	0.0000             
49                 	2021-01-28 22:09:42	214.0000           	30.1800            	3.4410             	6.4585             	5.4687             	0.5320             	60.0100            	0.0000             	0.0000             	0.0000             
50                 	2021-01-28 22:09:43	214.1000           	29.0300            	3.3390             	6.2153             	5.2431             	0.5370             	60.0100            	0.0000             	0.0000             	0.0000             
51                 	2021-01-28 22:09:44	214.1000           	31.5600            	3.5710             	6.7570             	5.7383             	0.5280             	60.0100            	0.0000             	0.0000             	0.0000             
52                 	2021-01-28 22:09:45	214.0000           	30.4400            	3.4980             	6.5142             	5.4994             	0.5360             	60.0100            	0.0000             	0.0000             	0.0000             
53                 	2021-01-28 22:09:47	214.0000           	32.0700            	3.6240             	6.8630             	5.8326             	0.5270             	60.0100            	0.0000             	0.0000             	0.0000             
54                 	2021-01-28 22:09:48	214.0000           	29.3500            	3.3820             	6.2809             	5.2945             	0.5380             	60.0100            	0.0000             	0.0000             	0.0000             
55                 	2021-01-28 22:09:49	213.8000           	28.0900            	3.2280             	6.0056             	5.0663             	0.5370             	60.0000            	0.0000             	0.0000             	0.0000             
56                 	2021-01-28 22:09:50	213.7000           	30.0800            	3.4430             	6.4281             	5.4308             	0.5350             	60.0000            	0.0000             	0.0000             	0.0000             
57                 	2021-01-28 22:09:51	215.1000           	57.9500            	5.9020             	12.4650            	10.9825            	0.4730             	59.9900            	0.0000             	0.0000             	0.0000             
58                 	2021-01-28 22:09:52	215.1000           	59.6800            	6.0040             	12.8372            	11.3514            	0.4670             	59.9900            	0.0000             	0.0000             	0.0000             
59                 	2021-01-28 22:09:53	215.2000           	59.8300            	6.0090             	12.8754            	11.3920            	0.4660             	59.9900            	0.0000             	0.0000             	0.0000             
60                 	2021-01-28 22:09:55	215.2000           	47.3200            	4.8930             	10.1833            	8.9335             	0.4800             	59.9900            	0.0000             	0.0000             	0.0000             
61                 	2021-01-28 22:09:56	215.1000           	28.7400            	3.3670             	6.1820             	5.1872             	0.5440             	59.9800            	0.0000             	0.0000             	0.0000             
62                 	2021-01-28 22:09:57	215.2000           	21.8900            	2.6770             	4.7107             	3.8803             	0.5670             	59.9900            	0.0000             	0.0000             	0.0000             
63                 	2021-01-28 22:09:58	215.3000           	15.1700            	1.9010             	3.2661             	2.6583             	0.5810             	59.9800            	0.0000             	0.0000             	0.0000             
64                 	2021-01-28 22:09:59	215.4000           	15.3400            	1.9160             	3.3042             	2.6940             	0.5790             	60.0000            	0.0000             	0.0000             	0.0000             
65                 	2021-01-28 22:10:00	215.3000           	18.4000            	2.2050             	3.9615             	3.2927             	0.5560             	59.9800            	0.0000             	0.0000             	0.0000             
66                 	2021-01-28 22:10:01	215.3000           	15.5000            	1.9360             	3.3372             	2.7209             	0.5790             	59.9800            	0.0000             	0.0000             	0.0000             
67                 	2021-01-28 22:10:02	215.5000           	16.3800            	2.0180             	3.5299             	2.8979             	0.5710             	59.9900            	0.0000             	0.0000             	0.0000             
68                 	2021-01-28 22:10:03	215.5000           	16.5500            	2.0230             	3.5665             	2.9403             	0.5660             	59.9900            	0.0000             	0.0000             	0.0000             
69                 	2021-01-28 22:10:04	215.4000           	16.6400            	2.0600             	3.5843             	2.9350             	0.5740             	59.9900            	0.0000             	0.0000             	0.0000             
70                 	2021-01-28 22:10:05	215.5000           	26.9800            	3.1970             	5.8142             	4.8596             	0.5490             	59.9900            	0.0000             	0.0000             	0.0000             
71                 	2021-01-28 22:10:07	215.4000           	27.0700            	3.2020             	5.8309             	4.8736             	0.5490             	60.0100            	0.0000             	0.0000             	0.0000             
72                 	2021-01-28 22:10:08	215.3000           	29.4100            	3.3950             	6.3320             	5.3456             	0.5360             	59.9800            	0.0000             	0.0000             	0.0000             
73                 	2021-01-28 22:10:09	215.3000           	28.3400            	3.3020             	6.1016             	5.1316             	0.5410             	59.9900            	0.0000             	0.0000             	0.0000             
74                 	2021-01-28 22:10:10	215.4000           	25.8200            	3.0730             	5.5616             	4.6375             	0.5520             	59.9900            	0.0000             	0.0000             	0.0000             
75                 	2021-01-28 22:10:11	215.4000           	25.8100            	3.0720             	5.5595             	4.6357             	0.5520             	59.9900            	0.0000             	0.0000             	0.0000             
76                 	2021-01-28 22:10:12	215.4000           	26.4500            	3.1330             	5.6973             	4.7620             	0.5490             	59.9900            	0.0000             	0.0000             	0.0000             
77                 	2021-01-28 22:10:13	215.3000           	26.7400            	3.1730             	5.7571             	4.8081             	0.5500             	59.9900            	0.0000             	0.0000             	0.0000             
78                 	2021-01-28 22:10:14	215.5000           	28.8400            	3.3610             	6.2150             	5.2310             	0.5400             	59.9700            	0.0000             	0.0000             	0.0000             
79                 	2021-01-28 22:10:15	215.2000           	54.3900            	5.5550             	11.7047            	10.3063            	0.4740             	59.9800            	0.0000             	0.0000             	0.0000             
80                 	2021-01-28 22:10:16	215.3000           	57.8800            	5.9630             	12.4616            	11.0519            	0.4620             	59.9900            	0.0000             	0.0000             	0.0000             
81                 	2021-01-28 22:10:17	215.3000           	58.9500            	5.9360             	12.6919            	11.2229            	0.4670             	59.9800            	0.0000             	0.0000             	0.0000             
82                 	2021-01-28 22:10:18	215.4000           	59.6200            	5.9570             	12.8421            	11.3827            	0.4630             	59.9900            	0.0000             	0.0000             	0.0000             
83                 	2021-01-28 22:10:19	215.3000           	21.9600            	2.6800             	4.7280             	3.8978             	0.5660             	59.9900            	0.0000             	0.0000             	0.0000             
84                 	2021-01-28 22:10:21	215.5000           	21.3300            	2.6040             	4.5966             	3.7895             	0.5660             	59.9800            	0.0000             	0.0000             	0.0000             
85                 	2021-01-28 22:10:22	215.5000           	16.0500            	1.9870             	3.4588             	2.8322             	0.5740             	59.9900            	0.0000             	0.0000             	0.0000             
86                 	2021-01-28 22:10:23	215.3000           	15.7500            	1.9620             	3.3910             	2.7672             	0.5780             	60.0000            	0.0000             	0.0000             	0.0000             
87                 	2021-01-28 22:10:24	215.3000           	15.1500            	1.8940             	3.2618             	2.6571             	0.5800             	60.0200            	0.0000             	0.0000             	0.0000             
88                 	2021-01-28 22:10:25	215.4000           	16.0300            	1.9760             	3.4529             	2.8346             	0.5710             	60.0200            	0.0000             	0.0000             	0.0000             
89                 	2021-01-28 22:10:26	215.4000           	14.9500            	1.8710             	3.2202             	2.6210             	0.5810             	60.0000            	0.0000             	0.0000             	0.0000             
90                 	2021-01-28 22:10:27	215.3000           	14.8800            	1.8650             	3.2037             	2.6075             	0.5810             	60.0000            	0.0000             	0.0000             	0.0000             
91                 	2021-01-28 22:10:28	215.3000           	14.7200            	1.8650             	3.1692             	2.5635             	0.5880             	60.0000            	0.0000             	0.0000             	0.0000             
92                 	2021-01-28 22:10:30	215.3000           	26.2900            	3.1330             	5.6602             	4.7160             	0.5530             	60.0100            	0.0000             	0.0000             	0.0000             
93                 	2021-01-28 22:10:31	215.1000           	26.9200            	3.1870             	5.7905             	4.8360             	0.5500             	60.0000            	0.0000             	0.0000             	0.0000             
94                 	2021-01-28 22:10:32	215.3000           	25.5100            	3.0520             	5.4923             	4.5688             	0.5550             	60.0000            	0.0000             	0.0000             	0.0000             
95                 	2021-01-28 22:10:33	215.3000           	25.3700            	3.0460             	5.4622             	4.5364             	0.5570             	60.0000            	0.0000             	0.0000             	0.0000             
96                 	2021-01-28 22:10:34	215.3000           	25.2800            	3.0520             	5.4428             	4.5093             	0.5600             	60.0000            	0.0000             	0.0000             	0.0000             
97                 	2021-01-28 22:10:35	215.3000           	25.8400            	3.0890             	5.5634             	4.6279             	0.5550             	60.0100            	0.0000             	0.0000             	0.0000             
98                 	2021-01-28 22:10:36	215.4000           	26.8400            	3.1860             	5.7813             	4.8284             	0.5500             	60.0100            	0.0000             	0.0000             	0.0000             
99                 	2021-01-28 22:10:37	215.4000           	52.0700            	5.3260             	11.2159            	9.8759             	0.4740             	60.0100            	0.0000             	0.0000             	0.0000             
100                	2021-01-28 22:10:38	215.4000           	57.1900            	5.8470             	12.3187            	10.8469            	0.4740             	60.0100            	0.0000             	0.0000             	0.0000             
101                	2021-01-28 22:10:40	215.3000           	59.9100            	5.9570             	12.8986            	11.4462            	0.4610             	60.0100            	0.0000             	0.0000             	0.0000             
102                	2021-01-28 22:10:41	215.2000           	46.5700            	4.5750             	10.0219            	8.9193             	0.4560             	60.0100            	0.0000             	0.0000             	0.0000             
103                	2021-01-28 22:10:42	215.2000           	21.4500            	2.6350             	4.6160             	3.7927             	0.5700             	60.0100            	0.0000             	0.0000             	0.0000             
104                	2021-01-28 22:10:43	215.1000           	21.7300            	2.6560             	4.6741             	3.8469             	0.5680             	60.0100            	0.0000             	0.0000             	0.0000             
105                	2021-01-28 22:10:44	215.2000           	16.2100            	1.9960             	3.4884             	2.8638             	0.5710             	60.0100            	0.0000             	0.0000             	0.0000             
106                	2021-01-28 22:10:45	215.2000           	15.3400            	1.9170             	3.3012             	2.6892             	0.5800             	60.0100            	0.0000             	0.0000             	0.0000             
107                	2021-01-28 22:10:46	215.0000           	16.1600            	1.9890             	3.4744             	2.8499             	0.5720             	60.0000            	0.0000             	0.0000             	0.0000             
108                	2021-01-28 22:10:47	215.2000           	14.9900            	1.8760             	3.2258             	2.6255             	0.5810             	59.9900            	0.0000             	0.0000             	0.0000             
109                	2021-01-28 22:10:48	215.1000           	15.0300            	1.8770             	3.2330             	2.6336             	0.5800             	59.9900            	0.0000             	0.0000             	0.0000             
110                	2021-01-28 22:10:50	215.1000           	15.0400            	1.8840             	3.2351             	2.6308             	0.5820             	59.9900            	0.0000             	0.0000             	0.0000             
111                	2021-01-28 22:10:51	215.0000           	14.9500            	1.8770             	3.2142             	2.6115             	0.5830             	59.9800            	0.0000             	0.0000             	0.0000             
112                	2021-01-28 22:10:52	215.1000           	22.4300            	2.6400             	4.8247             	4.0421             	0.5460             	59.9800            	0.0000             	0.0000             	0.0000             
113                	2021-01-28 22:10:53	215.1000           	25.5700            	3.0680             	5.5001             	4.5679             	0.5570             	59.9900            	0.0000             	0.0000             	0.0000             
114                	2021-01-28 22:10:54	215.2000           	25.5200            	3.0680             	5.4919             	4.5574             	0.5580             	59.9900            	0.0000             	0.0000             	0.0000             
115                	2021-01-28 22:10:55	215.2000           	25.6800            	3.0670             	5.5263             	4.6008             	0.5540             	59.9900            	0.0000             	0.0000             	0.0000             
116                	2021-01-28 22:10:56	215.1000           	25.6100            	3.0640             	5.5087             	4.5787             	0.5560             	59.9900            	0.0000             	0.0000             	0.0000             
117                	2021-01-28 22:10:57	215.1000           	31.6500            	3.6040             	6.8079             	5.7773             	0.5290             	59.9900            	0.0000             	0.0000             	0.0000             
118                	2021-01-28 22:10:58	215.1000           	27.6500            	3.2540             	5.9475             	4.9827             	0.5460             	59.9900            	0.0000             	0.0000             	0.0000             
119                	2021-01-28 22:10:59	215.0000           	57.6400            	5.8480             	12.3926            	10.9319            	0.4710             	59.9900            	0.0000             	0.0000             	0.0000             
120                	2021-01-28 22:11:01	215.0000           	57.3700            	5.8330             	12.3346            	10.8741            	0.4720             	59.9900            	0.0000             	0.0000             	0.0000             
121                	2021-01-28 22:11:02	215.0000           	60.0900            	6.0100             	12.9194            	11.4376            	0.4650             	59.9900            	0.0000             	0.0000             	0.0000             
122                	2021-01-28 22:11:03	215.2000           	26.5800            	3.1580             	5.7200             	4.7696             	0.5520             	59.9900            	0.0000             	0.0000             	0.0000             
123                	2021-01-28 22:11:04	215.1000           	21.2400            	2.6140             	4.5687             	3.7507             	0.5710             	59.9900            	0.0000             	0.0000             	0.0000             
124                	2021-01-28 22:11:05	215.2000           	21.3200            	2.6160             	4.5881             	3.7698             	0.5700             	59.9900            	0.0000             	0.0000             	0.0000             
125                	2021-01-28 22:11:06	215.1000           	15.4400            	1.9240             	3.3211             	2.7078             	0.5790             	59.9900            	0.0000             	0.0000             	0.0000             
126                	2021-01-28 22:11:07	215.2000           	15.0400            	1.8820             	3.2366             	2.6343             	0.5810             	59.9900            	0.0000             	0.0000             	0.0000             
127                	2021-01-28 22:11:08	215.3000           	16.2400            	2.0020             	3.4965             	2.8680             	0.5720             	59.9900            	0.0000             	0.0000             	0.0000             
128                	2021-01-28 22:11:10	215.3000           	16.1200            	1.9830             	3.4706             	2.8492             	0.5710             	59.9900            	0.0000             	0.0000             	0.0000             
129                	2021-01-28 22:11:11	215.2000           	15.1700            	1.8920             	3.2646             	2.6617             	0.5790             	60.0100            	0.0000             	0.0000             	0.0000             
130                	2021-01-28 22:11:12	215.7000           	14.9700            	1.8800             	3.2290             	2.6258             	0.5820             	60.0100            	0.0000             	0.0000             	0.0000             
131                	2021-01-28 22:11:13	215.5000           	17.4500            	2.1000             	3.7605             	3.1206             	0.5580             	60.0100            	0.0000             	0.0000             	0.0000             
132                	2021-01-28 22:11:14	215.6000           	26.2000            	3.1470             	5.6487             	4.6951             	0.5560             	60.0200            	0.0000             	0.0000             	0.0000             
133                	2021-01-28 22:11:15	215.6000           	25.6000            	3.0650             	5.5194             	4.5913             	0.5550             	60.0200            	0.0000             	0.0000             	0.0000             
134                	2021-01-28 22:11:16	215.6000           	25.0800            	3.0180             	5.4072             	4.4872             	0.5580             	60.0300            	0.0000             	0.0000             	0.0000             
135                	2021-01-28 22:11:17	215.4000           	25.5000            	3.0570             	5.4927             	4.5654             	0.5560             	60.0300            	0.0000             	0.0000             	0.0000             
136                	2021-01-28 22:11:18	215.5000           	25.5900            	3.0610             	5.5146             	4.5874             	0.5550             	60.0300            	0.0000             	0.0000             	0.0000             
137                	2021-01-28 22:11:20	215.5000           	26.3200            	3.1400             	5.6720             	4.7258             	0.5530             	60.0300            	0.0000             	0.0000             	0.0000             
138                	2021-01-28 22:11:21	215.5000           	26.8700            	3.1850             	5.7905             	4.8398             	0.5490             	60.0300            	0.0000             	0.0000             	0.0000             
139                	2021-01-28 22:11:22	215.6000           	55.7900            	5.7150             	12.0283            	10.5848            	0.4750             	60.0300            	0.0000             	0.0000             	0.0000             
140                	2021-01-28 22:11:23	215.6000           	60.1400            	6.0070             	12.9662            	11.4927            	0.4630             	60.0200            	0.0000             	0.0000             	0.0000             
141                	2021-01-28 22:11:24	215.6000           	60.4700            	6.0620             	13.0373            	11.5489            	0.4640             	60.0200            	0.0000             	0.0000             	0.0000             
142                	2021-01-28 22:11:25	215.7000           	24.0000            	2.8830             	5.1768             	4.3029             	0.5560             	60.0200            	0.0000             	0.0000             	0.0000             
143                	2021-01-28 22:11:26	215.8000           	22.2900            	2.7060             	4.8102             	3.9787             	0.5620             	60.0300            	0.0000             	0.0000             	0.0000             
144                	2021-01-28 22:11:27	215.7000           	17.2300            	2.1100             	3.7165             	3.0614             	0.5670             	60.0200            	0.0000             	0.0000             	0.0000             
145                	2021-01-28 22:11:28	215.7000           	16.1200            	1.9770             	3.4771             	2.8617             	0.5680             	60.0200            	0.0000             	0.0000             	0.0000             
146                	2021-01-28 22:11:29	215.7000           	15.0700            	1.8820             	3.2506             	2.6526             	0.5780             	60.0300            	0.0000             	0.0000             	0.0000             
147                	2021-01-28 22:11:30	215.7000           	15.9900            	1.9710             	3.4490             	2.8315             	0.5710             	60.0300            	0.0000             	0.0000             	0.0000             
148                	2021-01-28 22:11:32	215.6000           	16.1200            	1.9820             	3.4755             	2.8556             	0.5700             	60.0300            	0.0000             	0.0000             	0.0000             
149                	2021-01-28 22:11:33	215.4000           	15.0300            	1.8810             	3.2375             	2.6373             	0.5800             	60.0200            	0.0000             	0.0000             	0.0000             
150                	2021-01-28 22:11:34	215.4000           	16.1200            	1.9820             	3.4722             	2.8530             	0.5700             	60.0200            	0.0000             	0.0000             	0.0000             
151                	2021-01-28 22:11:35	215.4000           	15.1500            	1.8970             	3.2633             	2.6560             	0.5810             	60.0200            	0.0000             	0.0000             	0.0000             
152                	2021-01-28 22:11:36	215.1000           	26.4500            	3.1540             	5.6894             	4.7403             	0.5530             	60.0300            	0.0000             	0.0000             	0.0000             
153                	2021-01-28 22:11:37	215.4000           	25.6700            	3.0710             	5.5293             	4.5996             	0.5550             	60.0300            	0.0000             	0.0000             	0.0000             
154                	2021-01-28 22:11:38	215.3000           	25.3400            	3.0350             	5.4557             	4.5383             	0.5550             	60.0200            	0.0000             	0.0000             	0.0000             
155                	2021-01-28 22:11:39	215.4000           	25.6200            	3.0660             	5.5185             	4.5906             	0.5550             	60.0200            	0.0000             	0.0000             	0.0000             
156                	2021-01-28 22:11:40	215.4000           	25.6400            	3.0680             	5.5229             	4.5942             	0.5550             	60.0200            	0.0000             	0.0000             	0.0000             
157                	2021-01-28 22:11:41	215.5000           	26.6600            	3.1530             	5.7452             	4.8058             	0.5480             	60.0200            	0.0000             	0.0000             	0.0000             
158                	2021-01-28 22:11:42	215.5000           	27.7300            	3.2650             	5.9758             	5.0064             	0.5460             	60.0200            	0.0000             	0.0000             	0.0000             
159                	2021-01-28 22:11:44	215.5000           	57.8300            	5.8790             	12.4624            	10.9935            	0.4710             	60.0100            	0.0000             	0.0000             	0.0000             
160                	2021-01-28 22:11:45	215.5000           	57.8300            	5.9730             	12.4624            	11.0331            	0.4650             	60.0100            	0.0000             	0.0000             	0.0000             
161                	2021-01-28 22:11:46	215.4000           	59.8500            	5.9840             	12.8917            	11.4199            	0.4640             	60.0100            	0.0000             	0.0000             	0.0000             
162                	2021-01-28 22:11:47	215.6000           	26.1900            	3.0880             	5.6466             	4.7306             	0.5460             	60.0100            	0.0000             	0.0000             	0.0000             
163                	2021-01-28 22:11:48	215.6000           	21.3700            	2.6190             	4.6074             	3.7920             	0.5680             	60.0200            	0.0000             	0.0000             	0.0000             
164                	2021-01-28 22:11:49	215.6000           	15.1300            	1.8930             	3.2620             	2.6596             	0.5790             	60.0200            	0.0000             	0.0000             	0.0000             
165                	2021-01-28 22:11:50	215.5000           	16.1000            	1.9980             	3.4695             	2.8386             	0.5750             	60.0300            	0.0000             	0.0000             	0.0000             
166                	2021-01-28 22:11:51	215.6000           	15.1200            	1.8890             	3.2599             	2.6579             	0.5790             	60.0300            	0.0000             	0.0000             	0.0000             
167                	2021-01-28 22:11:53	215.6000           	15.0700            	1.8860             	3.2491             	2.6468             	0.5800             	60.0200            	0.0000             	0.0000             	0.0000             
168                	2021-01-28 22:11:54	215.6000           	16.3200            	1.9950             	3.5186             	2.9007             	0.5660             	60.0000            	0.0000             	0.0000             	0.0000             
169                	2021-01-28 22:11:55	215.5000           	15.2600            	1.9010             	3.2885             	2.6859             	0.5770             	60.0000            	0.0000             	0.0000             	0.0000             
170                	2021-01-28 22:11:56	215.5000           	16.1100            	1.9730             	3.4717             	2.8573             	0.5680             	60.0200            	0.0000             	0.0000             	0.0000             
171                	2021-01-28 22:11:57	215.5000           	27.1200            	3.1950             	5.8444             	4.8963             	0.5460             	60.0100            	0.0000             	0.0000             	0.0000             
172                	2021-01-28 22:11:58	215.5000           	26.7800            	3.1680             	5.7711             	4.8274             	0.5480             	60.0200            	0.0000             	0.0000             	0.0000             
173                	2021-01-28 22:11:59	215.6000           	25.3900            	3.0360             	5.4741             	4.5573             	0.5540             	60.0200            	0.0000             	0.0000             	0.0000             
174                	2021-01-28 22:12:01	215.3000           	25.8600            	3.0730             	5.5677             	4.6462             	0.5510             	60.0200            	0.0000             	0.0000             	0.0000             
175                	2021-01-28 22:12:02	215.5000           	25.8800            	3.0720             	5.5771             	4.6578             	0.5500             	60.0200            	0.0000             	0.0000             	0.0000             
176                	2021-01-28 22:12:03	215.4000           	28.0800            	3.3000             	6.0484             	5.0712             	0.5450             	60.0100            	0.0000             	0.0000             	0.0000             
177                	2021-01-28 22:12:04	215.4000           	28.6700            	3.3350             	6.1755             	5.2017             	0.5390             	60.0100            	0.0000             	0.0000             	0.0000             
178                	2021-01-28 22:12:05	215.3000           	58.0100            	5.9110             	12.4896            	11.0041            	0.4730             	60.0100            	0.0000             	0.0000             	0.0000             
179                	2021-01-28 22:12:06	215.3000           	58.0100            	6.0440             	12.4896            	11.0702            	0.4630             	60.0100            	0.0000             	0.0000             	0.0000             
180                	2021-01-28 22:12:07	215.3000           	60.2800            	6.0070             	12.9783            	11.5102            	0.4620             	60.0000            	0.0000             	0.0000             	0.0000             
181                	2021-01-28 22:12:09	215.4000           	26.5500            	3.1490             	5.7189             	4.7762             	0.5500             	59.9800            	0.0000             	0.0000             	0.0000             
182                	2021-01-28 22:12:10	215.5000           	22.0600            	2.6830             	4.7539             	3.9257             	0.5640             	59.9800            	0.0000             	0.0000             	0.0000             
183                	2021-01-28 22:12:11	215.4000           	16.9200            	2.0740             	3.6446             	2.9996             	0.5680             	60.0000            	0.0000             	0.0000             	0.0000             
184                	2021-01-28 22:12:12	215.4000           	15.1700            	1.8870             	3.2676             	2.6688             	0.5770             	60.0000            	0.0000             	0.0000             	0.0000             
185                	2021-01-28 22:12:13	215.3000           	16.2300            	1.9910             	3.4943             	2.8735             	0.5690             	60.0000            	0.0000             	0.0000             	0.0000             
186                	2021-01-28 22:12:14	215.2000           	15.1700            	1.8860             	3.2646             	2.6663             	0.5770             	59.9900            	0.0000             	0.0000             	0.0000             
187                	2021-01-28 22:12:15	215.3000           	16.3400            	1.9970             	3.5180             	2.8978             	0.5670             	59.9900            	0.0000             	0.0000             	0.0000             
188                	2021-01-28 22:12:16	215.2000           	16.1500            	1.9880             	3.4755             	2.8532             	0.5710             	60.0000            	0.0000             	0.0000             	0.0000             
189                	2021-01-28 22:12:17	215.3000           	15.1300            	1.8850             	3.2575             	2.6582             	0.5780             	60.0000            	0.0000             	0.0000             	0.0000             
190                	2021-01-28 22:12:18	215.2000           	16.2500            	2.0030             	3.4970             	2.8684             	0.5720             	59.9900            	0.0000             	0.0000             	0.0000             
191                	2021-01-28 22:12:20	215.3000           	27.1300            	3.1870             	5.8411             	4.8974             	0.5450             	59.9900            	0.0000             	0.0000             	0.0000             
192                	2021-01-28 22:12:21	215.3000           	25.7000            	3.0770             	5.5332             	4.5991             	0.5560             	59.9900            	0.0000             	0.0000             	0.0000             
193                	2021-01-28 22:12:22	215.2000           	25.8300            	3.0740             	5.5586             	4.6350             	0.5520             	59.9900            	0.0000             	0.0000             	0.0000             
194                	2021-01-28 22:12:23	215.3000           	25.8900            	3.0790             	5.5741             	4.6479             	0.5520             	59.9800            	0.0000             	0.0000             	0.0000             
195                	2021-01-28 22:12:24	215.3000           	25.8300            	3.0730             	5.5612             	4.6372             	0.5520             	59.9800            	0.0000             	0.0000             	0.0000             
196                	2021-01-28 22:12:25	215.3000           	28.0200            	3.2830             	6.0327             	5.0620             	0.5440             	59.9800            	0.0000             	0.0000             	0.0000             
197                	2021-01-28 22:12:26	215.4000           	26.6700            	3.1500             	5.7447             	4.8053             	0.5480             	59.9900            	0.0000             	0.0000             	0.0000             
198                	2021-01-28 22:12:27	215.4000           	58.0300            	5.9110             	12.4997            	11.0197            	0.4720             	59.9900            	0.0000             	0.0000             	0.0000             
199                	2021-01-28 22:12:28	215.3000           	60.6300            	6.0320             	13.0536            	11.5838            	0.4610             	60.0000            	0.0000             	0.0000             	0.0000             
200                	2021-01-28 22:12:29	215.3000           	60.8800            	6.0500             	13.1075            	11.6316            	0.4610             	59.9900            	0.0000             	0.0000             	0.0000             
201                	2021-01-28 22:12:31	215.3000           	44.2300            	4.3640             	9.5227             	8.4652             	0.4580             	59.9800            	0.0000             	0.0000             	0.0000             
202                	2021-01-28 22:12:32	215.3000           	21.4600            	2.6190             	4.6203             	3.8090             	0.5660             	59.9900            	0.0000             	0.0000             	0.0000             
203                	2021-01-28 22:12:33	215.5000           	15.2400            	1.8940             	3.2842             	2.6847             	0.5760             	59.9800            	0.0000             	0.0000             	0.0000             
204                	2021-01-28 22:12:34	215.3000           	15.2600            	1.8980             	3.2855             	2.6834             	0.5770             	59.9800            	0.0000             	0.0000             	0.0000             
205                	2021-01-28 22:12:35	215.3000           	16.3000            	1.9870             	3.5094             	2.8932             	0.5660             	59.9900            	0.0000             	0.0000             	0.0000             
206                	2021-01-28 22:12:36	215.3000           	16.4700            	2.0140             	3.5460             	2.9209             	0.5670             	59.9900            	0.0000             	0.0000             	0.0000             
207                	2021-01-28 22:12:37	215.3000           	15.3800            	1.9160             	3.3113             	2.7022             	0.5780             	59.9900            	0.0000             	0.0000             	0.0000             
208                	2021-01-28 22:12:39	215.2000           	16.3100            	1.9950             	3.5099             	2.8888             	0.5680             	59.9800            	0.0000             	0.0000             	0.0000             
209                	2021-01-28 22:12:40	215.1000           	16.6000            	2.0310             	3.5707             	2.9388             	0.5680             	59.9800            	0.0000             	0.0000             	0.0000             
210                	2021-01-28 22:12:41	215.2000           	23.0500            	2.6860             	4.9604             	4.1718             	0.5410             	59.9800            	0.0000             	0.0000             	0.0000             
211                	2021-01-28 22:12:42	215.2000           	26.4700            	3.1370             	5.6963             	4.7574             	0.5500             	59.9800            	0.0000             	0.0000             	0.0000             
212                	2021-01-28 22:12:43	215.4000           	25.8800            	3.0790             	5.5746             	4.6483             	0.5520             	59.9800            	0.0000             	0.0000             	0.0000             
213                	2021-01-28 22:12:44	215.3000           	25.8000            	3.0730             	5.5547             	4.6281             	0.5530             	59.9900            	0.0000             	0.0000             	0.0000             
214                	2021-01-28 22:12:45	215.5000           	25.7200            	3.0720             	5.5427             	4.6144             	0.5540             	59.9900            	0.0000             	0.0000             	0.0000             
215                	2021-01-28 22:12:46	215.4000           	25.9000            	3.0800             	5.5789             	4.6519             	0.5520             	59.9900            	0.0000             	0.0000             	0.0000             
216                	2021-01-28 22:12:48	215.4000           	26.7700            	3.1620             	5.7663             	4.8233             	0.5480             	59.9800            	0.0000             	0.0000             	0.0000             
217                	2021-01-28 22:12:49	215.4000           	27.7500            	3.2600             	5.9774             	5.0116             	0.5450             	59.9900            	0.0000             	0.0000             	0.0000             
218                	2021-01-28 22:12:50	215.4000           	58.2200            	5.8700             	12.5406            	11.0891            	0.4670             	59.9900            	0.0000             	0.0000             	0.0000             
219                	2021-01-28 22:12:51	215.3000           	60.3100            	6.0230             	12.9847            	11.5091            	0.4630             	59.9900            	0.0000             	0.0000             	0.0000             
220                	2021-01-28 22:12:52	215.5000           	60.2800            	6.0160             	12.9903            	11.5141            	0.4630             	59.9900            	0.0000             	0.0000             	0.0000             
221                	2021-01-28 22:12:53	215.4000           	22.2800            	2.7080             	4.7991             	3.9630             	0.5640             	60.0000            	0.0000             	0.0000             	0.0000             
222                	2021-01-28 22:12:54	215.3000           	21.1900            	2.6410             	4.5622             	3.7229             	0.5780             	60.0000            	0.0000             	0.0000             	0.0000             
223                	2021-01-28 22:12:55	215.5000           	15.3800            	1.9070             	3.3144             	2.7117             	0.5750             	60.0000            	0.0000             	0.0000             	0.0000             
224                	2021-01-28 22:12:56	215.4000           	16.4100            	2.0230             	3.5347             	2.8994             	0.5720             	59.9900            	0.0000             	0.0000             	0.0000             
225                	2021-01-28 22:12:58	215.3000           	15.4400            	1.9140             	3.3242             	2.7197             	0.5750             	59.9900            	0.0000             	0.0000             	0.0000             
226                	2021-01-28 22:12:59	215.3000           	15.6600            	1.9510             	3.3716             	2.7513             	0.5780             	59.9900            	0.0000             	0.0000             	0.0000             
227                	2021-01-28 22:13:00	215.4000           	16.3600            	1.9950             	3.5239             	2.9052             	0.5660             	59.9800            	0.0000             	0.0000             	0.0000             
228                	2021-01-28 22:13:01	215.3000           	15.1400            	1.8910             	3.2596             	2.6577             	0.5790             	59.9800            	0.0000             	0.0000             	0.0000             
229                	2021-01-28 22:13:02	215.4000           	15.2100            	1.8870             	3.2762             	2.6805             	0.5750             	59.9800            	0.0000             	0.0000             	0.0000             
230                	2021-01-28 22:13:03	215.3000           	26.9500            	3.1810             	5.8023             	4.8535             	0.5480             	59.9800            	0.0000             	0.0000             	0.0000             
231                	2021-01-28 22:13:04	215.4000           	25.9900            	3.0850             	5.5982             	4.6755             	0.5500             	59.9700            	0.0000             	0.0000             	0.0000             
232                	2021-01-28 22:13:05	215.4000           	25.9900            	3.0800             	5.5982             	4.6755             	0.5500             	59.9800            	0.0000             	0.0000             	0.0000             
233                	2021-01-28 22:13:06	215.4000           	25.8800            	3.0800             	5.5746             	4.6483             	0.5520             	59.9900            	0.0000             	0.0000             	0.0000             
234                	2021-01-28 22:13:08	215.4000           	29.6800            	3.4190             	6.3931             	5.4052             	0.5340             	59.9900            	0.0000             	0.0000             	0.0000             
235                	2021-01-28 22:13:09	215.6000           	28.1900            	3.2910             	6.0778             	5.1115             	0.5410             	59.9900            	0.0000             	0.0000             	0.0000             
236                	2021-01-28 22:13:10	215.5000           	26.8300            	3.1650             	5.7819             	4.8402             	0.5470             	60.0000            	0.0000             	0.0000             	0.0000             
237                	2021-01-28 22:13:11	215.5000           	57.7200            	5.8570             	12.4387            	10.9792            	0.4700             	60.0000            	0.0000             	0.0000             	0.0000             
238                	2021-01-28 22:13:12	215.5000           	60.5300            	6.0320             	13.0442            	11.5687            	0.4620             	60.0000            	0.0000             	0.0000             	0.0000             
239                	2021-01-28 22:13:13	215.5000           	60.6500            	6.0150             	13.0701            	11.6052            	0.4600             	60.0000            	0.0000             	0.0000             	0.0000             
240                	2021-01-28 22:13:14	215.4000           	22.2400            	2.6940             	4.7905             	3.9624             	0.5620             	60.0000            	0.0000             	0.0000             	0.0000             
241                	2021-01-28 22:13:16	215.5000           	21.6300            	2.6320             	4.6613             	3.8492             	0.5640             	60.0000            	0.0000             	0.0000             	0.0000             
242                	2021-01-28 22:13:17	215.5000           	15.5500            	1.9300             	3.3510             	2.7417             	0.5750             	60.0100            	0.0000             	0.0000             	0.0000             
243                	2021-01-28 22:13:18	215.5000           	15.3100            	1.9070             	3.2993             	2.6947             	0.5770             	60.0100            	0.0000             	0.0000             	0.0000             
244                	2021-01-28 22:13:19	215.5000           	16.2900            	2.0030             	3.5105             	2.8844             	0.5700             	60.0100            	0.0000             	0.0000             	0.0000             
245                	2021-01-28 22:13:20	215.6000           	15.8600            	1.9590             	3.4194             	2.8048             	0.5720             	60.0100            	0.0000             	0.0000             	0.0000             
246                	2021-01-28 22:13:21	215.5000           	15.3400            	1.8990             	3.3058             	2.7069             	0.5740             	60.0100            	0.0000             	0.0000             	0.0000             
247                	2021-01-28 22:13:22	215.4000           	15.1800            	1.8840             	3.2698             	2.6752             	0.5750             	60.0000            	0.0000             	0.0000             	0.0000             
248                	2021-01-28 22:13:23	215.6000           	15.2700            	1.8950             	3.2922             	2.6935             	0.5750             	60.0100            	0.0000             	0.0000             	0.0000             
249                	2021-01-28 22:13:24	215.4000           	24.6300            	2.8550             	5.3053             	4.4755             	0.5370             	60.0100            	0.0000             	0.0000             	0.0000             
250                	2021-01-28 22:13:25	215.6000           	27.7000            	3.2390             	5.9721             	5.0188             	0.5420             	60.0000            	0.0000             	0.0000             	0.0000             
251                	2021-01-28 22:13:27	215.3000           	26.6600            	3.1490             	5.7399             	4.8013             	0.5480             	59.9900            	0.0000             	0.0000             	0.0000             
252                	2021-01-28 22:13:28	215.5000           	26.6000            	3.1320             	5.7323             	4.8024             	0.5460             	59.9900            	0.0000             	0.0000             	0.0000             
253                	2021-01-28 22:13:29	215.3000           	27.3500            	3.1840             	5.8885             	4.9561             	0.5400             	60.0000            	0.0000             	0.0000             	0.0000             
254                	2021-01-28 22:13:30	215.4000           	28.9000            	3.3270             	6.2251             	5.2632             	0.5340             	60.0000            	0.0000             	0.0000             	0.0000             
255                	2021-01-28 22:13:31	215.5000           	28.1900            	3.2620             	6.0749             	5.1286             	0.5360             	60.0000            	0.0000             	0.0000             	0.0000             
256                	2021-01-28 22:13:32	215.4000           	27.1500            	3.1670             	5.8481             	4.9184             	0.5410             	60.0000            	0.0000             	0.0000             	0.0000             
257                	2021-01-28 22:13:33	215.5000           	26.3100            	3.0980             	5.6698             	4.7501             	0.5460             	60.0000            	0.0000             	0.0000             	0.0000             
258                	2021-01-28 22:13:34	215.5000           	15.4400            	1.9050             	3.3273             	2.7292             	0.5720             	60.0000            	0.0000             	0.0000             	0.0000             
259                	2021-01-28 22:13:35	215.4000           	16.5500            	2.0070             	3.5649             	2.9486             	0.5620             	60.0100            	0.0000             	0.0000             	0.0000             
260                	2021-01-28 22:13:36	215.5000           	15.3100            	1.8980             	3.2993             	2.6993             	0.5750             	60.0000            	0.0000             	0.0000             	0.0000             
261                	2021-01-28 22:13:37	215.7000           	15.3500            	1.9050             	3.3110             	2.7089             	0.5750             	60.0100            	0.0000             	0.0000             	0.0000             
262                	2021-01-28 22:13:39	215.7000           	16.4400            	2.0070             	3.5461             	2.9259             	0.5650             	60.0200            	0.0000             	0.0000             	0.0000             
263                	2021-01-28 22:13:40	215.6000           	15.2600            	1.8960             	3.2901             	2.6895             	0.5760             	60.0200            	0.0000             	0.0000             	0.0000             
264                	2021-01-28 22:13:41	215.6000           	16.3800            	1.9930             	3.5315             	2.9162             	0.5640             	60.0100            	0.0000             	0.0000             	0.0000             
265                	2021-01-28 22:13:42	215.6000           	16.2900            	1.9950             	3.5121             	2.8930             	0.5670             	60.0100            	0.0000             	0.0000             	0.0000             
266                	2021-01-28 22:13:43	215.6000           	15.1000            	1.8960             	3.2556             	2.6474             	0.5820             	60.0100            	0.0000             	0.0000             	0.0000             
267                	2021-01-28 22:13:44	215.6000           	16.3400            	1.9870             	3.5229             	2.9115             	0.5630             	60.0100            	0.0000             	0.0000             	0.0000             
268                	2021-01-28 22:13:45	215.5000           	14.8800            	1.8590             	3.2066             	2.6145             	0.5790             	60.0200            	0.0000             	0.0000             	0.0000             
