-6.4844
-10.3672
-12.6797
-10.8828
-9.5625
-7.8828
-7.2891
-8.7969
-10.7734
-12.6641
-10.8438
-12.7891
-7.7891
-9.4219
-12.5938
-9.4688
-7.8398
-11.1484
-13.1094
-12.7578
-11.2891
-10.4453
-11.5859
-8.8672
-8.8125
-12.2422
-9.6094
-10.6016
-14.9453
-13.2891
-10.4844
-12.2031
-10.8047
-13.2188
-12.4375
-10.2109
-14.6328
-7.2109
-11.8203
-6.3828
-10.5391
-10.9453
-11.8750
-13.1406
-7.2109
-7.7734
-8.2578
-11.9062
-12.3828
-10.4375
-5.3125
-3.9668
-10.8984
-13.0781
-9.3594
-14.1328
-10.6797
-8.3047
-8.2109
-7.8633
-10.5859
-10.7500
-11.6172
-9.9922
-11.0078
-11.8828
-8.9844
-11.9688
-9.8438
-11.4609
-9.0000
-11.4219
-12.5781
-11.9062
-12.0000
-13.5625
-14.0000
-7.4102
-9.3359
-11.2422
-13.6016
-10.2656
-9.8594
-12.3125
-10.2266
-12.0781
-8.4922
-12.0547
-11.9531
-12.1484
-9.2109
-8.6094
-6.8359
-8.6641
-10.8828
-9.5859
-7.3438
-3.9277
-12.1953
-12.4844
-10.4531
-10.5000
-11.9766
-9.1406
-10.7734
-13.5078
-10.7500
-10.8594
-10.9688
-8.8359
-10.5469
-10.0469
-12.6406
-9.8125
-11.7266
-15.5547
-10.3281
-9.0938
-11.7266
-10.0469
-6.7695
-11.2734
-9.8281
-13.9141
-8.6328
-12.3125
-11.4922
-4.4219
-10.1172
-8.3438
-12.1484
-12.9141
-7.1328
-7.8320
-7.4141
-12.8906
-9.7031
-8.0547
-8.0312
-9.6094
-10.3594
-12.5234
-13.1172
-13.6094
-12.0625
-10.8125
-7.8086
-13.6250
-10.2812
-12.0781
-8.6328
-12.3750
-11.0000
-12.4844
-8.2734
-11.6797
-10.3438
-10.1484
-12.4141
-11.5938
-13.1719
-11.7109
-11.4766
-10.3125
-7.1172
-10.2109
-12.0312
-14.0938
-9.8281
-9.7109
-9.9922
-10.5078
-8.5234
-10.7969
-12.2109
-12.2266
-9.2266
-11.2188
-10.6094
-6.8555
-12.8281
-8.8750
-10.8594
-13.9297
-11.9141
-10.0078
-8.3203
-9.4766
-12.4141
-13.4297
-5.9883
-13.0000
-13.6406
-9.6562
-5.3906
-8.9844
-9.2656
-11.7109
-13.4766
-7.2266
-5.7812
-11.6484
-7.7578
-9.2578
-8.2969
-13.9062
-11.0156
-10.6875
-13.1562
-9.5078
-10.7422
-4.5938
-9.3516
-12.9688
-8.9375
-13.5938
-9.8594
-9.6328
-12.3047
-10.2969
-13.2031
-11.5859
-9.1172
-9.9922
-11.3047
-11.3125
-9.1172
-11.4688
-12.5391
-11.3828
-14.6094
-14.4453
-11.9531
-11.7422
-13.6484
-6.3906
-11.6719
-10.8516
-1.5156
-9.3906
-9.8203
-13.2500
-12.1797
-11.6328
-14.9375
-8.9844
-8.4766
-7.7852
-9.2656
-8.2891
-11.0391
-10.7422
-8.7031
-10.2578
-10.9062
-11.6172
-12.8047
-8.1328
-11.8828
-5.8203
-10.9609
-11.6797
-11.8359
-12.7109
-11.5781
-12.0469
-15.0078
-10.2656
-9.8594
-10.4609
-11.9453
-12.9766
-10.1328
-11.7422
-4.8984
-9.3125
-11.7031
-11.3047
-13.1953
-11.5312
-8.3516
-10.2891
-12.5625
-10.8984
-7.2109
-9.1797
-8.9766
-15.8281
-9.2656
-11.6719
-10.9922
-12.0312
-10.0078
-12.1094
-11.2969
-11.2891
-15.0859
-11.2734
-7.5039
-9.8750
-13.5312
-12.6016
-6.2344
-12.4375
-10.0547
-13.2578
-7.2422
-12.3281
-7.8047
-9.6719
-12.1406
-9.3438
-12.7266
-10.7266
-12.1406
-11.4219
-7.1602
-13.1016
-14.5312
-8.8750
-12.3203
-11.2578
-10.5391
-13.6094
-10.5234
-9.9375
-10.3828
-9.7500
-11.6719
-8.9453
-10.0469
-10.6562
-11.9453
-8.3750
-11.9844
-9.5391
-14.7422
-16.3125
-10.2891
-13.2734
-8.8750
-10.5000
-9.8984
-12.0547
-7.3477
-11.9609
-12.7188
-11.1172
-12.0078
-14.2812
-8.6797
-11.7891
-9.7266
-10.2188
-7.1562
-13.9766
-13.1250
-9.3281
-11.1484
-11.7266
-7.4922
-10.0938
-6.5859
-9.4375
-10.9844
-14.3516
-11.6562
-12.1562
-9.0000
-9.8672
-8.2812
-8.7500
-11.5000
-12.9062
-9.3906
-12.9609
-7.0859
-9.9922
-12.5703
-9.6719
-7.7422
-10.3281
-11.7891
-11.1016
-10.0312
-13.4844
-9.2812
-10.4609
-12.7188
-12.9141
-10.1719
-10.5391
-10.8906
-14.0391
-10.9453
-11.0312
-11.4922
-13.6250
-6.1055
-11.6016
-10.7500
-14.3281
-11.2188
-13.4609
-10.9609
-10.3984
-9.6406
-11.1953
-10.4844
-12.8125
-9.6641
-11.6016
-12.3906
-11.0547
-10.4844
-9.6797
-11.4844
-13.7578
-10.1172
-12.1328
-9.3672
-9.7656
-8.9766
-10.1406
-11.1797
-8.3203
-13.0234
-8.5547
-7.7422
-12.1328
-11.0391
-12.0938
-7.2461
-9.5000
-14.3828
-9.9297
-10.6562
-13.7344
-8.0625
-9.1016
-12.1016
-12.0547
-13.4453
-5.4219
-9.3750
-8.6641
-8.7266
-6.8438
-8.0703
-10.5938
-11.1484
-11.7969
-8.0469
-13.1484
-9.5703
-9.4141
-12.1406
-13.8281
-10.2422
-10.3047
-11.2578
-11.8672
-10.9375
-6.7852
-11.2812
-13.7812
-14.1641
-11.1328
-12.1016
-10.3750
-12.9453
-13.1094
-9.6094
-9.0938
-7.7148
-10.0078
-15.4531
-11.0859
-12.6641
-11.1016
-11.8750
-12.5000
-12.0312
-9.3984
-10.8047
-10.7812
-11.5703
-10.5703
-12.6719
-7.3203
-11.5469
-12.3984
-10.7969
-9.6250
-8.5703
-9.7578
-11.7969
-9.0078
-11.6328
-9.0000
-11.5859
-8.3203
-11.4844
-10.8516
-10.2500
-13.4531
-13.6094
-12.7422
-6.9883
-15.8438
-11.0703
-12.2656
-9.5234
-12.9453
-10.1406
-7.5703
-11.3281
-8.7031
-11.5703
-12.5234
-15.3047
-14.5234
-9.6562
-13.4219
-10.9766
-11.1797
-2.7793
-13.1484
-9.3828
-10.3594
-9.7188
-12.7031
-11.0703
-13.8594
-10.5781
-9.7188
-11.9219
-12.3203
-11.0312
-13.6016
-11.7109
-10.6016
-11.3906
-10.4062
-11.3359
-10.5625
-7.9297
-13.3984
-12.4141
-7.9258
-12.1016
-8.4062
-12.6719
-11.5391
-10.0547
-10.8047
-13.6172
-11.9453
-8.9219
-11.0391
-9.9219
-14.0703
-9.5781
-8.0859
-10.6562
-10.4219
-11.7969
-10.1875
-13.4062
-11.5469
-9.7266
-10.2188
-11.4922
-11.5625
-13.9766
-13.3281
-11.3516
-10.6328
-11.4453
-12.1641
-12.6250
-11.0938
-11.1562
-10.1484
-12.2812
-6.4648
-13.3906
-10.3516
-12.8828
-10.9766
-13.5469
-9.9922
-10.4453
-9.6250
-13.6094
-8.2109
-13.3281
-10.8750
-9.2344
-10.9297
-12.0078
-11.4609
-11.9062
-12.2500
-9.8281
-12.5938
-10.6172
-9.3516
-8.7266
-9.8984
-10.7500
-12.6719
-12.1562
-9.1562
-7.1758
-9.8750
-10.6328
-7.5742
-12.0469
-15.7812
-9.5781
-9.7969
-12.3750
-10.8047
-11.6719
-11.9844
-11.5234
-10.0781
-9.0703
-12.9609
-16.2344
-10.1875
-7.1602
-7.5391
-9.6484
-6.0195
-10.6641
-11.6484
-10.3203
-11.6406
-9.2656
-8.3203
-8.6953
-8.2109
-13.3672
-9.5156
-11.5859
-12.9531
-9.3984
-8.6875
-9.0547
-11.0078
-8.8125
-8.7344
-11.4688
-10.9453
-13.6953
-13.5938
-11.5078
-14.5156
-10.8203
-11.1797
-7.1914
-8.5938
-10.5703
-10.1484
-9.1797
-10.6250
-12.7812
-13.2969
-8.8516
-7.5781
-12.7812
-12.5859
-10.7109
-6.5742
-14.1875
-10.8438
-10.9609
-11.8125
-11.2109
-10.5391
-6.0664
-7.1328
-14.3750
-10.6016
-9.1406
-9.5078
-8.6797
-13.2266
-13.3594
-13.1016
-9.2891
-11.3594
-9.1719
-9.1250
-8.5781
-12.9062
-11.2344
-10.0469
-9.7266
-9.0156
-10.4688
-11.2812
-6.0117
-9.2812
-13.4844
-13.8125
-9.0234
-11.5312
-11.7734
-10.4922
-9.9609
-10.8125
-14.5234
-10.4375
-9.5625
-4.0430
-12.9375
-13.2344
-14.1719
-13.7188
-7.7930
-14.2656
-10.1172
-8.2578
-12.2969
-12.9844
-12.7891
-10.8750
-7.4102
-12.8359
-10.0938
-7.3477
-10.4453
-16.0781
-7.6484
-11.5234
-9.2734
-9.0391
-8.2188
-13.5547
-4.8203
-7.4766
-13.7031
-11.1641
-6.8633
-13.9375
-8.8984
-10.0547
-8.0938
-11.5859
-9.6328
-10.7109
-10.3516
-11.4531
-9.2812
-10.6172
-9.6094
-6.4180
-14.2656
-12.3281
-10.0781
-10.5703
-7.7344
-10.4219
-12.9531
-7.7070
-10.3047
-7.5938
-10.6094
-8.4609
-14.0234
-9.0312
-10.4766
-6.9961
-10.1797
-9.0078
-6.1055
-8.2578
-6.6992
-11.3438
-14.1484
-12.2344
-9.1484
-11.6953
-14.0859
-13.4219
-7.1523
-8.3047
-12.2266
-8.6562
-11.5938
-10.8438
-8.9609
-12.6172
-12.5234
-11.6328
-3.0664
-12.1094
-10.9453
-8.8359
-13.2031
-9.2656
-10.1328
-10.8281
-14.1172
-11.4375
-11.2266
-11.5781
-11.6875
-9.5859
-10.9297
-8.1250
-11.9609
-9.3125
-10.4531
-12.2031
-11.9062
-9.6484
-12.4219
-9.4297
-11.3828
-8.5547
-8.9375
-9.6875
-9.3906
-8.0078
-10.3359
-11.8672
-11.4141
-10.2578
-10.6797
-11.7812
-13.3359
-7.4375
-5.6680
-12.5391
-8.6875
-13.1016
-5.8359
-12.7656
-4.3359
-10.1797
-10.3203
-12.7188
-11.9766
-8.5469
-11.0859
-12.1094
-13.0547
-13.1328
-13.7031
-10.9062
-8.4844
-12.1172
-13.1797
-14.3203
-11.3672
-12.4141
-12.1094
-11.5547
-10.9766
-13.5703
-8.1328
-11.3359
-9.4688
-10.4609
-9.8828
-11.0625
-11.3359
-13.9688
-11.8359
-12.3984
-11.4453
-8.7891
-12.8281
-11.8047
-9.9297
-13.4062
-12.5859
-10.9062
-13.6875
-11.3125
-12.9922
-9.7812
-7.5156
-9.9219
-9.0391
-10.7031
-10.7734
-5.6797
-13.1562
-9.9219
-13.5703
-13.1250
-10.1094
-12.2812
-10.7812
-10.2734
-11.9375
-10.7344
-8.3594
-5.7422
-14.3516
-12.2891
-11.7422
-5.4844
-8.3594
-10.9609
-7.8906
-9.1094
-14.6094
-7.5469
-14.3672
-6.3711
-7.6133
-8.8516
-4.5742
-9.4922
-7.8477
-13.6484
-11.3984
-11.8438
-11.1016
-8.1875
-13.1562
-8.8359
-8.2266
-9.6641
-11.4219
-9.6562
-12.1406
-10.2578
-9.6719
-10.1953
-11.2812
-10.2969
-11.8047
-11.8828
-11.8906
-8.9688
-10.9141
-9.6406
-12.5391
-11.3203
-8.3906
-12.6328
-12.2578
-9.5938
-11.9297
-8.4062
-10.3047
-12.7031
-13.0703
-8.8750
-11.1875
-11.0078
-10.4219
-12.6953
-7.5781
-11.1250
-10.2656
-9.3203
-4.3633
-10.5312
-12.2656
-10.3906
-8.4062
-11.8516
-13.1797
-10.0469
-10.5781
-9.9922
-12.2109
-11.9062
-8.2812
-9.6719
-13.4688
-13.5156
-9.2812
-8.6719
-11.0781
-10.9219
-12.8828
-9.7422
-9.0938
-10.9844
-7.6523
-7.7109
-8.0156
-13.8984
-12.8516
-10.5859
-10.6484
-10.2031
-9.6953
-6.3320
-13.2031
-10.4219
-10.1641
-13.5156
-11.1797
-12.6875
-12.9219
-7.8320
-9.4609
-8.4297
-9.7656
-7.8086
-11.6562
-13.7812
-9.5703
-10.7188
-14.4609
-12.2109
-7.0391
-9.0938
-11.6875
-9.4375
-11.5625
-15.7109
-12.3281
-13.8906
-11.7344
-13.8359
-11.8281
-10.3594
-12.4688
-11.7188
-7.1875
-12.9141
-11.9375
-12.4766
-8.2344
-12.8672
-8.1094
-9.2656
-7.4180
-11.8984
-8.9844
-9.2969
-14.6484
-7.8281
-11.7266
-11.5078
-11.4453
-13.0469
-10.1016
-10.9688
-14.3594
-13.3438
-10.5078
-12.5078
-7.2617
-9.5547
-7.0000
-12.5625
-7.9258
-12.7969
-8.5625
-10.5469
-10.6484
-12.0859
-13.0391
-10.0156
-9.9609
-11.6953
-8.1172
-8.3906
-9.4453
-11.8750
-9.0000
-5.2773
-8.9922
-11.6406
-9.7266
-10.8516
-8.9453
-13.5234
-10.7891
-10.7344
-13.1719
-8.0781
-9.7891
-7.6211
-12.4141
-11.2734
-9.8906
-12.2422
-8.4609
-12.7031
-10.5859
-10.3906
-10.7578
-10.0859
-11.0156
-10.0078
-9.1172
-8.6406
-11.9219
-10.3125
-8.4922
-11.8672
-9.1094
-9.3203
-13.1328
-12.0078
-12.7188
-10.6484
-11.7422
-9.2812
-8.4141
-13.4922
-10.9844
-12.2891
-10.3750
-10.8672
-12.1250
-12.2500
-8.7578
-13.5859
-12.1484
-10.7578
-4.3320
-9.4219
-7.0547
-12.0234
-12.6094
-8.7109
-12.1719
-10.9531
-10.3047
-11.2500
-11.4688
-9.2734
-7.8203
-3.9902
-6.5508
-10.9688
-13.4375
-10.1328
-13.6484
-8.3672
-12.1875
-12.6641
-9.7031
-9.5938
-7.9219
-10.6484
-11.1172
-13.1719
-11.2734
-12.5234
-10.1328
-7.1289
-12.2656
-10.1172
-12.0156
-12.1250
-10.8047
-8.3828
-12.0000
-12.6172
-10.5703
-8.8359
-10.8359
-9.7578
-9.9688
-11.2188
-11.5547
-11.2344
-10.4688
-12.8125
-11.3047
-11.1016
-12.9688
-12.0234
-12.2188
-10.2969
-10.9375
-11.0703
-10.5781
-13.0234
-12.2500
-13.5312
-10.9453
-12.3047
-6.0898
-10.5547
-9.8750
-10.1484
-13.8984
-10.0859
-9.5547
-10.1641
-12.3438
-8.9062
-10.4922
-12.9297
-7.2539
-10.0703
-10.4609
-11.6562
-10.1953
-8.2891
-8.0547
-11.3828
-11.7578
-11.2812
-11.2969
-9.9609
-9.4375
-10.9062
-10.2656
-10.6875
-9.1641
-10.0625
-10.7578
-8.5547
-8.1953
-10.2891
-11.2891
-13.1328
-11.4219
-8.8984
-11.3438
-10.3906
-9.6484
-9.5078
-10.9922
-9.3906
-9.9844
-12.9453
-12.7578
-10.8125
-11.9688
-7.3945
-10.3672
-9.9688
-12.7578
-6.5234
-9.6250
-5.7148
-11.9297
-9.9531
-7.5547
-11.3125
-12.5000
-8.2812
-10.6250
-11.9062
-15.8906
-13.8047
-10.5781
-7.8008
-7.1367
-10.5547
-14.8516
-10.3047
-13.7969
-12.9219
-5.7812
-12.6016
-9.2734
-10.6719
-12.5078
-10.1797
-11.3281
-12.9297
-13.7969
-10.2266
-9.0859
-9.8516
-12.7812
-11.8359
-11.6484
-14.8438
-6.8594
-10.2734
-12.7109
-9.7891
-9.6875
-13.1484
-9.9766
-11.4922
-9.8125
-11.8906
-8.5859
-7.2734
-11.4453
-10.3594
-10.3906
-12.5859
-12.6406
-10.3750
-12.2578
-9.9453
-10.5234
-11.0703
-6.9180
-5.6992
-9.3672
-10.5938
-9.7500
-7.5664
-8.6562
-8.5078
-13.1797
-12.4453
-8.9375
-10.3984
-7.8711
-12.2578
-6.1953
-9.9375
-9.6016
-15.5781
-12.6641
-12.4766
-11.5312
-12.5781
-6.7891
-9.4375
-11.5391
-11.7031
-10.2891
-9.1250
-12.7031
-10.2578
-11.7734
-12.4844
-12.1797
-15.2656
-11.1172
-14.7109
-7.9688
-12.7891
-17.0625
-10.4688
-14.0234
-9.0547
-10.7578
-11.7031
-11.9375
-9.6562
-12.6016
-10.2188
-9.4531
-11.8281
-12.8281
-13.4609
-14.0781
-13.5000
-11.5000
-11.3359
-7.3477
-9.2969
-11.0703
-10.0234
-6.6758
-6.2422
-11.3438
-11.3359
-11.3359
-12.2812
-10.0391
-11.5547
-7.8984
-10.9531
-12.8047
-7.6367
-14.0234
-11.1641
-8.5000
-7.1758
-15.2109
-8.2578
-10.9062
-5.4609
-10.0391
-6.7656
-6.4766
-8.5391
-13.3125
-10.3281
-8.7344
-7.7461
-15.1094
-11.4922
-10.8516
-12.1875
-13.1172
-13.4766
-10.0547
-11.5938
-14.3516
-11.9375
-12.2188
-13.3828
-10.6406
-9.7422
-8.1641
-10.7578
-11.9766
-10.6641
-9.9922
-11.1250
-10.8281
-11.8125
-6.6094
-12.4219
-9.6172
-12.0156
-12.5000
-11.4453
-11.8672
-13.7734
-11.9297
-9.2188
-8.7656
-10.8828
-14.3203
-14.1797
-12.3594
-7.8320
-11.7500
-9.2969
-10.2969
-10.3594
-12.5781
-7.5859
-8.9453
-10.9766
-11.5859
-10.4609
-10.9609
-4.2930
-13.0703
-8.1875
-11.9297
-13.0312
-5.7188
-10.0859
-13.1016
-10.0156
-9.0391
-13.0391
-10.6094
-8.2969
-15.6094
-10.3828
-6.2930
-11.3984
-10.9062
-8.0156
-11.2188
-12.8594
-10.0625
-13.1094
-11.1797
-12.4219
-10.6094
-13.1641
-12.2656
-10.8516
-8.4766
-13.1953
-13.2891
-7.7422
-8.2109
-12.0938
-8.9688
-12.5625
-9.5156
-15.0312
-10.1797
-10.2422
-10.3750
-11.8672
-14.1328
-13.4766
-10.7266
-12.8906
-15.5469
-9.7188
-11.0859
-10.1250
-11.2266
-12.8750
-10.7500
-12.5391
-12.4609
-11.3672
-7.0391
-11.7578
-14.6953
-5.8398
-11.2578
-10.7812
-12.9922
-11.8594
-8.8750
-9.9688
-11.3125
-9.7812
-10.4766
-10.8047
-12.1016
-10.7891
-12.9766
-10.3594
-9.7656
-12.2109
-12.7266
-8.5859
-11.8125
-14.3281
-14.2812
-10.5156
-12.8516
-11.5000
-13.2578
-7.7852
-11.7422
-8.3984
-11.4844
-6.6094
-11.8438
-12.7656
-11.3281
-9.2969
-14.8828
-11.2344
-10.1875
-10.0859
-11.5547
-10.5625
-13.4062
-11.4453
-12.0234
-10.9922
-12.6250
-9.0000
-8.3359
-10.4531
-11.1953
-10.9141
-10.6484
-11.0469
-9.6016
-12.5781
-11.6875
-10.9062
-9.3594
-11.1953
-15.8672
-8.5625
-8.1172
-9.3906
-11.6797
-9.9844
-12.5391
-13.5938
-10.0625
-11.5859
-14.9141
-14.2266
-8.0547
-10.8281
-6.4648
-14.4141
-5.7852
-9.4609
-10.8516
-9.2969
-7.0195
-9.3906
-10.4297
-13.3125
-13.5469
-11.2422
-13.1406
-5.4336
-11.9141
-10.6562
-10.0156
-8.5391
-12.1328
-13.1328
-11.9844
-12.7266
-13.2891
-13.5469
-11.4219
-10.4844
-14.3906
-10.4609
-7.9844
-10.0781
-10.2188
-9.4688
-8.9062
-8.8281
-8.2656
-10.1250
-9.5156
-14.2266
-8.3281
-10.4922
-11.9844
-10.3516
-12.4766
-11.7812
-13.5703
-11.9219
-10.4453
-12.2578
-12.8438
-11.6953
-7.8555
-8.3750
-12.3516
-11.0234
-9.5703
-9.7344
-11.0000
-12.7109
-16.7500
-8.9688
-11.9219
-11.3984
-11.8516
-11.0781
-6.5117
-7.4102
-14.2500
-12.2969
-13.6797
-8.3438
-9.2812
-11.6562
-10.9766
-12.9688
-12.3828
-11.6250
-10.1719
-10.5312
-8.8438
-10.8750
-10.6250
-11.1328
-6.5664
-8.6641
-10.4219
-13.4922
-11.1797
-8.7891
-11.5078
-12.5234
-13.4141
-8.4062
-13.3047
-10.5938
-11.9375
-10.0859
-8.4609
-11.1719
-13.6719
-7.4883
-11.6406
-9.6094
-6.9102
-9.6797
-11.2031
-11.7344
-11.9766
-11.9453
-13.0469
-12.2734
-10.1875
-10.4062
-7.2383
-12.7891
-10.3672
-10.2031
-9.6094
-10.5625
-13.2266
-6.9062
-12.5078
-10.6719
-12.8672
-9.9531
-9.3672
-11.2500
-6.1797
-9.8750
-10.6641
-11.9375
-11.3281
-8.1172
-8.0469
-10.8203
-13.7422
-12.9453
-13.0156
-14.2188
-12.4531
-11.7031
-10.3750
-11.8047
-12.4297
-12.8906
-10.3203
-11.5859
-8.0312
-12.5781
-11.2344
-11.7969
-6.5820
-10.5547
-12.4609
-12.4219
-9.8359
-9.7734
-12.6562
-6.5508
-10.4375
-12.5234
-13.2656
-9.1562
-13.9141
-9.5547
-8.4844
-7.8320
-11.6797
-10.4766
-9.7500
-12.0547
-13.3594
-13.0469
-11.2266
-11.6484
-9.8125
-12.1484
-14.5469
-11.2812
-11.6719
-11.8828
-11.8594
-8.6328
-11.9922
-9.1172
-8.2656
-9.8594
-8.7500
-14.2969
-12.3203
-8.0781
-12.5703
-11.7812
-11.0000
-11.5078
-11.2422
-11.3594
-8.8906
-8.0703
-8.5391
-12.4609
-11.1328
-10.9297
-6.2031
-12.2578
-10.2734
-7.5469
-9.2188
-10.8281
-8.0391
-11.8516
-10.4766
-8.4844
-5.5938
-11.8594
-9.1094
-9.8047
-14.5781
-8.6172
-12.1172
-9.9922
-10.9141
-11.0234
-10.1328
-8.2344
-10.7500
-11.0938
-8.3203
-10.7109
-10.9688
-13.9453
-9.4688
-13.8906
-11.0547
-11.9062
-9.4219
-11.1406
-11.4609
-10.5312
-10.3672
-12.7266
-6.9258
-1.0332
-11.2422
-10.2266
-9.8047
-12.1016
-11.4844
-12.3438
-10.9766
-11.8438
-7.4102
-8.1797
-10.2109
-12.8281
-11.7734
-11.4609
-8.2734
-12.5391
-11.6016
-7.9336
-10.6406
-11.2109
-13.2734
-9.7344
-11.5625
-9.1250
-13.6875
-10.4219
-10.8750
-13.7109
-11.6953
-8.1094
-10.7969
-7.4023
-9.2969
-11.9844
-11.4766
-7.6445
-2.3770
-10.5703
-10.6797
-11.9609
-9.4844
-9.9688
-10.4609
-11.2969
-13.3281
-12.8281
-6.0273
-9.2188
-9.6172
-14.6250
-10.7422
-11.9141
-12.1328
-11.2344
-11.7422
-10.1562
-10.3125
-9.6953
-6.7227
-13.1406
-12.1953
-11.6562
-7.6523
-11.3672
-9.6797
-10.7812
-7.2656
-12.1016
-11.1172
-10.7422
-13.0859
-10.0547
-10.9688
-11.6797
-13.4922
-12.2578
-13.7188
-6.9219
-11.4922
-8.7031
-11.0391
-11.1797
-11.1719
-10.8828
-10.9297
-14.4219
-8.1797
-12.6641
-10.8594
-8.4141
-11.8281
-7.7383
-10.3438
-12.2031
-11.5625
-14.3203
-11.0703
-10.5234
-9.7500
-10.4688
-13.2266
-6.6680
-6.9961
-11.1016
-12.3594
-9.6250
-11.6953
-10.2188
-9.6875
-7.5234
-15.2578
-9.1562
-10.4375
-9.4297
-10.1328
-13.8438
-10.2031
-12.9141
-9.1016
-10.8203
-11.3125
-9.1406
-9.7031
-10.2656
-9.8984
-12.2969
-14.3906
-10.9922
-7.5664
-10.8984
-9.3828
-12.0156
-10.3750
-6.5977
-8.2969
-11.9609
-7.4414
-12.7734
-12.2344
-11.8516
-10.2891
-11.7891
-6.5938
-9.0625
-10.2266
-8.8047
-8.2109
-12.2422
-10.0547
-6.1250
-10.6641
-7.3203
-11.9297
-9.9922
-11.8125
-10.4375
-11.6719
-10.5938
-12.3438
-10.9609
-8.2422
-10.9062
-10.6250
-9.4688
-11.8828
-9.9766
-14.4219
-12.9844
-13.3516
-10.6719
-8.6328
-12.4609
-9.5547
-9.2422
-11.7422
-12.3438
-9.8828
-10.0781
-10.9453
-11.8984
-11.9609
-11.4609
-11.7891
-10.9609
-8.5469
-10.2891
-12.1797
-11.3750
-11.3594
-10.3906
-7.7852
-10.7422
-11.2656
-12.5547
-13.3281
-11.3047
-10.9062
-11.7734
-12.4922
-10.5234
-13.3828
-10.2188
-11.7734
-11.5859
-12.1250
-12.8281
-11.8750
-11.0156
-9.4062
-11.3828
-12.6250
-13.3125
-8.6484
-8.0391
-9.0156
-12.0625
-8.0234
-12.8750
-10.8828
-13.0234
-9.8203
-11.0469
-12.0781
-9.7578
-9.5000
-5.9727
-11.2344
-8.9297
-9.6016
-6.5195
-9.4766
-11.2656
-11.3203
-13.9766
-10.7734
-10.0938
-9.0781
-8.0391
-14.1094
-9.9219
-10.6406
-10.5938
-11.0156
-9.6406
-9.4219
-12.3281
-10.9453
-14.3203
-9.0078
-7.8672
-8.7656
-10.6562
-6.6055
-8.3125
-11.6250
-11.3438
-10.0312
-12.8047
-11.3125
-8.2500
-12.0469
-13.2188
-11.4531
-10.4375
-10.5547
-5.3633
-10.3750
-8.1328
-10.9219
-9.6719
-9.9453
-12.3750
-11.9141
-11.7891
-8.1328
-12.9609
-10.4766
-8.4688
-10.8906
-12.0859
-13.5000
-11.0078
-12.0234
-12.6562
-9.3281
-12.1641
-10.6875
-10.9531
-10.2734
-12.0781
-9.6094
-11.9766
-9.0625
-8.7109
-8.5469
-9.5625
-13.5078
-10.0703
-11.5391
-6.4492
-10.3047
-14.3438
-12.1641
-11.7031
-12.5234
-12.8359
-12.0703
-9.9844
-9.9297
-11.4453
-9.0000
-11.3750
-8.7031
-11.8359
-13.5078
-9.8203
-10.2109
-11.0312
-11.4922
-6.9688
-10.4062
-8.9531
-12.6250
-11.4375
-12.8125
-12.7812
-14.1484
-8.5625
-11.7266
-9.2344
-10.3203
-12.8047
-8.5703
-9.9375
-7.1523
-14.1875
-12.7500
-9.9297
-13.1562
-7.7461
-10.4766
-10.6406
-9.8203
-13.4219
-9.6406
-12.8672
-12.5859
-8.2656
-8.7578
-8.4688
-12.1484
-11.8750
-11.3906
-12.5000
-8.6562
-9.7266
-16.6406
-7.7695
-12.0859
-12.4375
-11.1016
-12.3438
-10.1328
-8.5312
-9.5547
-14.5312
-12.2500
-11.3984
-12.2344
-13.3359
-10.2656
-11.0234
-12.5625
-12.9766
-11.7422
-10.7891
-9.7266
-11.1641
-12.1094
-11.4219
-12.6172
-13.8594
-8.5781
-11.8828
-11.6016
-11.7188
-12.4453
-9.0938
-11.9922
-8.2188
-12.2031
-10.0625
-15.2188
-8.5703
-11.5547
-7.6797
-11.5156
-11.4688
-10.2812
-12.1953
-12.5156
-13.4141
-11.7109
-10.9609
-12.5703
-12.1094
-7.2930
-10.8281
-10.3438
-12.9531
-11.5234
-11.5000
-8.9766
-8.8516
-13.1250
-11.4297
-11.8438
-12.6484
-11.2266
-12.4062
-10.8750
-9.4766
-12.8125
-12.6719
-10.2969
-11.6797
-8.5156
-9.4219
-8.7500
-12.7812
-9.7969
-10.3906
-12.1562
-13.2734
-9.6562
-7.2812
-8.6094
-12.1172
-10.2500
-10.9375
-16.2969
-8.8281
-9.7891
-7.7148
-9.0625
-15.3750
-12.2656
-13.5391
-13.0156
-11.0078
-9.6562
-11.9922
-12.8906
-7.8555
-12.2656
-10.9297
-13.6328
-10.0391
-8.4297
-9.8438
-12.9766
-13.2109
-12.4766
-14.7422
-10.8984
-11.3828
-9.9844
-7.7891
-6.9453
-4.2695
-11.0156
-7.8516
-11.7734
-13.0391
-11.0234
-12.2344
-11.1094
-12.2422
-11.3359
-9.8750
-11.8984
-10.7812
-11.7969
-11.5859
-14.9766
-10.9922
-6.9453
-9.7891
-10.2969
-9.5938
-12.0312
-12.1641
-12.1328
-12.8047
-13.1562
-8.3359
-10.9141
-13.7656
-11.7969
-11.3594
-11.1953
-12.1875
-14.9766
-12.6953
-12.9375
-9.5078
-11.5703
-7.9766
-11.8984
-8.8203
-10.9766
-9.4531
-9.7578
-13.0781
-13.0703
-12.8906
-9.1172
-11.6484
-8.1875
-10.7344
-11.6172
-10.6719
-9.3750
-11.2812
-13.7656
-7.3516
-12.7969
-8.0234
-7.1523
-11.4141
-11.8906
-12.8594
-12.4531
-9.6484
-11.6562
-10.6797
-14.1172
-7.0742
-7.9141
-11.5312
-6.8008
-12.4141
-10.2891
-10.7266
-12.0703
-11.7266
-13.9062
-12.9531
-12.8594
-12.0625
-15.5469
-9.3359
-12.6016
-9.2891
-12.9141
-13.9141
-8.4609
-9.7969
-15.0625
-11.7812
-7.9180
-11.4453
-9.7031
-12.3750
-10.0781
-12.7656
-10.1094
-11.9922
-10.1094
-8.0391
-9.8750
-5.7188
-9.8516
-11.6328
-8.9844
-11.4141
-12.7031
-13.1172
-6.2461
-11.3125
-4.8086
-11.3359
-11.3750
-8.4375
-10.5234
-8.2891
-10.3594
-11.6172
-11.7422
-11.9922
-10.3359
-12.8750
-7.8359
-6.0938
-9.8672
-10.4609
-9.4922
-12.8594
-9.6094
-10.3594
-6.8477
-10.7422
-13.9219
-13.0078
-10.7266
-10.1953
-14.2969
-8.8828
-9.9141
-11.2109
-11.5703
-10.0078
-7.7891
-13.9062
-13.0469
-10.4922
-11.4219
-12.2812
-11.8047
-12.0000
-9.9453
-13.6484
-14.3125
-12.8906
-8.5547
-11.8906
-6.0312
-10.5547
-11.5938
-10.0938
-13.8359
-11.2500
-11.6641
-11.8906
-11.9688
-10.2422
-10.4844
-12.7188
-9.6797
-10.2891
-7.5469
-8.8984
-9.5234
-11.2812
-14.4297
-9.2422
-14.4453
-11.0859
-11.9844
-9.2500
-9.2344
-10.2266
-10.1250
-9.3203
-11.7188
-7.9883
-10.1484
-10.8438
-10.4062
-10.5000
-10.4141
-10.0703
-12.2969
-6.4414
-12.1328
-8.6172
-9.2734
-6.3242
-12.8906
-11.6094
-11.7812
-12.5078
-10.8047
-11.6250
-12.0469
-7.9180
-9.4141
-7.9766
-9.0312
-10.8125
-10.5156
-11.6406
-9.0469
1.1621
0.5317
-1.8457
-2.8457
-2.9492
0.5239
-4.6094
-1.5879
-6.1797
0.0485
-2.3848
-0.7446
-0.9072
2.0781
-8.3125
-3.4902
-2.7832
-5.2891
-1.7334
-0.2366
-2.0684
-5.2773
-1.6631
-3.4785
0.7056
-1.8555
0.9204
-1.6328
-0.7271
-5.3047
-5.7305
-2.1699
-1.9258
-0.2494
-6.6016
-2.7363
-1.6748
-1.5811
-2.3535
3.1367
3.8164
0.3955
-6.6289
-4.0664
-2.4883
-3.4141
-1.1270
-1.7959
-3.1758
-1.9287
-2.2988
3.7461
0.2269
-1.7617
0.3997
0.0859
-1.3594
1.6201
-4.7617
-1.7637
3.6836
0.7305
-3.6406
-0.4504
-3.7148
-10.7891
-1.0898
-0.5830
-2.8770
-0.0374
-5.7656
-3.7012
1.7354
5.1172
-0.6206
-0.9478
-0.1758
0.1429
-2.4863
0.9717
-1.5049
1.1465
-2.3359
-1.5635
-0.4849
-3.1113
0.4597
0.1493
-0.2764
1.0967
-5.4531
0.8540
-3.0723
-0.0237
0.3066
-1.4922
-1.0420
-5.1562
-3.3633
-0.8369
-3.0430
-4.2852
0.0666
-1.4775
-3.3613
-5.4727
1.4678
-7.5859
-1.1191
-1.9629
-1.8848
-1.5557
-5.2812
0.3303
2.3516
1.5195
-0.7412
0.1127
-2.9102
-1.0928
-3.8613
-3.5664
-2.1758
-1.3096
-3.0703
-0.4973
0.8408
-1.0068
-9.1562
-3.6328
0.3979
-0.0363
2.4375
0.1248
-1.8154
-3.3984
-2.8145
-1.4189
-1.3496
2.2461
-1.3447
-2.7910
-6.2188
-2.0469
1.3418
3.1660
-2.5586
-0.7324
-3.1152
-0.5425
2.0801
-2.2383
4.0664
-3.5117
-4.2344
-5.8867
-1.6758
-4.6289
0.0284
-4.8594
2.6641
-4.6406
-0.4771
-0.0847
-2.5449
2.6387
-3.1016
-4.5195
-6.5938
-5.9961
0.5371
1.4580
0.8252
1.5293
-1.2129
-5.5430
-0.7432
-4.6641
-2.4277
2.2070
-0.3538
0.0667
-1.5898
-4.2734
-2.2676
-0.6182
-2.4180
-3.9102
-0.2284
-5.6406
-0.5649
-0.9697
-6.8320
-1.8760
-0.6748
-1.2988
-5.8516
-3.5117
-2.3984
-3.2344
-3.3652
-7.2578
-1.6445
-3.0996
-1.0137
-0.7197
-5.3711
-3.9551
1.0234
-1.9727
-1.5010
0.2554
0.3352
-3.4902
1.1924
-4.8008
0.6602
-4.6055
-10.3750
1.8594
-0.0925
-1.7178
-2.1484
-4.4375
-3.8438
-4.0938
1.0820
-0.9487
1.4863
-5.5625
2.3633
-3.8086
-1.5400
-3.3672
-6.3555
-5.8672
-4.3633
1.9580
3.1113
-0.6426
-0.9751
-2.7871
-1.2715
-5.5508
-1.5879
-2.0117
-4.3125
-0.1399
-4.6172
-3.8926
-3.8984
-1.1914
-1.7852
1.1377
-3.4473
-3.3867
-3.6367
-5.7461
-8.4141
-2.2891
1.2842
-0.0264
-1.8477
-2.4922
-2.3965
-2.4629
1.3623
-0.2847
-3.6484
-2.0059
-1.3975
0.2705
2.0000
0.5923
0.4763
-6.6328
-0.8906
-0.9624
0.7407
-5.0938
-4.7578
-0.9761
-1.2939
-4.9961
0.5669
-0.6982
-1.6025
-1.4482
-3.9883
-1.1504
-1.6904
-8.6641
1.4209
2.8105
-2.5586
0.7358
0.9951
-5.5586
0.7710
-0.1555
1.1016
1.5576
-3.1992
-0.2751
-7.3477
-2.7012
-3.9258
-4.5977
-1.8525
1.8330
-4.2969
0.8008
-0.0652
0.6270
-6.4180
2.7207
-6.1016
-1.6328
1.4990
-0.7363
-7.5586
-3.1602
-2.8887
0.7075
-2.0703
-0.2637
-2.7539
-2.6055
-8.7109
-2.5879
-1.2871
-1.0508
-6.5078
-4.1914
-2.6992
1.3467
-0.8013
-2.8125
-1.0859
-2.6270
0.4429
-0.1866
0.6289
1.4512
-3.6992
2.4199
-1.4424
-0.8340
-4.4453
-0.4368
1.5723
2.4570
-2.0215
-1.8652
-3.5625
0.2230
-4.0273
-0.8379
-5.5781
2.6465
-2.5117
-4.6484
0.8662
-6.8750
-5.6719
0.2981
-1.7178
-3.8242
-1.1406
-1.2090
0.4175
-4.5781
-3.1133
-0.3364
-0.2357
-1.3398
-2.3066
0.2942
0.3716
0.6279
1.8613
-4.6758
-3.3047
-5.0625
-7.0586
-4.4141
-3.0859
-1.2119
-1.1807
1.1484
-0.3135
-4.0234
-0.0938
-0.3782
-3.9082
-6.1758
-2.1504
-3.3594
-0.1124
-0.7583
0.1001
-1.5293
-3.7559
-1.1045
-1.2480
6.0352
0.8594
-3.8262
0.3203
1.0234
-1.2656
2.2910
-3.3594
-2.3398
1.7344
2.5332
-4.3711
-0.6284
1.0732
2.4453
-5.3047
-4.1055
-0.5493
-1.1992
-0.9946
-2.9121
-1.7227
-0.2959
-2.1270
-1.8779
2.8691
-2.6738
-4.1445
-2.5996
-1.7041
-1.0635
-0.9990
-1.0469
-1.0771
0.8774
-2.9238
1.9189
-0.8110
3.2344
2.4375
-3.4551
0.2388
-4.3359
-4.7148
-0.9741
-2.7012
-2.2344
-0.4946
-2.1270
-1.1689
-2.7578
-2.3789
-4.6602
-2.6641
-1.9570
-1.3857
-0.8467
-1.1855
-2.3398
-3.4844
-4.0547
-2.8906
-0.0903
-6.6562
-0.9839
0.4902
-2.0918
0.7627
-2.6250
-5.4609
-1.2471
-7.3516
-0.4949
-1.4473
0.9692
-4.8281
-6.0273
-5.2500
-1.8545
-2.7852
-0.9888
-1.7246
-5.9961
-2.0020
-4.6875
-6.4883
2.4746
-3.1836
2.1055
-3.7910
-1.1885
-6.7656
-4.7148
-0.8418
-0.2581
-5.7461
2.5000
-1.5156
-1.6748
3.3594
0.1160
-2.9863
0.5317
2.2109
1.7852
-5.1758
-0.8853
0.8989
-4.5195
-1.7998
-2.0918
-2.6973
-0.4238
1.2637
-2.0879
-2.3633
-4.9570
-1.0469
-4.9453
-3.5996
-2.2734
-0.0975
1.4951
-1.1309
-2.8711
1.3379
-5.2812
-4.1562
-3.4883
-2.1914
0.4546
-1.4365
-0.9858
-4.9062
-4.4180
-1.6602
-0.4067
-5.2266
-1.1816
0.6025
0.9971
-1.9414
-1.7168
-3.0312
-0.6553
-2.1270
-1.4854
-2.4668
1.0635
2.5312
-0.3342
0.4211
-4.6953
-2.6094
-4.6758
-2.1250
-4.1016
1.3994
-4.3242
-3.0547
-0.4622
-1.3555
1.5762
-1.0420
-1.0088
-4.5508
-6.7812
1.7393
-1.8652
-3.0039
-0.3286
5.5664
-1.3486
-5.9492
-2.6367
1.1455
-3.6582
-0.9712
-1.3594
-2.4824
-7.4883
-3.6035
-1.9844
-1.4766
0.5903
-6.7812
-0.8389
-5.4219
-0.4043
-5.5938
-1.3008
-2.5996
-1.3516
-3.8691
-0.9395
-4.1211
2.1152
-5.5742
1.7764
-1.3799
-1.0869
-1.2334
-5.9336
-1.7764
-2.4375
0.7544
-1.3867
-3.9395
-4.7812
2.0293
0.5732
0.5376
-4.2148
-0.2089
-3.0762
-2.6875
-3.6719
-2.4297
0.0106
0.0765
-3.9688
-2.2090
-2.6035
-1.6729
-0.1449
-2.4355
-7.6914
-0.7920
-1.9004
0.3674
-2.4961
1.2393
-1.4082
3.5645
-5.2500
-8.1484
-2.9199
-3.6543
-3.4453
-5.2227
-0.6309
-0.3855
0.4219
0.2629
-3.1250
-2.6523
-1.9912
-2.7949
-3.2246
-5.1289
0.7456
-0.4094
-7.1016
0.8975
-0.1884
0.1989
0.3188
-0.4517
0.6133
-0.8740
-1.4658
0.6548
0.0110
0.9238
-4.2773
2.7891
-0.3733
-6.2305
0.8506
-2.3398
-4.7578
-1.1729
-4.7656
-3.9785
-3.0039
-4.0273
-2.1465
-6.3828
1.2197
-2.0586
-6.4531
-2.2910
-5.0547
-3.5352
-1.7695
0.4021
-8.8516
-7.0352
-7.7188
-3.3809
-0.3291
-0.8027
-4.6758
-0.6909
1.1787
-4.7148
-0.8784
-2.8730
-3.5898
-0.4688
-2.3555
-5.1484
-2.2559
1.3516
-7.7422
2.6328
-1.4971
0.9971
-0.3215
-4.5703
-2.9434
-5.0508
-3.5234
0.0852
-0.2141
-4.5547
-4.1680
-1.4365
-3.0684
0.3408
-0.9380
-3.5078
-1.4551
0.0073
-4.1211
-4.8672
-1.1396
-1.4570
-2.2344
2.0977
-0.1758
-0.2568
-5.7227
-0.2676
2.8242
-1.3281
-2.2363
0.2317
-2.8926
-2.9844
3.3594
-3.1406
-8.6484
-1.7871
-3.0547
1.0986
-0.2776
0.3293
-3.8945
-0.3145
0.9009
-0.2394
-4.4336
-0.5791
-2.0703
-5.9609
-3.6523
0.4126
-1.0615
-4.2891
-2.5000
0.8989
-6.7578
-3.4531
-3.6914
1.4355
-5.8086
-0.6792
-3.3086
-1.6162
1.7207
-3.2578
0.4778
-2.5195
-3.4453
-1.6777
-0.5894
-3.9941
-1.6992
-1.0547
0.6191
-1.3779
-0.4199
-3.5781
-0.8242
-4.5781
-6.0273
1.4316
-3.8770
-0.5127
-5.9922
-5.3672
-2.6953
0.6631
-5.8359
-1.5879
-3.6250
-1.2285
0.0110
-0.4272
1.8682
-0.0926
1.7207
-0.1445
-0.0163
-0.8823
-0.6675
-4.2266
-0.8174
2.0312
-4.2500
-1.2373
-1.5791
1.8301
-1.3164
2.2344
-5.1016
-6.1328
0.2021
1.9014
-3.2500
-2.7715
-5.0664
-1.3857
-0.0757
-0.5859
-4.0938
-3.4102
-5.6016
-3.2520
-1.9336
-1.1299
-4.2344
-4.7578
-1.4629
-0.5029
0.4771
-2.3633
1.2119
-1.3232
0.8081
1.2188
1.0742
-1.0938
-0.4138
1.5869
-2.3945
0.8501
-1.4688
-1.1748
-0.7202
-1.2930
-2.1406
1.5645
-1.1055
1.2998
-7.0234
-3.2207
-2.0215
-2.0137
-0.6348
-4.7930
-2.9219
-2.0078
-0.8535
0.5122
-6.2305
-2.3203
-0.8335
0.3296
-2.6230
0.5054
-6.8516
-0.1416
1.2119
-9.1328
0.7085
-1.5088
1.7119
-7.1992
-3.5215
-1.5312
-3.5820
2.1738
-3.8828
-4.4727
2.7441
-1.1631
-3.0312
3.8730
0.3618
-2.3984
-6.8438
0.1622
-4.5586
-0.4087
-0.7607
-4.9688
2.1133
-1.3086
-4.5469
4.6172
0.7271
-2.2734
-3.2480
-1.8887
0.8511
-4.8398
-1.5752
-3.8438
0.5161
0.4351
1.1924
-6.0547
-4.3867
-6.7734
-5.5156
-3.9805
0.1600
-5.6250
-2.1562
-2.1289
-7.9922
-1.2891
-3.3008
-2.8613
-4.1758
0.6714
-2.6113
2.1387
-4.4453
-5.5039
2.7734
-4.7773
-1.0889
1.2979
-0.1345
0.5117
0.1718
-0.1030
-4.6953
-0.8369
-5.1211
2.2031
-5.9766
-0.7842
-1.5762
-1.7812
-2.3418
0.2405
-3.4258
0.1025
-3.4707
-6.7422
-2.4199
-0.2032
-1.1650
-2.4785
-4.7656
-4.3477
-3.2227
-0.7500
0.1011
0.0696
-2.0977
-3.8184
-1.1865
-1.3301
-0.6626
-5.3516
-0.2263
-3.8848
-1.9336
-6.2500
0.3665
-2.9785
-0.0017
-2.4648
-2.8965
-0.0287
-2.4492
2.6094
2.0508
0.0086
-5.5938
2.8770
-2.8691
-4.6484
-0.9429
-3.3105
-5.2539
-1.4209
1.2832
-2.6660
-2.9863
0.4387
-2.4043
-2.5293
-5.1289
-5.1484
-2.9961
-2.7598
-2.0898
-1.1162
-1.5400
2.8809
-4.5547
-0.8691
-1.8047
-2.2441
-1.5615
0.8774
-6.2383
-1.5205
-1.5049
-1.0557
0.1547
0.5801
0.9336
-5.6328
-0.6445
-4.0742
-4.8320
-6.7383
-4.0820
3.5098
-0.0529
-6.1016
-3.8535
-2.6270
-6.8242
-0.9272
-5.3828
-4.3789
-2.6895
-0.1616
1.2227
0.7070
-0.2039
-2.1953
-3.4785
-1.2627
0.4189
-5.8438
-4.0000
-0.6758
-2.5234
3.8125
-1.8750
-2.5000
-5.9141
-2.6582
-3.0684
-0.1925
2.7266
0.3745
-0.5273
-2.7930
-1.1133
-1.7070
-1.5225
-2.6113
-4.6914
-4.4766
0.9521
-6.5977
-2.6660
-0.9106
-2.4844
-0.8579
-8.9297
-2.7402
-4.8828
3.0234
0.0169
-4.0977
3.1816
-2.0254
-2.7500
-2.0430
-2.0684
-4.2578
-4.2969
-0.5635
-7.3008
-0.0328
-5.2578
-4.9258
-3.2441
-7.1602
-1.5820
-2.5176
-2.4785
-0.4910
-0.0554
-1.2324
0.1749
0.4917
-0.4353
-3.2754
2.0254
-0.2725
-1.6504
-0.5308
1.4111
-0.4138
0.1116
-0.2083
1.3770
0.2551
-2.4609
0.4263
2.0742
-1.9268
-3.1758
-7.4180
1.0430
-1.6602
-4.0547
-4.5469
1.0322
-0.2180
-3.9805
-2.3789
-1.5557
-0.9658
0.0921
-4.6836
-3.3516
-7.3750
-5.3047
-0.9146
4.0820
-0.1582
-1.5322
-0.5298
-5.0117
0.4084
0.5161
2.0391
-4.6445
2.5879
-1.7324
1.3125
-2.5684
0.0227
-4.4258
-6.5039
-1.3906
-0.6338
-1.7871
-5.0469
-6.1055
-3.2637
-3.1465
-1.1602
-4.7305
-5.5039
0.8140
-3.2480
-3.2383
0.8481
2.2090
-5.5117
0.6611
-1.8135
-2.5781
-3.9102
-2.0762
-1.7383
-3.0195
-1.7910
-1.7979
-1.8154
-1.8408
-0.3447
-5.2891
-0.9966
-1.6504
-2.0098
-3.5625
-2.8926
0.2683
-3.9258
-4.6797
2.0430
-2.5059
4.2344
-2.1992
2.2773
1.6982
-7.0117
-1.2803
-4.9531
-0.9600
-3.3281
-0.0282
-5.6914
4.1797
-5.3047
2.8203
-0.9644
-1.6602
1.1328
0.6392
-4.6133
-0.1481
0.3450
-3.0508
-0.9937
-2.6055
-2.3340
1.6016
-2.5938
-3.4238
-3.6016
-1.6650
0.7705
-0.7876
1.8018
1.1406
-1.2383
-3.2090
-4.4453
-0.3433
-4.4492
-5.2656
1.5781
-1.4072
-6.2539
-6.2734
-0.9775
-3.0352
-4.3672
-8.1328
-0.9263
0.3604
-0.3232
-2.1875
-2.5898
-5.1016
-0.2329
-5.7578
-0.7026
-3.2168
0.8442
-0.6309
-0.2036
-4.7383
1.5000
-4.3516
2.7676
-4.9609
-4.0156
-2.4277
-1.4033
-4.0547
-3.6191
-4.5469
1.7275
-4.2305
-2.7324
-0.2371
-0.9263
-5.1289
-3.2148
-3.8984
-1.3193
-1.2715
-4.9219
-2.9141
-2.5684
-0.2148
-3.4492
-1.2832
-1.2344
-2.2402
-2.0918
1.0801
0.0112
-3.2637
-4.7539
-5.3867
-3.3223
-0.5083
-5.4766
-1.0010
0.0682
-4.6953
-7.5078
0.4067
-0.7095
-4.5195
-2.2793
-1.1172
2.6270
-0.1138
-6.0039
-1.5566
-0.6890
-0.3232
-3.4824
2.0469
-0.2710
2.3438
-2.6113
-9.2500
2.7949
-2.1484
-2.8887
-4.4570
-4.7070
-0.0588
-2.9492
-3.8145
-0.2295
-1.3633
-2.3574
-4.0000
1.0459
0.8618
-6.6211
0.6475
-7.2188
-2.6777
-2.7227
-1.1963
-3.6191
-4.8359
-1.0840
-0.7266
-1.1904
-8.4062
-1.4912
-0.4080
-3.2832
-1.5137
-3.3262
-1.5498
0.2344
2.9141
-1.9072
-4.2109
-0.4302
-0.2610
-2.0566
-3.3594
-1.3145
-2.4004
-1.3535
-1.8232
-0.8594
2.8008
-2.7812
1.4414
-1.7295
-0.1781
-3.2090
-2.4121
0.2661
1.2764
-4.3984
-0.2766
-3.0508
0.3899
-2.6758
-3.2285
-0.1377
-4.8672
-1.7363
-7.6172
-2.6289
-2.6035
1.3184
-1.3535
0.7822
1.3350
1.6982
-1.4189
-1.2617
0.3569
0.7471
2.1992
-2.4668
-5.1562
0.9653
1.1631
-5.7188
2.0000
-0.7344
-2.6699
-0.1782
-5.6680
-4.8594
-3.3027
-4.6172
-3.9199
1.4502
0.1260
1.7441
-2.8066
-0.7563
0.5669
-4.9688
-0.4822
-2.9199
-1.9297
0.8687
-0.7100
0.9971
-2.2188
-2.2012
4.0234
-6.9922
-0.3713
-4.8555
-3.6836
0.0373
-3.4551
-3.0430
-3.8477
-0.9976
-0.8130
1.3076
-2.2422
-2.9043
-2.9902
-3.8262
0.6895
-3.3223
-3.6895
1.7783
-0.8750
-0.7847
-4.3867
-1.5098
4.5977
-1.0791
-3.2754
-1.3857
-1.1182
-5.4727
-3.0430
-1.7109
2.8398
-3.9102
-3.7363
1.1025
2.1699
-5.0820
-1.1299
-5.7969
0.2004
-7.6172
-4.2305
-2.6914
-1.9912
2.5312
1.1191
-1.0254
-1.9072
-1.8516
-7.8867
-0.2422
-5.5938
-3.9746
-1.7725
0.5454
-2.1875
-1.2891
-3.3965
-4.7852
-1.0986
-3.7207
-3.7188
-5.9414
-3.0586
-5.4805
2.0527
-0.8394
0.0073
0.2610
-0.6992
-5.8867
-3.7441
-0.4346
-0.7930
-0.3352
-1.4219
-3.4551
-0.0506
-0.4375
-4.0352
0.6040
-1.1484
-2.2949
-5.0742
1.3564
-7.4062
-3.8672
0.6279
0.3936
-2.1367
-0.6113
-0.5967
-0.2632
-2.4160
-1.7354
3.2207
0.9844
1.4492
-3.3359
-4.6211
-0.2617
-1.8643
-6.5234
-1.5508
-2.1152
2.5820
3.3809
-3.1484
-4.4219
-0.4602
-3.7637
-0.5679
-2.4043
0.8618
-4.5273
0.5176
-6.8320
-2.4531
0.0706
1.9375
2.4355
-1.5332
-6.9180
0.6880
-3.2676
-3.9492
-1.4043
1.7119
-1.7002
-6.5898
1.2402
-1.7666
1.1699
0.4810
-4.5625
-5.5273
1.4756
-1.3379
-0.7178
-0.4443
-0.8164
-2.5215
0.3362
-1.5342
-2.0137
1.2549
-3.9844
-0.4458
-1.7812
-2.1406
-7.3164
-1.5391
-1.4434
-0.6562
0.5249
-4.8789
0.3977
-2.2422
1.2695
-3.0977
-3.4082
-1.0576
0.5234
-4.7891
-0.7793
-5.3047
0.4358
-2.0918
-2.0957
1.0645
1.9746
-3.9980
-3.1270
2.3789
-0.7563
-0.6899
-8.0781
-5.1172
-2.0352
-3.3906
-4.5195
1.3281
-1.7959
-1.7275
-4.5312
-2.3613
-5.6523
2.8848
-1.6104
-3.5430
-3.5840
-5.7305
1.9014
-0.6021
3.0215
-1.4951
0.7827
-1.2129
-3.4551
-3.5000
0.3643
-3.8828
-3.1328
-0.5854
-1.4746
1.6201
-2.6797
0.8628
-3.3926
-3.7949
-1.4697
0.4932
0.8657
-2.2969
0.8154
0.0588
0.2084
-2.3340
-3.1387
-4.2422
-1.1250
-4.6602
-2.9336
-5.2305
-0.3760
2.9648
-2.4238
-2.9531
0.2830
-2.0293
-4.7461
-3.7695
-0.5674
-5.9570
-6.2188
-2.2441
2.4902
-3.2637
-0.8101
-2.1777
-1.3867
3.6465
-0.5835
-2.2871
-4.1367
-0.8408
-0.1277
3.0352
-1.4375
1.1533
-2.9688
-5.0664
-2.5781
-4.9492
0.7485
1.2969
2.0508
-1.4131
-2.8496
-5.5742
-1.3672
-4.0508
-2.5645
1.1631
0.4517
-2.6758
-4.7188
-1.3945
-1.3096
-3.8223
0.4304
-2.9883
-0.1587
-0.4248
-2.2520
-1.6113
-5.1484
-1.7324
-3.1836
-1.8555
-7.7734
-0.7471
-1.1777
-3.3477
1.3438
-3.6934
-1.7158
-6.4570
-5.9961
-4.6953
-3.5762
-2.7266
-6.3867
1.2539
0.2847
2.3047
1.2695
-3.9844
-7.1367
-0.7134
-3.7793
-3.6973
2.3066
-0.7480
-4.0703
1.6475
-5.4492
-3.4941
-5.1680
-3.4961
-2.8965
-5.5781
-3.7891
-4.9688
-1.8877
-7.8438
0.8530
-4.4102
-2.8027
-1.7520
-2.3047
-3.7734
-0.9248
-0.4419
0.8965
-0.2576
-4.1094
-3.1016
-3.2539
-2.4902
-5.8867
-4.1289
-2.0137
-3.6113
-5.0625
-4.6914
-2.8398
-1.3867
0.6982
-0.0205
-5.3438
-3.3203
1.3594
-2.6504
-1.0068
-0.4194
-3.0840
-2.6289
-1.8350
-1.2441
-5.1562
-3.1289
-4.4062
-2.9102
-1.6035
-2.7910
-4.7695
-1.6631
3.8438
-3.5605
1.7881
-4.0078
1.3203
-0.9512
1.6709
-3.8926
-3.5176
-2.3477
0.0436
-1.4844
-3.1406
-2.1250
-1.6162
-2.2871
-5.3789
-4.9336
0.3455
0.2441
0.2035
-0.4724
-1.7959
-2.0664
1.2979
-2.4336
0.3352
-2.3301
-2.7031
-6.3906
-1.7861
2.3906
-0.0385
-0.5195
-1.6973
-3.4297
-3.1855
-1.2393
-1.0859
-5.3438
-6.0430
-0.3955
-0.7817
1.1377
-3.8027
-0.7188
-3.9844
-2.4785
-4.9609
-0.4502
1.7109
-8.1562
-1.3594
-4.3359
1.9824
-1.2002
-0.6978
-0.8843
0.1670
-4.9414
0.3110
-0.0162
-2.9258
-0.5234
-2.2168
-3.6074
-2.1836
-5.0586
-1.9561
0.4641
-4.6758
-8.6016
1.0020
-1.6650
-0.3459
-4.2188
-1.5254
-3.4707
-0.7051
-0.7983
-4.0391
-1.2100
-0.6152
2.1270
-2.6699
1.1045
2.7910
-0.0531
1.3193
-0.2749
-2.8320
-1.0479
-2.6680
-1.7510
-0.4739
-2.1348
1.0264
2.2461
-1.8135
-1.3174
1.7539
-1.8535
-5.7773
-4.3320
-2.2617
1.6953
1.5527
-1.9316
-2.7402
-2.0664
-4.2305
-0.6538
-1.5371
-2.4258
-0.3359
-6.4023
1.7490
-0.5068
-3.3301
-0.0602
-0.4558
-5.6602
-0.4585
-2.4707
-5.6914
-0.5161
0.9351
-4.5117
-6.0000
-2.3672
0.0439
-1.6660
-2.4941
0.0385
1.6396
-1.4287
2.5371
1.4199
-3.2051
-1.2891
-5.8945
-0.4001
-2.1211
-4.5586
0.0033
-3.1094
4.3516
-2.8594
1.1338
-3.6230
-2.4395
-4.5234
-2.9375
-5.3672
-2.9434
-7.2969
-2.1992
-3.6172
3.2734
-2.4180
2.7734
1.6611
-2.4863
-1.8721
2.6328
-0.6387
-3.0117
0.9478
-2.5078
-3.2734
-4.8203
-2.1523
0.6523
-3.0801
-4.5742
3.0859
-1.4238
-3.5293
-5.6445
-0.0482
-7.4023
0.0295
-3.4551
-5.3438
-3.8379
-3.6680
-2.0078
-0.8267
-5.3867
0.7090
-0.7651
-4.1953
2.2070
-5.2852
-3.1367
-5.1406
-0.3882
-6.5977
-1.2754
0.7178
-2.2441
1.4551
-4.5781
-1.2734
0.2856
-0.0969
-0.0803
-4.8945
-1.3877
1.7686
-6.0820
-1.9502
-5.6836
1.2334
-3.3184
-3.9199
-1.7744
-4.8398
2.0293
-3.0469
3.2070
2.8242
2.4727
-3.1777
-1.9160
-2.5098
-1.3193
-2.9609
-5.8164
-2.1641
-0.2174
0.1656
0.3450
6.0234
2.1797
-6.7773
-3.7559
-2.4434
-5.4727
-2.0469
-3.1387
-0.8999
-2.1113
-1.3906
-4.4414
-1.2666
-1.6396
-1.8418
-0.3076
-1.2529
0.7407
-1.7168
-2.7383
-0.3108
-1.6143
1.1826
-2.4980
1.3740
-0.1037
-0.6025
-6.0039
0.9404
0.8047
-0.5796
-4.2500
0.7520
-3.3789
-0.5391
1.4160
0.2275
-1.6553
0.0267
-6.3867
1.1055
-4.4961
0.0646
-2.6094
-1.1436
-1.1172
-1.5342
0.8647
-1.2422
-3.1855
-2.4043
1.0391
-4.4609
-4.4297
-0.0672
-3.1699
-0.7915
-4.8945
0.9189
-2.9570
0.9619
-2.1738
1.9160
1.1943
1.7500
-0.2410
-2.6582
-4.9766
0.0909
-0.1406
0.7090
-3.5273
0.7466
-2.7266
-2.1523
2.0117
-4.1406
-2.8457
-1.9668
0.2581
-5.7852
-2.9941
-1.0889
-0.7910
-1.2744
0.5811
-1.4219
2.6328
-0.6665
-1.5254
-6.8398
-8.0547
-3.7480
-0.7422
-5.6914
-3.9180
-0.9834
-2.4609
0.2886
-0.3120
-4.2969
1.0762
2.1992
-0.5161
-2.6387
-1.1230
-2.0293
1.5566
3.1465
-0.7783
-2.3457
-4.1602
-8.4609
-3.4844
-2.2910
-1.1699
-3.8906
2.4609
-0.4097
3.1934
-0.5933
-5.6250
-3.7383
0.2678
-1.3779
-2.3086
2.9902
2.2852
-1.3545
2.6543
-0.7402
-1.9863
-0.6270
0.8540
1.7402
0.2688
0.4365
-3.9219
-2.2754
1.4990
-7.1094
-2.9453
-0.3218
0.6460
-1.9961
-1.6123
-0.5977
-7.5977
-1.1465
-0.9219
-2.6641
0.0789
-2.5137
2.3770
-0.1779
-1.3398
-1.8252
0.1074
-2.3027
-1.2822
-4.6406
-4.1250
-5.8008
-4.9766
2.2656
-4.4180
-2.0371
-1.9658
-1.6094
-3.4727
0.3521
-1.6191
-4.6289
-1.3174
-1.1602
-5.5312
-0.3054
0.5957
-0.6147
1.9600
-2.5820
0.8013
0.0966
2.4570
-2.9102
-2.6660
-5.0938
-2.1777
-0.8647
1.3291
1.9541
-3.1641
-5.5234
-0.7915
-1.0947
-1.3535
-0.9873
-3.1016
-0.7700
-1.3848
-2.5371
0.0880
-4.1680
1.0098
-3.2676
0.2427
-4.6797
-3.3477
-4.3477
-5.7422
-7.2617
-1.5156
-0.4094
-3.5801
-3.0664
-3.2344
-6.1562
-3.3633
-5.8477
0.9229
0.6255
-2.0820
-5.1992
-1.4785
0.8779
-4.6602
1.2959
-5.7422
-3.8105
-0.1893
-3.4102
-1.8389
-3.6992
0.9824
-5.3516
3.0332
0.3315
0.0458
-3.7227
-1.7422
-1.1699
0.0243
-0.4097
0.0547
0.9844
-1.5469
-2.0020
-3.2832
0.4348
-2.9453
-3.9355
-2.2910
-2.5977
-0.6255
0.2378
-5.5508
-0.8984
1.9482
-0.9346
-2.8867
0.2693
-3.4141
-2.6699
0.5356
-2.6406
-0.3164
0.2773
-1.7803
-3.3691
-0.1077
0.6802
-0.5391
-3.0469
-2.1758
-2.1035
-3.1133
-1.1836
-3.5547
-3.3203
-0.8706
-0.9717
-5.3594
-3.1895
1.5791
-0.8291
-0.3655
-2.6719
-3.2402
-1.9668
-3.6113
1.5771
-1.0537
2.5254
-0.7417
-7.2344
-1.0352
-3.9961
2.0430
-3.0449
-1.0186
1.9941
1.4512
1.1768
-0.5352
-6.9141
-5.6484
0.8599
1.2881
-3.2441
0.9644
2.0449
-6.6250
0.5317
-4.0938
-2.3652
-0.8467
-5.9336
-5.2500
0.5059
-1.4336
-0.2939
-3.1582
-5.0430
-2.7227
-3.6191
-6.8906
0.4912
-4.4805
-4.4570
-4.5078
-3.9355
-4.8633
-4.2891
0.2321
0.5063
-5.5430
1.5635
-1.1973
-2.9512
-3.2188
-3.2383
0.8164
-1.5439
0.8813
0.5835
-0.6279
-2.7188
0.5088
-2.6445
0.7148
1.8086
-0.7642
1.4365
-3.4746
-0.5625
1.4102
1.4248
-0.6108
-2.0684
2.7012
-1.6592
-2.1523
-3.2930
0.3032
-3.8594
-5.3594
-1.5225
-0.2313
3.6543
-3.5820
-0.9497
-2.8438
-1.4824
0.9067
-5.0195
0.8062
0.5498
-0.3193
-0.5825
-2.0195
1.2559
-2.5312
1.6309
-2.3789
3.8340
-0.3389
-4.0781
-0.9868
-1.4082
-3.4668
-1.4912
-1.5205
-3.4375
1.3311
-5.1758
0.2700
0.5498
-4.9805
-5.5234
-4.4609
-2.4883
-4.6953
-4.5703
-1.1768
-2.9805
-5.6406
-5.5508
-4.6953
-0.8877
-3.2617
1.0605
-0.4336
-4.7070
-1.4082
0.2383
-0.4863
-1.3643
-1.4766
2.9688
2.1641
-4.3203
1.6865
-4.8125
-3.4609
0.0581
-4.6094
-2.0664
-3.3613
-4.3984
-1.5508
-3.4492
-4.1523
-0.4419
-1.7100
-2.1191
2.0293
-0.4685
-1.2295
-6.6914
-1.8428
-4.2031
2.3711
1.2891
-2.3203
-2.4219
-3.4570
2.2715
2.8906
-3.3262
1.9814
-7.6914
-2.1055
1.4170
-3.3281
0.4370
-2.8594
-6.2695
-0.6177
-1.2402
0.2505
-3.0195
-0.6060
3.2148
1.0254
-0.4448
3.8477
-1.4502
-1.0430
-4.2891
-5.2812
-4.2539
-3.4180
-3.9434
-0.9331
-0.4365
-3.6387
-0.5781
-1.0820
0.0687
-1.0996
-2.5078
-3.7832
-3.3691
-0.3860
-3.3906
-12.6016
-12.6016
-12.6016
