No.                	Time               	Voltage[ V ]       	Current[ mA ]      	Active Power[ W ]  	Apparent Power[ VA ]	Reactive Power[ Var ]	Power Factor[ PF ] 	Frequency[ Hz ]    	Watt Hours[ Wh ]   	CO2[ g ]           	Cost[ Dollar ]     
1                  	2020-11-05 12:39:18	215.1000           	25.9700            	3.4030             	5.5861             	4.4350             	0.6080             	60.0400            	0.0000             	0.0000             	0.0000             
2                  	2020-11-05 12:39:19	215.1000           	26.3200            	3.4200             	5.6614             	4.5164             	0.6030             	60.0300            	0.0000             	0.0000             	0.0000             
3                  	2020-11-05 12:39:20	215.2000           	26.1400            	3.4090             	5.6253             	4.4790             	0.6050             	60.0300            	0.0000             	0.0000             	0.0000             
4                  	2020-11-05 12:39:22	215.3000           	25.9800            	3.4040             	5.5935             	4.4409             	0.6080             	60.0300            	0.0000             	0.0000             	0.0000             
5                  	2020-11-05 12:39:23	215.4000           	26.2900            	3.4190             	5.6629             	4.5175             	0.6030             	60.0300            	0.0000             	0.0000             	0.0000             
6                  	2020-11-05 12:39:24	215.3000           	26.2500            	3.4100             	5.6516             	4.5085             	0.6030             	60.0300            	0.0000             	0.0000             	0.0000             
7                  	2020-11-05 12:39:25	215.2000           	26.7700            	3.4530             	5.7609             	4.6130             	0.5990             	60.0300            	0.0000             	0.0000             	0.0000             
8                  	2020-11-05 12:39:26	215.1000           	26.6500            	3.4320             	5.7324             	4.5945             	0.5980             	60.0300            	0.0000             	0.0000             	0.0000             
9                  	2020-11-05 12:39:27	215.0000           	26.3600            	3.4100             	5.6674             	4.5297             	0.6010             	60.0200            	0.0000             	0.0000             	0.0000             
10                 	2020-11-05 12:39:28	215.0000           	26.3800            	3.4150             	5.6717             	4.5331             	0.6010             	60.0200            	0.0000             	0.0000             	0.0000             
11                 	2020-11-05 12:39:29	215.1000           	26.4100            	3.4090             	5.6808             	4.5489             	0.5990             	60.0200            	0.0000             	0.0000             	0.0000             
12                 	2020-11-05 12:39:30	215.2000           	26.3800            	3.4130             	5.6770             	4.5416             	0.6000             	60.0200            	0.0000             	0.0000             	0.0000             
13                 	2020-11-05 12:39:32	215.3000           	26.4300            	3.4180             	5.6904             	4.5523             	0.6000             	60.0200            	0.0000             	0.0000             	0.0000             
14                 	2020-11-05 12:39:33	215.2000           	26.4600            	3.4210             	5.6942             	4.5554             	0.6000             	60.0300            	0.0000             	0.0000             	0.0000             
15                 	2020-11-05 12:39:34	215.2000           	26.4700            	3.4230             	5.6963             	4.5571             	0.6000             	60.0300            	0.0000             	0.0000             	0.0000             
16                 	2020-11-05 12:39:35	215.2000           	26.4300            	3.4180             	5.6877             	4.5502             	0.6000             	60.0200            	0.0000             	0.0000             	0.0000             
17                 	2020-11-05 12:39:36	215.3000           	26.4000            	3.4210             	5.6839             	4.5429             	0.6010             	60.0200            	0.0000             	0.0000             	0.0000             
18                 	2020-11-05 12:39:37	215.1000           	26.8600            	3.4670             	5.7776             	4.6264             	0.5990             	60.0300            	0.0000             	0.0000             	0.0000             
19                 	2020-11-05 12:39:38	215.2000           	26.5000            	3.4220             	5.7028             	4.5622             	0.6000             	60.0300            	0.0000             	0.0000             	0.0000             
20                 	2020-11-05 12:39:39	215.1000           	26.7200            	3.4460             	5.7475             	4.6023             	0.5990             	60.0200            	0.0000             	0.0000             	0.0000             
21                 	2020-11-05 12:39:40	215.2000           	26.6300            	3.4360             	5.7308             	4.5889             	0.5990             	60.0200            	0.0000             	0.0000             	0.0000             
22                 	2020-11-05 12:39:42	215.2000           	26.5400            	3.4330             	5.7114             	4.5648             	0.6010             	60.0200            	0.0000             	0.0000             	0.0000             
23                 	2020-11-05 12:39:43	215.1000           	26.5700            	3.4380             	5.7152             	4.5679             	0.6010             	60.0200            	0.0000             	0.0000             	0.0000             
24                 	2020-11-05 12:39:44	215.4000           	26.4100            	3.4230             	5.6887             	4.5467             	0.6010             	60.0100            	0.0000             	0.0000             	0.0000             
25                 	2020-11-05 12:39:45	215.2000           	26.5700            	3.4350             	5.7179             	4.5743             	0.6000             	60.0100            	0.0000             	0.0000             	0.0000             
26                 	2020-11-05 12:39:46	215.3000           	26.4300            	3.4240             	5.6904             	4.5480             	0.6010             	60.0000            	0.0000             	0.0000             	0.0000             
27                 	2020-11-05 12:39:47	215.4000           	26.4200            	3.4190             	5.6909             	4.5527             	0.6000             	60.0100            	0.0000             	0.0000             	0.0000             
28                 	2020-11-05 12:39:48	215.5000           	26.3300            	3.4220             	5.6741             	4.5265             	0.6030             	60.0000            	0.0000             	0.0000             	0.0000             
29                 	2020-11-05 12:39:49	215.5000           	27.4200            	3.5350             	5.9090             	4.7405             	0.5970             	60.0000            	0.0000             	0.0000             	0.0000             
30                 	2020-11-05 12:39:51	215.5000           	26.3500            	3.4150             	5.6784             	4.5385             	0.6010             	60.0100            	0.0000             	0.0000             	0.0000             
31                 	2020-11-05 12:39:52	215.4000           	26.4300            	3.4260             	5.6930             	4.5501             	0.6010             	60.0100            	0.0000             	0.0000             	0.0000             
32                 	2020-11-05 12:39:53	215.4000           	26.5200            	3.4310             	5.7124             	4.5699             	0.6000             	60.0100            	0.0000             	0.0000             	0.0000             
33                 	2020-11-05 12:39:54	215.4000           	26.3000            	3.4190             	5.6650             	4.5192             	0.6030             	60.0100            	0.0000             	0.0000             	0.0000             
34                 	2020-11-05 12:39:55	215.4000           	26.6200            	3.4560             	5.7339             	4.5785             	0.6020             	60.0100            	0.0000             	0.0000             	0.0000             
35                 	2020-11-05 12:39:56	215.4000           	26.4400            	3.4270             	5.6952             	4.5519             	0.6010             	60.0100            	0.0000             	0.0000             	0.0000             
36                 	2020-11-05 12:39:57	215.3000           	26.3500            	3.4240             	5.6732             	4.5257             	0.6030             	60.0100            	0.0000             	0.0000             	0.0000             
37                 	2020-11-05 12:39:58	215.3000           	26.4100            	3.4270             	5.6861             	4.5403             	0.6020             	60.0100            	0.0000             	0.0000             	0.0000             
38                 	2020-11-05 12:39:59	215.3000           	26.4200            	3.4260             	5.6882             	4.5420             	0.6020             	60.0100            	0.0000             	0.0000             	0.0000             
39                 	2020-11-05 12:40:01	215.2000           	26.4400            	3.4280             	5.6899             	4.5434             	0.6020             	60.0000            	0.0000             	0.0000             	0.0000             
40                 	2020-11-05 12:40:02	215.3000           	26.4900            	3.4340             	5.7033             	4.5584             	0.6010             	60.0200            	0.0000             	0.0000             	0.0000             
41                 	2020-11-05 12:40:03	215.1000           	26.4600            	3.4260             	5.6915             	4.5490             	0.6010             	60.0000            	0.0000             	0.0000             	0.0000             
42                 	2020-11-05 12:40:04	215.2000           	26.5300            	3.4310             	5.7093             	4.5674             	0.6000             	60.0000            	0.0000             	0.0000             	0.0000             
43                 	2020-11-05 12:40:05	215.1000           	26.4100            	3.4200             	5.6808             	4.5404             	0.6010             	60.0000            	0.0000             	0.0000             	0.0000             
44                 	2020-11-05 12:40:07	215.2000           	26.4900            	3.4280             	5.7006             	4.5562             	0.6010             	60.0000            	0.0000             	0.0000             	0.0000             
45                 	2020-11-05 12:40:08	215.0000           	26.6200            	3.4300             	5.7233             	4.5829             	0.5990             	60.0100            	0.0000             	0.0000             	0.0000             
46                 	2020-11-05 12:40:09	215.0000           	26.4100            	3.4320             	5.6781             	4.5254             	0.6040             	60.0000            	0.0000             	0.0000             	0.0000             
47                 	2020-11-05 12:40:10	215.1000           	26.3500            	3.4230             	5.6679             	4.5215             	0.6030             	60.0000            	0.0000             	0.0000             	0.0000             
48                 	2020-11-05 12:40:11	215.0000           	26.6000            	3.4400             	5.7190             	4.5709             	0.6010             	60.0000            	0.0000             	0.0000             	0.0000             
49                 	2020-11-05 12:40:12	215.1000           	26.6600            	3.4340             	5.7346             	4.5962             	0.5980             	60.0000            	0.0000             	0.0000             	0.0000             
50                 	2020-11-05 12:40:13	215.0000           	26.8800            	3.4380             	5.7792             	4.6492             	0.5940             	60.0000            	0.0000             	0.0000             	0.0000             
51                 	2020-11-05 12:40:15	215.0000           	26.7900            	3.4300             	5.7598             	4.6293             	0.5950             	59.9900            	0.0000             	0.0000             	0.0000             
52                 	2020-11-05 12:40:16	215.0000           	26.7900            	3.4290             	5.7598             	4.6293             	0.5950             	59.9900            	0.0000             	0.0000             	0.0000             
53                 	2020-11-05 12:40:17	215.0000           	26.4300            	3.4270             	5.6824             	4.5331             	0.6030             	60.0000            	0.0000             	0.0000             	0.0000             
54                 	2020-11-05 12:40:18	215.0000           	26.5700            	3.4250             	5.7126             	4.5743             	0.5990             	59.9900            	0.0000             	0.0000             	0.0000             
55                 	2020-11-05 12:40:19	215.1000           	26.8100            	3.4680             	5.7668             	4.6091             	0.6010             	59.9900            	0.0000             	0.0000             	0.0000             
56                 	2020-11-05 12:40:20	215.1000           	26.3800            	3.4360             	5.6743             	4.5181             	0.6050             	59.9900            	0.0000             	0.0000             	0.0000             
57                 	2020-11-05 12:40:21	215.1000           	26.2000            	3.4300             	5.6356             	4.4743             	0.6080             	59.9900            	0.0000             	0.0000             	0.0000             
58                 	2020-11-05 12:40:22	215.0000           	26.2400            	3.4370             	5.6416             	4.4747             	0.6090             	59.9900            	0.0000             	0.0000             	0.0000             
59                 	2020-11-05 12:40:23	215.1000           	26.6300            	3.4750             	5.7281             	4.5565             	0.6060             	59.9900            	0.0000             	0.0000             	0.0000             
60                 	2020-11-05 12:40:24	214.9000           	26.2100            	3.4300             	5.6325             	4.4719             	0.6080             	59.9900            	0.0000             	0.0000             	0.0000             
61                 	2020-11-05 12:40:26	215.0000           	26.2300            	3.4300             	5.6395             	4.4817             	0.6070             	60.0000            	0.0000             	0.0000             	0.0000             
62                 	2020-11-05 12:40:27	214.9000           	26.2000            	3.4240             	5.6304             	4.4745             	0.6070             	59.9900            	0.0000             	0.0000             	0.0000             
63                 	2020-11-05 12:40:28	215.3000           	26.3100            	3.4350             	5.6645             	4.5059             	0.6060             	59.9900            	0.0000             	0.0000             	0.0000             
64                 	2020-11-05 12:40:29	215.2000           	26.3900            	3.4410             	5.6791             	4.5219             	0.6050             	60.0000            	0.0000             	0.0000             	0.0000             
65                 	2020-11-05 12:40:30	215.4000           	26.2600            	3.4360             	5.6564             	4.4952             	0.6070             	60.0000            	0.0000             	0.0000             	0.0000             
66                 	2020-11-05 12:40:31	215.3000           	26.3600            	3.4450             	5.6753             	4.5145             	0.6060             	60.0100            	0.0000             	0.0000             	0.0000             
67                 	2020-11-05 12:40:32	215.3000           	26.3000            	3.4350             	5.6624             	4.5042             	0.6060             	60.0100            	0.0000             	0.0000             	0.0000             
68                 	2020-11-05 12:40:34	215.3000           	26.3100            	3.4380             	5.6645             	4.5016             	0.6070             	60.0200            	0.0000             	0.0000             	0.0000             
69                 	2020-11-05 12:40:35	215.3000           	26.2900            	3.4390             	5.6602             	4.4982             	0.6070             	60.0200            	0.0000             	0.0000             	0.0000             
70                 	2020-11-05 12:40:36	215.3000           	26.2500            	3.4350             	5.6516             	4.4914             	0.6070             	60.0200            	0.0000             	0.0000             	0.0000             
71                 	2020-11-05 12:40:37	215.5000           	26.5300            	3.4620             	5.7172             	4.5522             	0.6050             	60.0300            	0.0000             	0.0000             	0.0000             
72                 	2020-11-05 12:40:38	215.4000           	26.3400            	3.4390             	5.6736             	4.5175             	0.6050             	60.0300            	0.0000             	0.0000             	0.0000             
73                 	2020-11-05 12:40:39	215.4000           	26.3700            	3.4380             	5.6801             	4.5226             	0.6050             	60.0400            	0.0000             	0.0000             	0.0000             
74                 	2020-11-05 12:40:40	215.4000           	26.6200            	3.4430             	5.7339             	4.5872             	0.6000             	60.0400            	0.0000             	0.0000             	0.0000             
75                 	2020-11-05 12:40:42	215.3000           	26.5000            	3.4370             	5.7054             	4.5558             	0.6020             	60.0400            	0.0000             	0.0000             	0.0000             
76                 	2020-11-05 12:40:43	215.3000           	26.5100            	3.4380             	5.7076             	4.5575             	0.6020             	60.0400            	0.0000             	0.0000             	0.0000             
77                 	2020-11-05 12:40:44	215.4000           	26.4900            	3.4370             	5.7059             	4.5562             	0.6020             	60.0400            	0.0000             	0.0000             	0.0000             
78                 	2020-11-05 12:40:45	215.3000           	26.4600            	3.4350             	5.6968             	4.5489             	0.6020             	60.0300            	0.0000             	0.0000             	0.0000             
79                 	2020-11-05 12:40:46	215.4000           	26.4600            	3.4440             	5.6995             	4.5424             	0.6040             	60.0300            	0.0000             	0.0000             	0.0000             
80                 	2020-11-05 12:40:47	215.4000           	26.6300            	3.4450             	5.7361             	4.5889             	0.6000             	60.0300            	0.0000             	0.0000             	0.0000             
81                 	2020-11-05 12:40:48	215.5000           	27.1000            	3.4640             	5.8401             	4.7024             	0.5930             	60.0200            	0.0000             	0.0000             	0.0000             
82                 	2020-11-05 12:40:50	215.5000           	27.0200            	3.4510             	5.8228             	4.6885             	0.5930             	60.0400            	0.0000             	0.0000             	0.0000             
83                 	2020-11-05 12:40:51	215.5000           	26.7700            	3.4330             	5.7689             	4.6409             	0.5940             	60.0400            	0.0000             	0.0000             	0.0000             
84                 	2020-11-05 12:40:52	215.4000           	26.8100            	3.4450             	5.7749             	4.6371             	0.5960             	60.0300            	0.0000             	0.0000             	0.0000             
85                 	2020-11-05 12:40:53	215.3000           	26.8200            	3.4500             	5.7743             	4.6324             	0.5970             	60.0300            	0.0000             	0.0000             	0.0000             
86                 	2020-11-05 12:40:54	215.3000           	27.5100            	3.5420             	5.9229             	4.7516             	0.5970             	60.0300            	0.0000             	0.0000             	0.0000             
87                 	2020-11-05 12:40:55	215.2000           	26.5400            	3.4320             	5.7114             	4.5691             	0.6000             	60.0300            	0.0000             	0.0000             	0.0000             
88                 	2020-11-05 12:40:57	215.2000           	26.6300            	3.4420             	5.7308             	4.5846             	0.6000             	60.0300            	0.0000             	0.0000             	0.0000             
89                 	2020-11-05 12:40:58	215.1000           	26.7900            	3.4440             	5.7625             	4.6229             	0.5970             	60.0200            	0.0000             	0.0000             	0.0000             
90                 	2020-11-05 12:40:59	215.1000           	26.9600            	3.4430             	5.7991             	4.6694             	0.5930             	60.0300            	0.0000             	0.0000             	0.0000             
91                 	2020-11-05 12:41:00	215.2000           	26.8700            	3.4440             	5.7824             	4.6475             	0.5950             	60.0300            	0.0000             	0.0000             	0.0000             
92                 	2020-11-05 12:41:01	215.2000           	27.0000            	3.4700             	5.8104             	4.6613             	0.5970             	60.0300            	0.0000             	0.0000             	0.0000             
93                 	2020-11-05 12:41:02	215.4000           	26.9300            	3.4510             	5.8007             	4.6665             	0.5940             	60.0300            	0.0000             	0.0000             	0.0000             
94                 	2020-11-05 12:41:03	215.2000           	26.8600            	3.4430             	5.7803             	4.6458             	0.5950             	60.0300            	0.0000             	0.0000             	0.0000             
95                 	2020-11-05 12:41:04	215.1000           	26.8900            	3.4500             	5.7840             	4.6445             	0.5960             	60.0300            	0.0000             	0.0000             	0.0000             
96                 	2020-11-05 12:41:05	215.4000           	26.7500            	3.4510             	5.7619             	4.6182             	0.5980             	60.0300            	0.0000             	0.0000             	0.0000             
97                 	2020-11-05 12:41:06	215.6000           	26.7500            	3.4560             	5.7673             	4.6182             	0.5990             	60.0300            	0.0000             	0.0000             	0.0000             
98                 	2020-11-05 12:41:08	215.5000           	26.5500            	3.4470             	5.7215             	4.5686             	0.6020             	60.0400            	0.0000             	0.0000             	0.0000             
99                 	2020-11-05 12:41:09	215.5000           	26.6400            	3.4530             	5.7409             	4.5884             	0.6010             	60.0400            	0.0000             	0.0000             	0.0000             
100                	2020-11-05 12:41:10	215.3000           	26.8400            	3.4470             	5.7787             	4.6402             	0.5960             	60.0400            	0.0000             	0.0000             	0.0000             
101                	2020-11-05 12:41:11	215.3000           	27.0200            	3.4580             	5.8174             	4.6799             	0.5940             	60.0400            	0.0000             	0.0000             	0.0000             
102                	2020-11-05 12:41:12	215.2000           	27.0500            	3.4530             	5.8212             	4.6872             	0.5930             	60.0400            	0.0000             	0.0000             	0.0000             
103                	2020-11-05 12:41:13	215.3000           	27.4900            	3.5110             	5.9186             	4.7657             	0.5930             	60.0400            	0.0000             	0.0000             	0.0000             
104                	2020-11-05 12:41:14	215.1000           	26.7100            	3.4530             	5.7453             	4.5963             	0.6000             	60.0400            	0.0000             	0.0000             	0.0000             
105                	2020-11-05 12:41:15	215.0000           	26.6000            	3.4460             	5.7190             	4.5666             	0.6020             	60.0400            	0.0000             	0.0000             	0.0000             
106                	2020-11-05 12:41:17	215.0000           	26.6800            	3.4490             	5.7362             	4.5847             	0.6010             	60.0300            	0.0000             	0.0000             	0.0000             
107                	2020-11-05 12:41:18	215.1000           	26.7600            	3.4530             	5.7561             	4.6092             	0.5990             	60.0300            	0.0000             	0.0000             	0.0000             
108                	2020-11-05 12:41:19	215.2000           	27.0300            	3.4910             	5.8169             	4.6535             	0.6000             	60.0300            	0.0000             	0.0000             	0.0000             
109                	2020-11-05 12:41:20	215.2000           	26.7500            	3.4620             	5.7566             	4.6010             	0.6010             	60.0300            	0.0000             	0.0000             	0.0000             
110                	2020-11-05 12:41:21	215.1000           	26.7200            	3.4540             	5.7475             	4.5980             	0.6000             	60.0300            	0.0000             	0.0000             	0.0000             
111                	2020-11-05 12:41:22	215.3000           	26.7300            	3.4720             	5.7550             	4.5910             	0.6030             	60.0300            	0.0000             	0.0000             	0.0000             
112                	2020-11-05 12:41:23	215.3000           	26.4400            	3.4530             	5.6925             	4.5282             	0.6060             	60.0300            	0.0000             	0.0000             	0.0000             
113                	2020-11-05 12:41:25	215.4000           	26.4100            	3.4530             	5.6887             	4.5252             	0.6060             	60.0300            	0.0000             	0.0000             	0.0000             
114                	2020-11-05 12:41:26	215.3000           	26.4400            	3.4550             	5.6925             	4.5282             	0.6060             	60.0400            	0.0000             	0.0000             	0.0000             
115                	2020-11-05 12:41:27	215.3000           	26.5400            	3.4590             	5.7141             	4.5497             	0.6050             	60.0400            	0.0000             	0.0000             	0.0000             
116                	2020-11-05 12:41:28	215.3000           	26.4600            	3.4520             	5.6968             	4.5360             	0.6050             	60.0400            	0.0000             	0.0000             	0.0000             
117                	2020-11-05 12:41:29	215.2000           	26.6100            	3.4630             	5.7265             	4.5639             	0.6040             	60.0400            	0.0000             	0.0000             	0.0000             
118                	2020-11-05 12:41:30	215.2000           	26.7000            	3.4710             	5.7458             	4.5837             	0.6030             	60.0300            	0.0000             	0.0000             	0.0000             
119                	2020-11-05 12:41:31	215.3000           	27.0300            	3.5010             	5.8196             	4.6513             	0.6010             	60.0300            	0.0000             	0.0000             	0.0000             
120                	2020-11-05 12:41:32	215.2000           	26.6900            	3.4570             	5.7437             	4.5906             	0.6010             	60.0300            	0.0000             	0.0000             	0.0000             
121                	2020-11-05 12:41:33	215.3000           	26.6400            	3.4530             	5.7356             	4.5842             	0.6010             	60.0200            	0.0000             	0.0000             	0.0000             
122                	2020-11-05 12:41:34	215.3000           	26.7300            	3.4660             	5.7550             	4.5997             	0.6010             	60.0200            	0.0000             	0.0000             	0.0000             
123                	2020-11-05 12:41:35	215.1000           	26.7700            	3.4630             	5.7582             	4.6023             	0.6010             	60.0200            	0.0000             	0.0000             	0.0000             
124                	2020-11-05 12:41:36	215.3000           	26.7200            	3.4570             	5.7528             	4.6023             	0.6000             	60.0200            	0.0000             	0.0000             	0.0000             
125                	2020-11-05 12:41:38	215.1000           	26.7100            	3.4600             	5.7453             	4.5876             	0.6020             	60.0200            	0.0000             	0.0000             	0.0000             
126                	2020-11-05 12:41:39	215.2000           	26.5700            	3.4510             	5.7179             	4.5614             	0.6030             	60.0200            	0.0000             	0.0000             	0.0000             
127                	2020-11-05 12:41:40	215.2000           	26.5700            	3.4630             	5.7179             	4.5527             	0.6050             	60.0200            	0.0000             	0.0000             	0.0000             
128                	2020-11-05 12:41:41	215.2000           	26.9700            	3.4600             	5.8039             	4.6648             	0.5950             	60.0200            	0.0000             	0.0000             	0.0000             
129                	2020-11-05 12:41:42	215.2000           	26.8000            	3.4620             	5.7674             	4.6182             	0.5990             	60.0100            	0.0000             	0.0000             	0.0000             
130                	2020-11-05 12:41:43	215.3000           	27.5700            	3.5260             	5.9358             	4.7795             	0.5930             	60.0200            	0.0000             	0.0000             	0.0000             
131                	2020-11-05 12:41:44	215.3000           	27.1400            	3.4820             	5.8432             	4.6964             	0.5950             	60.0200            	0.0000             	0.0000             	0.0000             
132                	2020-11-05 12:41:45	215.4000           	27.1300            	3.5110             	5.8438             	4.6750             	0.6000             	60.0200            	0.0000             	0.0000             	0.0000             
133                	2020-11-05 12:41:46	215.3000           	26.6200            	3.4650             	5.7313             	4.5677             	0.6040             	60.0200            	0.0000             	0.0000             	0.0000             
134                	2020-11-05 12:41:48	215.2000           	26.5300            	3.4570             	5.7093             	4.5459             	0.6050             	60.0200            	0.0000             	0.0000             	0.0000             
135                	2020-11-05 12:41:49	215.0000           	26.5600            	3.4570             	5.7104             	4.5468             	0.6050             	60.0200            	0.0000             	0.0000             	0.0000             
136                	2020-11-05 12:41:50	215.0000           	26.5500            	3.4590             	5.7083             	4.5451             	0.6050             	60.0200            	0.0000             	0.0000             	0.0000             
137                	2020-11-05 12:41:51	215.0000           	26.5700            	3.4600             	5.7126             	4.5485             	0.6050             	60.0100            	0.0000             	0.0000             	0.0000             
138                	2020-11-05 12:41:52	215.1000           	26.5800            	3.4640             	5.7174             	4.5523             	0.6050             	60.0100            	0.0000             	0.0000             	0.0000             
139                	2020-11-05 12:41:53	215.0000           	26.6800            	3.4650             	5.7362             	4.5760             	0.6030             	60.0100            	0.0000             	0.0000             	0.0000             
140                	2020-11-05 12:41:54	215.2000           	26.9900            	3.4690             	5.8082             	4.6596             	0.5970             	60.0000            	0.0000             	0.0000             	0.0000             
141                	2020-11-05 12:41:55	215.3000           	27.8100            	3.5240             	5.9875             	4.8430             	0.5880             	60.0000            	0.0000             	0.0000             	0.0000             
142                	2020-11-05 12:41:56	215.2000           	27.3600            	3.4700             	5.8879             	4.7582             	0.5890             	60.0000            	0.0000             	0.0000             	0.0000             
143                	2020-11-05 12:41:57	215.2000           	27.1400            	3.4660             	5.8405             	4.7028             	0.5930             	59.9900            	0.0000             	0.0000             	0.0000             
144                	2020-11-05 12:41:59	215.3000           	27.0100            	3.4620             	5.8153             	4.6739             	0.5950             	59.9900            	0.0000             	0.0000             	0.0000             
145                	2020-11-05 12:42:00	215.3000           	27.0900            	3.4850             	5.8325             	4.6791             	0.5970             	59.9900            	0.0000             	0.0000             	0.0000             
146                	2020-11-05 12:42:01	215.2000           	27.5200            	3.4970             	5.9223             	4.7817             	0.5900             	59.9900            	0.0000             	0.0000             	0.0000             
147                	2020-11-05 12:42:02	215.3000           	27.0300            	3.4660             	5.8196             	4.6773             	0.5950             	59.9900            	0.0000             	0.0000             	0.0000             
148                	2020-11-05 12:42:03	215.1000           	26.8900            	3.4630             	5.7840             	4.6359             	0.5980             	59.9900            	0.0000             	0.0000             	0.0000             
149                	2020-11-05 12:42:04	215.4000           	26.9100            	3.4710             	5.7964             	4.6458             	0.5980             	59.9900            	0.0000             	0.0000             	0.0000             
150                	2020-11-05 12:42:05	215.3000           	26.8100            	3.4650             	5.7722             	4.6178             	0.6000             	59.9900            	0.0000             	0.0000             	0.0000             
151                	2020-11-05 12:42:06	215.3000           	26.7200            	3.4620             	5.7528             	4.5979             	0.6010             	59.9900            	0.0000             	0.0000             	0.0000             
152                	2020-11-05 12:42:08	215.3000           	26.9900            	3.4900             	5.8109             	4.6488             	0.6000             	59.9900            	0.0000             	0.0000             	0.0000             
153                	2020-11-05 12:42:09	215.3000           	26.7200            	3.4720             	5.7528             	4.5893             	0.6030             	59.9900            	0.0000             	0.0000             	0.0000             
154                	2020-11-05 12:42:10	215.2000           	26.8300            	3.4700             	5.7738             	4.6191             	0.6000             	59.9800            	0.0000             	0.0000             	0.0000             
155                	2020-11-05 12:42:11	215.2000           	26.8300            	3.4750             	5.7738             	4.6147             	0.6010             	59.9900            	0.0000             	0.0000             	0.0000             
156                	2020-11-05 12:42:12	215.0000           	28.1500            	3.6180             	6.0522             	4.8554             	0.5970             	59.9900            	0.0000             	0.0000             	0.0000             
157                	2020-11-05 12:42:13	215.1000           	26.7400            	3.4690             	5.7518             	4.5928             	0.6020             	59.9800            	0.0000             	0.0000             	0.0000             
158                	2020-11-05 12:42:15	215.1000           	26.7500            	3.4680             	5.7539             	4.5945             	0.6020             	59.9800            	0.0000             	0.0000             	0.0000             
159                	2020-11-05 12:42:16	215.1000           	26.8800            	3.4750             	5.7819             	4.6255             	0.6000             	59.9700            	0.0000             	0.0000             	0.0000             
160                	2020-11-05 12:42:17	215.1000           	27.0600            	3.4690             	5.8206             	4.6782             	0.5950             	59.9700            	0.0000             	0.0000             	0.0000             
161                	2020-11-05 12:42:18	215.2000           	27.2300            	3.4780             	5.8599             	4.7184             	0.5930             	59.9700            	0.0000             	0.0000             	0.0000             
162                	2020-11-05 12:42:19	215.2000           	27.6700            	3.5180             	5.9546             	4.8078             	0.5900             	59.9600            	0.0000             	0.0000             	0.0000             
163                	2020-11-05 12:42:20	215.2000           	27.1900            	3.4710             	5.8513             	4.7028             	0.5950             	59.9600            	0.0000             	0.0000             	0.0000             
164                	2020-11-05 12:42:21	214.9000           	27.2400            	3.4790             	5.8539             	4.7092             	0.5940             	59.9800            	0.0000             	0.0000             	0.0000             
165                	2020-11-05 12:42:22	215.1000           	27.1300            	3.4720             	5.8357             	4.6946             	0.5940             	59.9800            	0.0000             	0.0000             	0.0000             
166                	2020-11-05 12:42:24	215.0000           	27.1000            	3.4720             	5.8265             	4.6829             	0.5950             	59.9800            	0.0000             	0.0000             	0.0000             
167                	2020-11-05 12:42:25	215.0000           	27.1400            	3.4700             	5.8351             	4.6941             	0.5940             	59.9800            	0.0000             	0.0000             	0.0000             
168                	2020-11-05 12:42:26	215.0000           	27.1900            	3.4760             	5.8459             	4.7028             	0.5940             	59.9800            	0.0000             	0.0000             	0.0000             
169                	2020-11-05 12:42:27	215.0000           	27.1200            	3.4710             	5.8308             	4.6864             	0.5950             	59.9800            	0.0000             	0.0000             	0.0000             
170                	2020-11-05 12:42:28	215.0000           	27.0500            	3.4540             	5.8158             	4.6829             	0.5930             	59.9800            	0.0000             	0.0000             	0.0000             
171                	2020-11-05 12:42:29	215.1000           	26.9700            	3.4600             	5.8012             	4.6583             	0.5960             	59.9800            	0.0000             	0.0000             	0.0000             
172                	2020-11-05 12:42:30	214.9000           	26.7400            	3.4640             	5.7464             	4.5885             	0.6020             	59.9800            	0.0000             	0.0000             	0.0000             
173                	2020-11-05 12:42:31	214.9000           	26.7400            	3.4810             	5.7464             	4.5755             	0.6050             	59.9800            	0.0000             	0.0000             	0.0000             
174                	2020-11-05 12:42:32	215.0000           	26.8000            	3.4880             	5.7620             	4.5879             	0.6050             	59.9900            	0.0000             	0.0000             	0.0000             
175                	2020-11-05 12:42:34	215.0000           	26.9400            	3.4950             	5.7921             	4.6206             	0.6030             	60.0000            	0.0000             	0.0000             	0.0000             
176                	2020-11-05 12:42:35	215.0000           	26.7200            	3.4710             	5.7448             	4.5785             	0.6040             	60.0000            	0.0000             	0.0000             	0.0000             
177                	2020-11-05 12:42:36	215.1000           	26.8200            	3.4640             	5.7690             	4.6152             	0.6000             	60.0100            	0.0000             	0.0000             	0.0000             
178                	2020-11-05 12:42:37	215.0000           	27.0700            	3.4960             	5.8201             	4.6560             	0.6000             	60.0100            	0.0000             	0.0000             	0.0000             
179                	2020-11-05 12:42:38	215.1000           	26.6900            	3.4690             	5.7410             	4.5755             	0.6040             	60.0100            	0.0000             	0.0000             	0.0000             
180                	2020-11-05 12:42:39	215.1000           	26.7500            	3.4660             	5.7539             	4.5945             	0.6020             	60.0100            	0.0000             	0.0000             	0.0000             
181                	2020-11-05 12:42:40	215.1000           	26.7300            	3.4740             	5.7496             	4.5824             	0.6040             	60.0200            	0.0000             	0.0000             	0.0000             
182                	2020-11-05 12:42:41	214.9000           	26.7500            	3.4720             	5.7486             	4.5859             	0.6030             	60.0200            	0.0000             	0.0000             	0.0000             
183                	2020-11-05 12:42:43	214.9000           	26.8800            	3.4730             	5.7765             	4.6169             	0.6010             	60.0300            	0.0000             	0.0000             	0.0000             
184                	2020-11-05 12:42:44	215.0000           	26.7500            	3.4780             	5.7512             	4.5837             	0.6040             	60.0300            	0.0000             	0.0000             	0.0000             
185                	2020-11-05 12:42:45	215.1000           	26.7400            	3.4730             	5.7518             	4.5884             	0.6030             	60.0200            	0.0000             	0.0000             	0.0000             
186                	2020-11-05 12:42:46	215.2000           	26.7800            	3.4800             	5.7631             	4.5974             	0.6030             	60.0200            	0.0000             	0.0000             	0.0000             
187                	2020-11-05 12:42:47	215.1000           	26.7300            	3.4730             	5.7496             	4.5867             	0.6030             	60.0300            	0.0000             	0.0000             	0.0000             
188                	2020-11-05 12:42:48	215.1000           	26.8700            	3.4750             	5.7797             	4.6194             	0.6010             	60.0200            	0.0000             	0.0000             	0.0000             
189                	2020-11-05 12:42:49	214.8000           	26.7700            	3.4790             	5.7502             	4.5828             	0.6040             	60.0300            	0.0000             	0.0000             	0.0000             
190                	2020-11-05 12:42:50	215.0000           	26.7700            	3.4840             	5.7555             	4.5827             	0.6050             	60.0300            	0.0000             	0.0000             	0.0000             
191                	2020-11-05 12:42:52	214.9000           	26.8800            	3.4820             	5.7765             	4.6125             	0.6020             	60.0300            	0.0000             	0.0000             	0.0000             
192                	2020-11-05 12:42:53	214.9000           	26.5900            	3.4730             	5.7142             	4.5411             	0.6070             	60.0300            	0.0000             	0.0000             	0.0000             
193                	2020-11-05 12:42:54	214.7000           	26.8200            	3.4750             	5.7583             	4.5936             	0.6030             	60.0300            	0.0000             	0.0000             	0.0000             
194                	2020-11-05 12:42:55	214.8000           	27.0500            	3.5070             	5.8103             	4.6351             	0.6030             	60.0300            	0.0000             	0.0000             	0.0000             
195                	2020-11-05 12:42:56	214.5000           	26.6900            	3.4740             	5.7250             	4.5540             	0.6060             	60.0300            	0.0000             	0.0000             	0.0000             
196                	2020-11-05 12:42:57	214.6000           	27.7000            	3.5750             	5.9444             	4.7511             	0.6010             	60.0300            	0.0000             	0.0000             	0.0000             
197                	2020-11-05 12:42:58	214.5000           	26.7500            	3.4720             	5.7379             	4.5686             	0.6050             	60.0300            	0.0000             	0.0000             	0.0000             
198                	2020-11-05 12:42:59	214.5000           	26.7900            	3.4760             	5.7465             	4.5798             	0.6040             	60.0200            	0.0000             	0.0000             	0.0000             
199                	2020-11-05 12:43:00	214.5000           	26.8700            	3.4790             	5.7636             	4.5979             	0.6030             	60.0200            	0.0000             	0.0000             	0.0000             
200                	2020-11-05 12:43:01	214.4000           	26.8700            	3.4870             	5.7609             	4.5870             	0.6050             	60.0200            	0.0000             	0.0000             	0.0000             
201                	2020-11-05 12:43:03	214.6000           	26.9100            	3.4910             	5.7749             	4.6025             	0.6040             	60.0300            	0.0000             	0.0000             	0.0000             
202                	2020-11-05 12:43:04	214.8000           	27.0900            	3.5020             	5.8189             	4.6508             	0.6010             	60.0300            	0.0000             	0.0000             	0.0000             
203                	2020-11-05 12:43:05	214.7000           	26.8700            	3.4780             	5.7690             	4.6065             	0.6020             	60.0300            	0.0000             	0.0000             	0.0000             
204                	2020-11-05 12:43:06	214.6000           	26.9500            	3.4790             	5.7835             	4.6224             	0.6010             	60.0300            	0.0000             	0.0000             	0.0000             
205                	2020-11-05 12:43:07	214.5000           	27.1500            	3.4960             	5.8237             	4.6589             	0.6000             	60.0300            	0.0000             	0.0000             	0.0000             
206                	2020-11-05 12:43:08	214.4000           	27.0300            	3.4880             	5.7952             	4.6318             	0.6010             	60.0300            	0.0000             	0.0000             	0.0000             
207                	2020-11-05 12:43:09	214.8000           	26.8000            	3.4750             	5.7566             	4.5923             	0.6030             	60.0300            	0.0000             	0.0000             	0.0000             
208                	2020-11-05 12:43:10	214.8000           	26.7200            	3.4790             	5.7395             	4.5699             	0.6050             	60.0300            	0.0000             	0.0000             	0.0000             
209                	2020-11-05 12:43:11	214.8000           	26.7400            	3.4760             	5.7438             	4.5777             	0.6040             	60.0300            	0.0000             	0.0000             	0.0000             
210                	2020-11-05 12:43:13	214.9000           	26.6400            	3.4770             	5.7249             	4.5496             	0.6070             	60.0300            	0.0000             	0.0000             	0.0000             
211                	2020-11-05 12:43:14	214.8000           	26.9000            	3.5040             	5.7781             	4.5963             	0.6060             	60.0300            	0.0000             	0.0000             	0.0000             
212                	2020-11-05 12:43:15	214.8000           	26.7800            	3.4810             	5.7523             	4.5845             	0.6040             	60.0200            	0.0000             	0.0000             	0.0000             
213                	2020-11-05 12:43:16	215.0000           	26.6900            	3.4770             	5.7384             	4.5690             	0.6050             	60.0300            	0.0000             	0.0000             	0.0000             
214                	2020-11-05 12:43:17	215.0000           	26.7300            	3.4800             	5.7470             	4.5759             	0.6050             	60.0300            	0.0000             	0.0000             	0.0000             
215                	2020-11-05 12:43:18	215.0000           	26.5600            	3.4800             	5.7104             	4.5293             	0.6090             	60.0300            	0.0000             	0.0000             	0.0000             
216                	2020-11-05 12:43:19	215.1000           	26.8200            	3.5130             	5.7690             	4.5802             	0.6080             	60.0300            	0.0000             	0.0000             	0.0000             
217                	2020-11-05 12:43:21	215.1000           	26.7900            	3.5060             	5.7625             	4.5751             	0.6080             	60.0300            	0.0000             	0.0000             	0.0000             
218                	2020-11-05 12:43:22	215.1000           	26.6200            	3.4920             	5.7260             	4.5417             	0.6090             	60.0300            	0.0000             	0.0000             	0.0000             
219                	2020-11-05 12:43:23	215.3000           	26.6200            	3.4970             	5.7313             	4.5415             	0.6100             	60.0300            	0.0000             	0.0000             	0.0000             
220                	2020-11-05 12:43:24	215.3000           	26.4900            	3.4750             	5.7033             	4.5237             	0.6090             	60.0300            	0.0000             	0.0000             	0.0000             
221                	2020-11-05 12:43:25	215.3000           	26.5000            	3.4770             	5.7054             	4.5254             	0.6090             	60.0300            	0.0000             	0.0000             	0.0000             
222                	2020-11-05 12:43:26	215.2000           	26.6300            	3.4960             	5.7308             	4.5455             	0.6090             	60.0300            	0.0000             	0.0000             	0.0000             
223                	2020-11-05 12:43:27	215.1000           	26.5000            	3.4800             	5.7001             	4.5168             	0.6100             	60.0400            	0.0000             	0.0000             	0.0000             
224                	2020-11-05 12:43:28	215.1000           	26.5500            	3.4820             	5.7109             	4.5297             	0.6090             	60.0400            	0.0000             	0.0000             	0.0000             
225                	2020-11-05 12:43:29	215.1000           	27.3800            	3.5770             	5.8894             	4.6803             	0.6070             	60.0300            	0.0000             	0.0000             	0.0000             
226                	2020-11-05 12:43:30	215.3000           	27.1000            	3.5420             	5.8346             	4.6412             	0.6060             	60.0400            	0.0000             	0.0000             	0.0000             
227                	2020-11-05 12:43:31	215.3000           	26.5300            	3.4880             	5.7119             	4.5261             	0.6100             	60.0400            	0.0000             	0.0000             	0.0000             
228                	2020-11-05 12:43:32	215.3000           	26.4700            	3.4750             	5.6990             	4.5203             	0.6090             	60.0400            	0.0000             	0.0000             	0.0000             
229                	2020-11-05 12:43:34	215.2000           	26.6800            	3.4850             	5.7415             	4.5672             	0.6060             	60.0400            	0.0000             	0.0000             	0.0000             
230                	2020-11-05 12:43:35	215.2000           	26.6300            	3.5020             	5.7308             	4.5411             	0.6100             	60.0400            	0.0000             	0.0000             	0.0000             
231                	2020-11-05 12:43:36	215.4000           	26.9100            	3.5200             	5.7964             	4.6064             	0.6070             	60.0400            	0.0000             	0.0000             	0.0000             
232                	2020-11-05 12:43:37	215.2000           	27.3300            	3.5550             	5.8814             	4.6874             	0.6040             	60.0400            	0.0000             	0.0000             	0.0000             
233                	2020-11-05 12:43:38	215.1000           	26.6400            	3.4800             	5.7303             	4.5582             	0.6060             	60.0300            	0.0000             	0.0000             	0.0000             
234                	2020-11-05 12:43:39	215.1000           	26.8400            	3.4940             	5.7733             	4.5968             	0.6050             	60.0300            	0.0000             	0.0000             	0.0000             
235                	2020-11-05 12:43:40	215.1000           	26.7000            	3.4840             	5.7432             	4.5685             	0.6060             	60.0300            	0.0000             	0.0000             	0.0000             
236                	2020-11-05 12:43:42	215.1000           	26.7400            	3.4850             	5.7518             	4.5797             	0.6050             	60.0300            	0.0000             	0.0000             	0.0000             
237                	2020-11-05 12:43:43	215.1000           	27.0900            	3.5150             	5.8271             	4.6485             	0.6030             	60.0300            	0.0000             	0.0000             	0.0000             
238                	2020-11-05 12:43:44	215.0000           	27.0300            	3.5100             	5.8115             	4.6360             	0.6030             	60.0300            	0.0000             	0.0000             	0.0000             
239                	2020-11-05 12:43:45	215.1000           	27.4400            	3.5040             	5.9023             	4.7526             	0.5930             	60.0300            	0.0000             	0.0000             	0.0000             
240                	2020-11-05 12:43:46	215.1000           	27.2700            	3.4900             	5.8658             	4.7188             	0.5940             	60.0300            	0.0000             	0.0000             	0.0000             
241                	2020-11-05 12:43:47	215.1000           	27.2600            	3.4910             	5.8636             	4.7127             	0.5950             	60.0300            	0.0000             	0.0000             	0.0000             
242                	2020-11-05 12:43:48	215.1000           	27.2500            	3.4890             	5.8615             	4.7110             	0.5950             	60.0400            	0.0000             	0.0000             	0.0000             
243                	2020-11-05 12:43:49	215.2000           	27.6700            	3.5430             	5.9546             	4.7903             	0.5940             	60.0400            	0.0000             	0.0000             	0.0000             
244                	2020-11-05 12:43:50	215.1000           	27.3300            	3.5030             	5.8787             	4.7248             	0.5950             	60.0300            	0.0000             	0.0000             	0.0000             
245                	2020-11-05 12:43:51	215.1000           	27.3900            	3.5160             	5.8916             	4.7309             	0.5960             	60.0300            	0.0000             	0.0000             	0.0000             
246                	2020-11-05 12:43:52	215.2000           	27.6900            	3.5300             	5.9589             	4.8025             	0.5920             	60.0300            	0.0000             	0.0000             	0.0000             
247                	2020-11-05 12:43:53	215.1000           	27.4200            	3.4910             	5.8980             	4.7578             	0.5910             	60.0300            	0.0000             	0.0000             	0.0000             
248                	2020-11-05 12:43:55	214.9000           	27.5100            	3.4990             	5.9119             	4.7690             	0.5910             	60.0300            	0.0000             	0.0000             	0.0000             
249                	2020-11-05 12:43:56	214.9000           	27.6900            	3.5120             	5.9506             	4.8045             	0.5900             	60.0300            	0.0000             	0.0000             	0.0000             
250                	2020-11-05 12:43:57	214.8000           	27.0300            	3.4890             	5.8060             	4.6448             	0.6000             	60.0300            	0.0000             	0.0000             	0.0000             
251                	2020-11-05 12:43:58	214.6000           	27.2500            	3.5200             	5.8479             	4.6739             	0.6010             	60.0300            	0.0000             	0.0000             	0.0000             
252                	2020-11-05 12:43:59	214.6000           	27.3100            	3.5150             	5.8607             	4.6930             	0.5990             	60.0200            	0.0000             	0.0000             	0.0000             
253                	2020-11-05 12:44:00	214.7000           	27.2000            	3.5180             	5.8398             	4.6631             	0.6020             	60.0300            	0.0000             	0.0000             	0.0000             
254                	2020-11-05 12:44:01	214.8000           	26.8600            	3.4870             	5.7695             	4.5982             	0.6040             	60.0200            	0.0000             	0.0000             	0.0000             
255                	2020-11-05 12:44:03	214.7000           	26.9700            	3.4890             	5.7905             	4.6237             	0.6020             	60.0200            	0.0000             	0.0000             	0.0000             
256                	2020-11-05 12:44:04	214.7000           	26.9800            	3.4960             	5.7926             	4.6210             	0.6030             	60.0100            	0.0000             	0.0000             	0.0000             
257                	2020-11-05 12:44:05	214.6000           	26.9700            	3.5010             	5.7878             	4.6128             	0.6040             	60.0100            	0.0000             	0.0000             	0.0000             
258                	2020-11-05 12:44:06	214.7000           	26.8300            	3.4920             	5.7604             	4.5866             	0.6050             	60.0200            	0.0000             	0.0000             	0.0000             
259                	2020-11-05 12:44:07	214.8000           	27.3000            	3.5380             	5.8640             	4.6780             	0.6030             	60.0200            	0.0000             	0.0000             	0.0000             
260                	2020-11-05 12:44:08	214.8000           	26.9500            	3.4950             	5.7889             	4.6180             	0.6030             	60.0300            	0.0000             	0.0000             	0.0000             
261                	2020-11-05 12:44:09	214.8000           	27.0500            	3.4980             	5.8103             	4.6395             	0.6020             	60.0300            	0.0000             	0.0000             	0.0000             
262                	2020-11-05 12:44:10	214.7000           	27.3900            	3.5190             	5.8806             	4.7133             	0.5980             	60.0300            	0.0000             	0.0000             	0.0000             
263                	2020-11-05 12:44:12	214.8000           	27.0200            	3.4910             	5.8039             	4.6388             	0.6010             	60.0300            	0.0000             	0.0000             	0.0000             
264                	2020-11-05 12:44:13	214.7000           	27.2900            	3.5350             	5.8592             	4.6741             	0.6030             	60.0300            	0.0000             	0.0000             	0.0000             
265                	2020-11-05 12:44:14	214.6000           	26.8400            	3.5070             	5.7599             	4.5730             	0.6080             	60.0300            	0.0000             	0.0000             	0.0000             
266                	2020-11-05 12:44:15	214.8000           	26.7800            	3.5020             	5.7523             	4.5670             	0.6080             	60.0200            	0.0000             	0.0000             	0.0000             
267                	2020-11-05 12:44:16	214.7000           	26.6900            	3.4930             	5.7303             	4.5451             	0.6090             	60.0200            	0.0000             	0.0000             	0.0000             
