No.                	Time               	Voltage[ V ]       	Current[ mA ]      	Active Power[ W ]  	Apparent Power[ VA ]	Reactive Power[ Var ]	Power Factor[ PF ] 	Frequency[ Hz ]    	Watt Hours[ Wh ]   	CO2[ g ]           	Cost[ Dollar ]     
1                  	2020-11-05 14:21:47	212.8000           	28.1400            	3.5440             	5.9882             	4.8305             	0.5910             	60.0000            	0.0000             	0.0000             	0.0000             
2                  	2020-11-05 14:21:48	212.8000           	28.1800            	3.5430             	5.9967             	4.8418             	0.5900             	60.0000            	0.0000             	0.0000             	0.0000             
3                  	2020-11-05 14:21:49	212.9000           	28.3700            	3.5530             	6.0400             	4.8855             	0.5880             	60.0100            	0.0000             	0.0000             	0.0000             
4                  	2020-11-05 14:21:50	212.9000           	28.4700            	3.5550             	6.0613             	4.9115             	0.5860             	60.0100            	0.0000             	0.0000             	0.0000             
5                  	2020-11-05 14:21:51	212.8000           	28.1700            	3.5640             	5.9946             	4.8224             	0.5940             	60.0100            	0.0000             	0.0000             	0.0000             
6                  	2020-11-05 14:21:52	212.7000           	28.2500            	3.5520             	6.0088             	4.8471             	0.5910             	60.0100            	0.0000             	0.0000             	0.0000             
7                  	2020-11-05 14:21:53	212.7000           	28.1600            	3.5450             	5.9896             	4.8317             	0.5910             	60.0200            	0.0000             	0.0000             	0.0000             
8                  	2020-11-05 14:21:55	212.6000           	28.2500            	3.5450             	6.0060             	4.8492             	0.5900             	60.0000            	0.0000             	0.0000             	0.0000             
9                  	2020-11-05 14:21:56	212.7000           	28.2100            	3.5480             	6.0003             	4.8402             	0.5910             	60.0000            	0.0000             	0.0000             	0.0000             
10                 	2020-11-05 14:21:57	212.7000           	28.2000            	3.5480             	5.9981             	4.8385             	0.5910             	60.0100            	0.0000             	0.0000             	0.0000             
11                 	2020-11-05 14:21:58	212.6000           	27.8300            	3.5430             	5.9167             	4.7422             	0.5980             	60.0100            	0.0000             	0.0000             	0.0000             
12                 	2020-11-05 14:21:59	212.5000           	27.7900            	3.5440             	5.9054             	4.7287             	0.5990             	60.0000            	0.0000             	0.0000             	0.0000             
13                 	2020-11-05 14:22:00	212.6000           	27.6600            	3.5440             	5.8805             	4.6956             	0.6020             	60.0000            	0.0000             	0.0000             	0.0000             
14                 	2020-11-05 14:22:01	212.7000           	28.5200            	3.6000             	6.0662             	4.8845             	0.5930             	60.0000            	0.0000             	0.0000             	0.0000             
15                 	2020-11-05 14:22:02	212.7000           	28.2500            	3.5390             	6.0088             	4.8603             	0.5880             	60.0000            	0.0000             	0.0000             	0.0000             
16                 	2020-11-05 14:22:03	212.8000           	28.1500            	3.5460             	5.9903             	4.8322             	0.5910             	60.0000            	0.0000             	0.0000             	0.0000             
17                 	2020-11-05 14:22:05	212.8000           	28.5400            	3.5420             	6.0733             	4.9387             	0.5820             	60.0000            	0.0000             	0.0000             	0.0000             
18                 	2020-11-05 14:22:06	212.9000           	28.5500            	3.5610             	6.0783             	4.9297             	0.5850             	60.0000            	0.0000             	0.0000             	0.0000             
19                 	2020-11-05 14:22:07	212.8000           	28.4800            	3.5640             	6.0605             	4.9065             	0.5870             	60.0000            	0.0000             	0.0000             	0.0000             
20                 	2020-11-05 14:22:08	213.0000           	28.3900            	3.5600             	6.0471             	4.8912             	0.5880             	60.0000            	0.0000             	0.0000             	0.0000             
21                 	2020-11-05 14:22:09	212.9000           	28.4200            	3.5640             	6.0506             	4.8941             	0.5880             	60.0100            	0.0000             	0.0000             	0.0000             
22                 	2020-11-05 14:22:10	213.2000           	28.2300            	3.5430             	6.0186             	4.8682             	0.5880             	60.0200            	0.0000             	0.0000             	0.0000             
23                 	2020-11-05 14:22:11	213.1000           	28.4000            	3.5590             	6.0520             	4.8953             	0.5880             	60.0200            	0.0000             	0.0000             	0.0000             
24                 	2020-11-05 14:22:12	213.0000           	28.5400            	3.5520             	6.0790             	4.9347             	0.5840             	60.0300            	0.0000             	0.0000             	0.0000             
25                 	2020-11-05 14:22:14	213.1000           	28.3500            	3.5490             	6.0414             	4.8910             	0.5870             	60.0300            	0.0000             	0.0000             	0.0000             
26                 	2020-11-05 14:22:15	213.0000           	28.4700            	3.5520             	6.0641             	4.9182             	0.5850             	60.0300            	0.0000             	0.0000             	0.0000             
27                 	2020-11-05 14:22:16	212.9000           	28.6200            	3.5520             	6.0932             	4.9549             	0.5820             	60.0400            	0.0000             	0.0000             	0.0000             
28                 	2020-11-05 14:22:17	213.3000           	29.0800            	3.5550             	6.2028             	5.0878             	0.5720             	60.0300            	0.0000             	0.0000             	0.0000             
29                 	2020-11-05 14:22:18	213.3000           	28.8400            	3.5540             	6.1516             	5.0243             	0.5770             	60.0400            	0.0000             	0.0000             	0.0000             
30                 	2020-11-05 14:22:19	213.4000           	29.2500            	3.5720             	6.2420             	5.1200             	0.5720             	60.0300            	0.0000             	0.0000             	0.0000             
31                 	2020-11-05 14:22:20	213.3000           	28.7400            	3.5480             	6.1302             	5.0025             	0.5780             	60.0300            	0.0000             	0.0000             	0.0000             
32                 	2020-11-05 14:22:21	213.4000           	28.8000            	3.5540             	6.1459             	5.0153             	0.5780             	60.0400            	0.0000             	0.0000             	0.0000             
33                 	2020-11-05 14:22:23	213.5000           	28.6000            	3.5490             	6.1061             	4.9741             	0.5800             	60.0300            	0.0000             	0.0000             	0.0000             
34                 	2020-11-05 14:22:24	213.4000           	28.4800            	3.5500             	6.0776             	4.9379             	0.5830             	60.0300            	0.0000             	0.0000             	0.0000             
35                 	2020-11-05 14:22:25	213.4000           	28.5800            	3.5550             	6.0990             	4.9596             	0.5820             	60.0300            	0.0000             	0.0000             	0.0000             
36                 	2020-11-05 14:22:26	213.4000           	28.8600            	3.5660             	6.1587             	5.0257             	0.5780             	60.0300            	0.0000             	0.0000             	0.0000             
37                 	2020-11-05 14:22:27	213.3000           	28.7100            	3.5590             	6.1238             	4.9842             	0.5810             	60.0300            	0.0000             	0.0000             	0.0000             
38                 	2020-11-05 14:22:28	213.2000           	28.9800            	3.5500             	6.1785             	5.0593             	0.5740             	60.0300            	0.0000             	0.0000             	0.0000             
39                 	2020-11-05 14:22:29	213.4000           	29.1300            	3.5590             	6.2163             	5.0990             	0.5720             	60.0300            	0.0000             	0.0000             	0.0000             
40                 	2020-11-05 14:22:30	213.2000           	28.9000            	3.5490             	6.1615             	5.0410             	0.5750             	60.0400            	0.0000             	0.0000             	0.0000             
41                 	2020-11-05 14:22:31	213.1000           	28.9900            	3.5740             	6.1778             	5.0413             	0.5780             	60.0400            	0.0000             	0.0000             	0.0000             
42                 	2020-11-05 14:22:32	213.2000           	28.5900            	3.5460             	6.0954             	4.9611             	0.5810             	60.0400            	0.0000             	0.0000             	0.0000             
43                 	2020-11-05 14:22:33	213.3000           	28.6600            	3.5550             	6.1132             	4.9755             	0.5810             	60.0300            	0.0000             	0.0000             	0.0000             
44                 	2020-11-05 14:22:34	213.2000           	28.6300            	3.5560             	6.1039             	4.9636             	0.5820             	60.0300            	0.0000             	0.0000             	0.0000             
45                 	2020-11-05 14:22:36	213.3000           	28.6200            	3.5610             	6.1046             	4.9642             	0.5820             	60.0400            	0.0000             	0.0000             	0.0000             
46                 	2020-11-05 14:22:37	213.3000           	28.5700            	3.5560             	6.0940             	4.9512             	0.5830             	60.0400            	0.0000             	0.0000             	0.0000             
47                 	2020-11-05 14:22:38	213.4000           	28.6100            	3.5540             	6.1054             	4.9692             	0.5810             	60.0400            	0.0000             	0.0000             	0.0000             
48                 	2020-11-05 14:22:39	213.4000           	28.1400            	3.5530             	6.0051             	4.8441             	0.5910             	60.0300            	0.0000             	0.0000             	0.0000             
49                 	2020-11-05 14:22:40	213.4000           	28.0100            	3.5530             	5.9773             	4.8086             	0.5940             	60.0200            	0.0000             	0.0000             	0.0000             
50                 	2020-11-05 14:22:41	213.4000           	28.1500            	3.5750             	6.0072             	4.8326             	0.5940             	60.0100            	0.0000             	0.0000             	0.0000             
51                 	2020-11-05 14:22:42	213.3000           	28.4800            	3.5900             	6.0748             	4.9048             	0.5900             	60.0100            	0.0000             	0.0000             	0.0000             
52                 	2020-11-05 14:22:43	213.3000           	28.6900            	3.6030             	6.1196             	4.9499             	0.5880             	60.0100            	0.0000             	0.0000             	0.0000             
53                 	2020-11-05 14:22:44	213.4000           	29.1000            	3.5880             	6.2099             	5.0719             	0.5770             	60.0100            	0.0000             	0.0000             	0.0000             
54                 	2020-11-05 14:22:46	213.4000           	28.7200            	3.5650             	6.1288             	4.9883             	0.5810             	60.0100            	0.0000             	0.0000             	0.0000             
55                 	2020-11-05 14:22:47	213.4000           	28.6800            	3.5580             	6.1203             	4.9813             	0.5810             	60.0300            	0.0000             	0.0000             	0.0000             
56                 	2020-11-05 14:22:48	213.4000           	28.4500            	3.5620             	6.0712             	4.9196             	0.5860             	60.0100            	0.0000             	0.0000             	0.0000             
57                 	2020-11-05 14:22:49	213.5000           	28.3200            	3.5590             	6.0463             	4.8906             	0.5880             	60.0000            	0.0000             	0.0000             	0.0000             
58                 	2020-11-05 14:22:50	213.5000           	28.1900            	3.5570             	6.0186             	4.8594             	0.5900             	60.0000            	0.0000             	0.0000             	0.0000             
59                 	2020-11-05 14:22:51	213.5000           	28.4400            	3.5790             	6.0719             	4.9069             	0.5890             	60.0100            	0.0000             	0.0000             	0.0000             
60                 	2020-11-05 14:22:52	213.4000           	28.3200            	3.5620             	6.0435             	4.8839             	0.5890             	60.0100            	0.0000             	0.0000             	0.0000             
61                 	2020-11-05 14:22:54	213.4000           	28.2600            	3.5660             	6.0307             	4.8648             	0.5910             	60.0000            	0.0000             	0.0000             	0.0000             
62                 	2020-11-05 14:22:55	213.3000           	28.1400            	3.5650             	6.0023             	4.8330             	0.5930             	59.9900            	0.0000             	0.0000             	0.0000             
63                 	2020-11-05 14:22:56	213.3000           	28.1400            	3.5660             	6.0023             	4.8330             	0.5930             	59.9900            	0.0000             	0.0000             	0.0000             
64                 	2020-11-05 14:22:57	213.3000           	28.0700            	3.5570             	5.9873             	4.8210             	0.5930             	60.0100            	0.0000             	0.0000             	0.0000             
65                 	2020-11-05 14:22:58	213.2000           	28.5400            	3.5640             	6.0847             	4.9349             	0.5850             	59.9900            	0.0000             	0.0000             	0.0000             
66                 	2020-11-05 14:22:59	213.2000           	28.7900            	3.5610             	6.1380             	5.0045             	0.5790             	59.9800            	0.0000             	0.0000             	0.0000             
67                 	2020-11-05 14:23:01	213.3000           	28.9500            	3.5690             	6.1750             	5.0434             	0.5770             	59.9800            	0.0000             	0.0000             	0.0000             
68                 	2020-11-05 14:23:02	213.2000           	29.2700            	3.6010             	6.2404             	5.1012             	0.5760             	59.9800            	0.0000             	0.0000             	0.0000             
69                 	2020-11-05 14:23:03	213.0000           	28.1500            	3.5520             	5.9959             	4.8324             	0.5920             	59.9800            	0.0000             	0.0000             	0.0000             
70                 	2020-11-05 14:23:04	213.1000           	28.3700            	3.5660             	6.0456             	4.8857             	0.5890             	59.9700            	0.0000             	0.0000             	0.0000             
71                 	2020-11-05 14:23:05	213.1000           	28.3000            	3.5690             	6.0307             	4.8648             	0.5910             	59.9900            	0.0000             	0.0000             	0.0000             
72                 	2020-11-05 14:23:06	213.2000           	28.3200            	3.5650             	6.0378             	4.8750             	0.5900             	59.9900            	0.0000             	0.0000             	0.0000             
73                 	2020-11-05 14:23:07	213.0000           	28.5900            	3.5680             	6.0897             	4.9389             	0.5850             	59.9900            	0.0000             	0.0000             	0.0000             
74                 	2020-11-05 14:23:08	213.0000           	28.9300            	3.5670             	6.1621             	5.0285             	0.5780             	59.9900            	0.0000             	0.0000             	0.0000             
75                 	2020-11-05 14:23:09	213.1000           	28.9100            	3.5660             	6.1607             	5.0274             	0.5780             	59.9900            	0.0000             	0.0000             	0.0000             
76                 	2020-11-05 14:23:10	213.1000           	28.9800            	3.5680             	6.1756             	5.0439             	0.5770             	59.9900            	0.0000             	0.0000             	0.0000             
77                 	2020-11-05 14:23:11	213.1000           	28.7200            	3.5610             	6.1202             	4.9813             	0.5810             	59.9900            	0.0000             	0.0000             	0.0000             
78                 	2020-11-05 14:23:13	212.9000           	28.9000            	3.5700             	6.1528             	5.0166             	0.5790             	59.9900            	0.0000             	0.0000             	0.0000             
79                 	2020-11-05 14:23:14	212.9000           	28.9000            	3.5710             	6.1528             	5.0122             	0.5800             	59.9900            	0.0000             	0.0000             	0.0000             
80                 	2020-11-05 14:23:15	212.9000           	28.7300            	3.5630             	6.1166             	4.9740             	0.5820             	59.9800            	0.0000             	0.0000             	0.0000             
81                 	2020-11-05 14:23:16	212.8000           	28.9300            	3.5720             	6.1563             	5.0150             	0.5800             	59.9900            	0.0000             	0.0000             	0.0000             
82                 	2020-11-05 14:23:17	212.8000           	28.9700            	3.5680             	6.1648             	5.0307             	0.5780             	59.9900            	0.0000             	0.0000             	0.0000             
83                 	2020-11-05 14:23:18	212.7000           	28.9100            	3.5710             	6.1492             	5.0092             	0.5800             	59.9800            	0.0000             	0.0000             	0.0000             
84                 	2020-11-05 14:23:19	212.9000           	29.5700            	3.6300             	6.2955             	5.1462             	0.5760             	59.9900            	0.0000             	0.0000             	0.0000             
85                 	2020-11-05 14:23:20	212.8000           	28.7400            	3.5860             	6.1159             	4.9558             	0.5860             	59.9800            	0.0000             	0.0000             	0.0000             
86                 	2020-11-05 14:23:22	212.8000           	28.7700            	3.5860             	6.1223             	4.9654             	0.5850             	59.9800            	0.0000             	0.0000             	0.0000             
87                 	2020-11-05 14:23:23	212.8000           	28.7900            	3.5930             	6.1265             	4.9644             	0.5860             	59.9800            	0.0000             	0.0000             	0.0000             
88                 	2020-11-05 14:23:24	212.8000           	28.5500            	3.5760             	6.0754             	4.9142             	0.5880             	59.9700            	0.0000             	0.0000             	0.0000             
89                 	2020-11-05 14:23:25	213.1000           	28.5200            	3.5800             	6.0776             	4.9159             	0.5880             	59.9800            	0.0000             	0.0000             	0.0000             
90                 	2020-11-05 14:23:26	213.1000           	28.6600            	3.5850             	6.1074             	4.9489             	0.5860             	59.9800            	0.0000             	0.0000             	0.0000             
91                 	2020-11-05 14:23:27	213.1000           	28.7600            	3.5750             	6.1288             	4.9794             	0.5830             	59.9800            	0.0000             	0.0000             	0.0000             
92                 	2020-11-05 14:23:28	213.0000           	28.8600            	3.5650             	6.1472             	5.0120             	0.5790             	59.9800            	0.0000             	0.0000             	0.0000             
93                 	2020-11-05 14:23:29	213.1000           	28.6000            	3.5670             	6.0947             	4.9430             	0.5850             	59.9800            	0.0000             	0.0000             	0.0000             
94                 	2020-11-05 14:23:30	213.2000           	28.5700            	3.5740             	6.0911             	4.9357             	0.5860             	59.9700            	0.0000             	0.0000             	0.0000             
95                 	2020-11-05 14:23:32	213.1000           	28.7200            	3.6020             	6.1202             	4.9504             	0.5880             	59.9800            	0.0000             	0.0000             	0.0000             
96                 	2020-11-05 14:23:33	213.3000           	28.4500            	3.5840             	6.0684             	4.8996             	0.5900             	59.9800            	0.0000             	0.0000             	0.0000             
97                 	2020-11-05 14:23:34	213.3000           	28.3000            	3.5590             	6.0364             	4.8782             	0.5890             	59.9800            	0.0000             	0.0000             	0.0000             
98                 	2020-11-05 14:23:35	213.3000           	28.3300            	3.5710             	6.0428             	4.8790             	0.5900             	59.9900            	0.0000             	0.0000             	0.0000             
99                 	2020-11-05 14:23:36	213.3000           	28.2700            	3.5690             	6.0300             	4.8642             	0.5910             	59.9900            	0.0000             	0.0000             	0.0000             
100                	2020-11-05 14:23:37	213.4000           	28.6900            	3.6080             	6.1224             	4.9478             	0.5890             	59.9900            	0.0000             	0.0000             	0.0000             
101                	2020-11-05 14:23:38	213.5000           	28.3700            	3.5750             	6.0570             	4.8949             	0.5890             	59.9900            	0.0000             	0.0000             	0.0000             
102                	2020-11-05 14:23:39	213.4000           	28.2600            	3.5670             	6.0307             	4.8648             	0.5910             	60.0000            	0.0000             	0.0000             	0.0000             
103                	2020-11-05 14:23:41	213.3000           	28.4400            	3.5700             	6.0663             	4.9068             	0.5880             	60.0000            	0.0000             	0.0000             	0.0000             
104                	2020-11-05 14:23:42	213.3000           	28.6900            	3.5650             	6.1196             	4.9764             	0.5820             	60.0000            	0.0000             	0.0000             	0.0000             
105                	2020-11-05 14:23:43	213.1000           	28.9100            	3.5720             	6.1607             	5.0230             	0.5790             	60.0100            	0.0000             	0.0000             	0.0000             
106                	2020-11-05 14:23:44	213.1000           	29.2800            	3.6010             	6.2396             	5.0961             	0.5770             	60.0100            	0.0000             	0.0000             	0.0000             
107                	2020-11-05 14:23:45	213.1000           	29.5500            	3.6060             	6.2971             	5.1652             	0.5720             	59.9900            	0.0000             	0.0000             	0.0000             
108                	2020-11-05 14:23:46	213.0000           	29.3200            	3.5990             	6.2452             	5.1051             	0.5760             	59.9900            	0.0000             	0.0000             	0.0000             
109                	2020-11-05 14:23:47	213.0000           	29.3400            	3.6090             	6.2494             	5.1042             	0.5770             	60.0000            	0.0000             	0.0000             	0.0000             
110                	2020-11-05 14:23:49	213.1000           	29.3700            	3.6220             	6.2587             	5.1074             	0.5780             	60.0000            	0.0000             	0.0000             	0.0000             
111                	2020-11-05 14:23:50	213.2000           	28.7700            	3.5670             	6.1338             	4.9923             	0.5810             	60.0000            	0.0000             	0.0000             	0.0000             
112                	2020-11-05 14:23:51	213.1000           	28.8200            	3.6020             	6.1415             	4.9766             	0.5860             	60.0000            	0.0000             	0.0000             	0.0000             
113                	2020-11-05 14:23:52	213.1000           	28.4300            	3.5760             	6.0584             	4.8960             	0.5890             	60.0100            	0.0000             	0.0000             	0.0000             
114                	2020-11-05 14:23:53	213.1000           	28.5100            	3.5660             	6.0755             	4.9230             	0.5860             	60.0100            	0.0000             	0.0000             	0.0000             
115                	2020-11-05 14:23:54	213.0000           	28.5600            	3.5650             	6.0833             	4.9337             	0.5850             	60.0400            	0.0000             	0.0000             	0.0000             
116                	2020-11-05 14:23:56	212.9000           	29.2200            	3.5790             	6.2209             	5.0897             	0.5750             	60.0200            	0.0000             	0.0000             	0.0000             
117                	2020-11-05 14:23:57	212.9000           	28.9800            	3.5730             	6.1698             	5.0304             	0.5790             	60.0200            	0.0000             	0.0000             	0.0000             
118                	2020-11-05 14:23:58	212.9000           	29.1500            	3.5750             	6.2060             	5.0731             	0.5760             	60.0200            	0.0000             	0.0000             	0.0000             
119                	2020-11-05 14:23:59	212.8000           	29.4000            	3.5740             	6.2563             	5.1361             	0.5710             	60.0200            	0.0000             	0.0000             	0.0000             
120                	2020-11-05 14:24:00	213.0000           	29.2400            	3.5740             	6.2281             	5.1043             	0.5730             	60.0200            	0.0000             	0.0000             	0.0000             
121                	2020-11-05 14:24:02	213.0000           	29.0900            	3.5640             	6.1962             	5.0694             	0.5750             	60.0200            	0.0000             	0.0000             	0.0000             
122                	2020-11-05 14:24:03	213.0000           	29.0100            	3.5710             	6.1791             	5.0468             	0.5770             	60.0200            	0.0000             	0.0000             	0.0000             
123                	2020-11-05 14:24:04	213.2000           	29.0300            	3.5810             	6.1892             	5.0506             	0.5780             	60.0200            	0.0000             	0.0000             	0.0000             
124                	2020-11-05 14:24:05	213.1000           	28.8900            	3.5760             	6.1565             	5.0152             	0.5800             	60.0200            	0.0000             	0.0000             	0.0000             
125                	2020-11-05 14:24:06	213.1000           	28.9200            	3.5760             	6.1629             	5.0204             	0.5800             	60.0200            	0.0000             	0.0000             	0.0000             
126                	2020-11-05 14:24:07	213.1000           	29.1300            	3.6080             	6.2076             	5.0524             	0.5810             	60.0200            	0.0000             	0.0000             	0.0000             
127                	2020-11-05 14:24:08	213.1000           	28.9300            	3.5800             	6.1650             	5.0221             	0.5800             	60.0200            	0.0000             	0.0000             	0.0000             
128                	2020-11-05 14:24:09	213.1000           	28.6200            	3.5720             	6.0989             	4.9464             	0.5850             	60.0100            	0.0000             	0.0000             	0.0000             
129                	2020-11-05 14:24:10	213.1000           	28.6800            	3.5760             	6.1117             	4.9612             	0.5840             	60.0100            	0.0000             	0.0000             	0.0000             
130                	2020-11-05 14:24:11	213.2000           	28.2300            	3.5760             	6.0186             	4.8462             	0.5930             	60.0200            	0.0000             	0.0000             	0.0000             
131                	2020-11-05 14:24:13	213.2000           	28.6600            	3.5840             	6.1103             	4.9513             	0.5860             	60.0200            	0.0000             	0.0000             	0.0000             
132                	2020-11-05 14:24:14	213.2000           	28.6600            	3.5850             	6.1103             	4.9513             	0.5860             	60.0200            	0.0000             	0.0000             	0.0000             
133                	2020-11-05 14:24:15	213.1000           	29.1100            	3.5960             	6.2033             	5.0578             	0.5790             	60.0200            	0.0000             	0.0000             	0.0000             
134                	2020-11-05 14:24:16	213.2000           	28.6800            	3.5850             	6.1146             	4.9547             	0.5860             	60.0200            	0.0000             	0.0000             	0.0000             
135                	2020-11-05 14:24:17	213.0000           	29.1200            	3.5810             	6.2026             	5.0659             	0.5770             	60.0200            	0.0000             	0.0000             	0.0000             
136                	2020-11-05 14:24:18	213.0000           	28.9200            	3.5780             	6.1600             	5.0180             	0.5800             	60.0300            	0.0000             	0.0000             	0.0000             
137                	2020-11-05 14:24:20	213.1000           	28.7700            	3.5780             	6.1309             	4.9812             	0.5830             	60.0200            	0.0000             	0.0000             	0.0000             
138                	2020-11-05 14:24:21	213.0000           	28.4400            	3.5760             	6.0577             	4.8910             	0.5900             	60.0200            	0.0000             	0.0000             	0.0000             
139                	2020-11-05 14:24:22	213.1000           	28.1700            	3.5730             	6.0030             	4.8248             	0.5950             	60.0300            	0.0000             	0.0000             	0.0000             
140                	2020-11-05 14:24:23	212.9000           	27.9800            	3.5690             	5.9569             	4.7745             	0.5980             	60.0200            	0.0000             	0.0000             	0.0000             
141                	2020-11-05 14:24:24	212.9000           	28.1800            	3.5790             	5.9995             	4.8175             	0.5960             	60.0200            	0.0000             	0.0000             	0.0000             
142                	2020-11-05 14:24:25	213.0000           	28.6000            	3.6240             	6.0918             	4.8961             	0.5950             	60.0100            	0.0000             	0.0000             	0.0000             
143                	2020-11-05 14:24:26	212.9000           	28.2800            	3.5770             	6.0208             	4.8480             	0.5930             	60.0100            	0.0000             	0.0000             	0.0000             
144                	2020-11-05 14:24:28	212.9000           	28.2700            	3.5820             	6.0187             	4.8418             	0.5940             	60.0100            	0.0000             	0.0000             	0.0000             
145                	2020-11-05 14:24:29	212.9000           	28.3100            	3.5910             	6.0272             	4.8442             	0.5950             	59.9900            	0.0000             	0.0000             	0.0000             
146                	2020-11-05 14:24:30	213.0000           	28.1000            	3.5770             	5.9853             	4.8017             	0.5970             	60.0100            	0.0000             	0.0000             	0.0000             
147                	2020-11-05 14:24:31	213.0000           	28.4500            	3.5990             	6.0598             	4.8794             	0.5930             	60.0100            	0.0000             	0.0000             	0.0000             
148                	2020-11-05 14:24:32	212.9000           	28.3800            	3.5720             	6.0421             	4.8784             	0.5900             	60.0100            	0.0000             	0.0000             	0.0000             
149                	2020-11-05 14:24:33	213.0000           	28.4300            	3.5750             	6.0556             	4.8893             	0.5900             	60.0100            	0.0000             	0.0000             	0.0000             
150                	2020-11-05 14:24:35	213.1000           	28.3000            	3.5740             	6.0307             	4.8604             	0.5920             	60.0000            	0.0000             	0.0000             	0.0000             
151                	2020-11-05 14:24:36	213.1000           	28.4200            	3.5800             	6.0563             	4.8854             	0.5910             	60.0000            	0.0000             	0.0000             	0.0000             
152                	2020-11-05 14:24:37	213.0000           	28.7500            	3.6110             	6.1238             	4.9488             	0.5890             	60.0100            	0.0000             	0.0000             	0.0000             
153                	2020-11-05 14:24:38	212.9000           	28.4700            	3.5820             	6.0613             	4.8939             	0.5900             	60.0000            	0.0000             	0.0000             	0.0000             
154                	2020-11-05 14:24:39	212.9000           	28.4300            	3.5810             	6.0527             	4.8826             	0.5910             	60.0000            	0.0000             	0.0000             	0.0000             
155                	2020-11-05 14:24:40	213.0000           	28.3200            	3.5840             	6.0322             	4.8571             	0.5930             	60.0000            	0.0000             	0.0000             	0.0000             
156                	2020-11-05 14:24:42	212.9000           	28.4500            	3.5840             	6.0570             	4.8860             	0.5910             	60.0000            	0.0000             	0.0000             	0.0000             
157                	2020-11-05 14:24:43	212.9000           	29.2000            	3.5860             	6.2167             	5.0818             	0.5760             	59.9700            	0.0000             	0.0000             	0.0000             
158                	2020-11-05 14:24:44	213.0000           	29.1900            	3.5840             	6.2175             	5.0825             	0.5760             	59.9700            	0.0000             	0.0000             	0.0000             
159                	2020-11-05 14:24:45	213.0000           	29.0700            	3.5920             	6.1919             	5.0484             	0.5790             	59.9800            	0.0000             	0.0000             	0.0000             
160                	2020-11-05 14:24:46	212.8000           	29.0500            	3.5850             	6.1818             	5.0402             	0.5790             	59.9800            	0.0000             	0.0000             	0.0000             
161                	2020-11-05 14:24:47	212.8000           	28.7100            	3.5800             	6.1095             	4.9550             	0.5850             	59.9800            	0.0000             	0.0000             	0.0000             
162                	2020-11-05 14:24:48	212.7000           	29.0200            	3.5880             	6.1726             	5.0239             	0.5810             	59.9700            	0.0000             	0.0000             	0.0000             
163                	2020-11-05 14:24:49	212.7000           	29.4400            	3.6070             	6.2619             	5.1232             	0.5750             	59.9800            	0.0000             	0.0000             	0.0000             
164                	2020-11-05 14:24:50	212.7000           	29.1200            	3.5680             	6.1938             	5.0675             	0.5750             	59.9700            	0.0000             	0.0000             	0.0000             
165                	2020-11-05 14:24:51	212.7000           	29.1500            	3.5830             	6.2002             	5.0640             	0.5770             	59.9700            	0.0000             	0.0000             	0.0000             
166                	2020-11-05 14:24:53	212.6000           	29.0900            	3.5820             	6.1845             	5.0424             	0.5790             	59.9800            	0.0000             	0.0000             	0.0000             
167                	2020-11-05 14:24:54	212.9000           	29.2300            	3.5980             	6.2231             	5.0783             	0.5780             	59.9700            	0.0000             	0.0000             	0.0000             
168                	2020-11-05 14:24:55	213.1000           	29.2200            	3.6030             	6.2268             	5.0813             	0.5780             	59.9800            	0.0000             	0.0000             	0.0000             
169                	2020-11-05 14:24:56	213.1000           	29.0300            	3.5900             	6.1863             	5.0439             	0.5790             	59.9700            	0.0000             	0.0000             	0.0000             
170                	2020-11-05 14:24:57	213.3000           	29.0200            	3.5880             	6.1900             	5.0468             	0.5790             	59.9800            	0.0000             	0.0000             	0.0000             
171                	2020-11-05 14:24:59	213.2000           	28.7700            	3.5890             	6.1338             	4.9747             	0.5850             	59.9800            	0.0000             	0.0000             	0.0000             
172                	2020-11-05 14:25:00	213.2000           	28.6500            	3.5820             	6.1082             	4.9495             	0.5860             	59.9800            	0.0000             	0.0000             	0.0000             
173                	2020-11-05 14:25:01	213.1000           	28.8300            	3.5910             	6.1437             	4.9871             	0.5840             	59.9800            	0.0000             	0.0000             	0.0000             
174                	2020-11-05 14:25:02	213.2000           	28.7300            	3.5850             	6.1252             	4.9678             	0.5850             	59.9800            	0.0000             	0.0000             	0.0000             
175                	2020-11-05 14:25:03	213.0000           	28.7200            	3.5860             	6.1174             	4.9570             	0.5860             	59.9800            	0.0000             	0.0000             	0.0000             
176                	2020-11-05 14:25:04	213.1000           	28.7800            	3.5900             	6.1330             	4.9741             	0.5850             	59.9800            	0.0000             	0.0000             	0.0000             
177                	2020-11-05 14:25:05	213.0000           	28.5800            	3.5830             	6.0875             	4.9240             	0.5880             	59.9900            	0.0000             	0.0000             	0.0000             
178                	2020-11-05 14:25:06	212.9000           	28.7600            	3.5900             	6.1230             	4.9660             	0.5850             	59.9900            	0.0000             	0.0000             	0.0000             
179                	2020-11-05 14:25:07	213.0000           	29.0300            	3.6060             	6.1834             	5.0283             	0.5820             	60.0000            	0.0000             	0.0000             	0.0000             
180                	2020-11-05 14:25:08	213.1000           	28.7800            	3.5850             	6.1330             	4.9785             	0.5840             	60.0000            	0.0000             	0.0000             	0.0000             
181                	2020-11-05 14:25:10	213.0000           	28.9900            	3.5880             	6.1749             	5.0433             	0.5770             	60.0100            	0.0000             	0.0000             	0.0000             
182                	2020-11-05 14:25:11	213.2000           	29.0900            	3.5930             	6.2020             	5.0567             	0.5790             	60.0300            	0.0000             	0.0000             	0.0000             
183                	2020-11-05 14:25:12	213.3000           	29.5000            	3.6270             	6.2923             	5.1437             	0.5760             	60.0200            	0.0000             	0.0000             	0.0000             
184                	2020-11-05 14:25:13	213.2000           	29.7200            	3.6460             	6.3363             	5.1841             	0.5750             	60.0200            	0.0000             	0.0000             	0.0000             
185                	2020-11-05 14:25:14	213.1000           	28.6300            	3.5890             	6.1011             	4.9349             	0.5880             	60.0200            	0.0000             	0.0000             	0.0000             
186                	2020-11-05 14:25:15	213.3000           	28.4800            	3.5840             	6.0748             	4.9092             	0.5890             	60.0200            	0.0000             	0.0000             	0.0000             
187                	2020-11-05 14:25:17	213.2000           	28.5600            	3.5890             	6.0890             	4.9207             	0.5890             	60.0300            	0.0000             	0.0000             	0.0000             
188                	2020-11-05 14:25:18	213.1000           	28.7800            	3.5880             	6.1330             	4.9785             	0.5840             	60.0200            	0.0000             	0.0000             	0.0000             
189                	2020-11-05 14:25:19	213.2000           	29.6500            	3.6430             	6.3214             	5.1674             	0.5760             	60.0300            	0.0000             	0.0000             	0.0000             
190                	2020-11-05 14:25:20	213.1000           	29.0000            	3.5890             	6.1799             	5.0342             	0.5800             	60.0200            	0.0000             	0.0000             	0.0000             
191                	2020-11-05 14:25:21	213.1000           	28.9300            	3.5870             	6.1650             	5.0177             	0.5810             	60.0200            	0.0000             	0.0000             	0.0000             
192                	2020-11-05 14:25:22	213.1000           	28.9100            	3.5890             	6.1607             	5.0098             	0.5820             	60.0200            	0.0000             	0.0000             	0.0000             
193                	2020-11-05 14:25:24	213.1000           	28.9200            	3.5920             	6.1629             	5.0116             	0.5820             	60.0100            	0.0000             	0.0000             	0.0000             
194                	2020-11-05 14:25:25	213.1000           	28.9400            	3.5910             	6.1671             	5.0150             	0.5820             	60.0200            	0.0000             	0.0000             	0.0000             
195                	2020-11-05 14:25:26	213.2000           	28.8100            	3.5800             	6.1423             	4.9948             	0.5820             	60.0200            	0.0000             	0.0000             	0.0000             
196                	2020-11-05 14:25:27	213.1000           	29.0600            	3.5890             	6.1927             	5.0491             	0.5790             	60.0200            	0.0000             	0.0000             	0.0000             
197                	2020-11-05 14:25:28	213.1000           	28.7800            	3.5830             	6.1330             	4.9829             	0.5830             	60.0200            	0.0000             	0.0000             	0.0000             
198                	2020-11-05 14:25:29	213.2000           	28.9100            	3.5920             	6.1636             	5.0122             	0.5820             	60.0200            	0.0000             	0.0000             	0.0000             
199                	2020-11-05 14:25:30	213.3000           	28.8900            	3.5960             	6.1622             	5.0066             	0.5830             	60.0200            	0.0000             	0.0000             	0.0000             
200                	2020-11-05 14:25:31	213.3000           	29.1900            	3.6380             	6.2262             	5.0542             	0.5840             	60.0100            	0.0000             	0.0000             	0.0000             
201                	2020-11-05 14:25:33	213.5000           	28.9600            	3.6040             	6.1830             	5.0279             	0.5820             	60.0200            	0.0000             	0.0000             	0.0000             
202                	2020-11-05 14:25:34	213.5000           	28.7600            	3.6000             	6.1403             	4.9755             	0.5860             	60.0300            	0.0000             	0.0000             	0.0000             
203                	2020-11-05 14:25:35	213.5000           	28.8900            	3.5840             	6.1680             	5.0246             	0.5800             	60.0300            	0.0000             	0.0000             	0.0000             
204                	2020-11-05 14:25:36	213.3000           	28.5800            	3.5860             	6.0961             	4.9309             	0.5880             	60.0300            	0.0000             	0.0000             	0.0000             
205                	2020-11-05 14:25:37	213.3000           	29.5600            	3.6450             	6.3051             	5.1452             	0.5780             	60.0300            	0.0000             	0.0000             	0.0000             
206                	2020-11-05 14:25:38	213.4000           	29.4800            	3.6290             	6.2910             	5.1426             	0.5760             	60.0300            	0.0000             	0.0000             	0.0000             
207                	2020-11-05 14:25:39	213.5000           	29.4200            	3.6300             	6.2812             	5.1301             	0.5770             	60.0300            	0.0000             	0.0000             	0.0000             
208                	2020-11-05 14:25:40	213.4000           	29.1400            	3.6290             	6.2185             	5.0523             	0.5830             	60.0300            	0.0000             	0.0000             	0.0000             
209                	2020-11-05 14:25:42	213.4000           	28.9100            	3.6240             	6.1694             	4.9947             	0.5870             	60.0200            	0.0000             	0.0000             	0.0000             
210                	2020-11-05 14:25:43	213.4000           	28.9000            	3.6250             	6.1673             	4.9929             	0.5870             	60.0300            	0.0000             	0.0000             	0.0000             
211                	2020-11-05 14:25:44	213.5000           	28.5300            	3.5920             	6.0912             	4.9225             	0.5890             	60.0300            	0.0000             	0.0000             	0.0000             
212                	2020-11-05 14:25:45	213.3000           	28.5200            	3.5990             	6.0833             	4.9072             	0.5910             	60.0200            	0.0000             	0.0000             	0.0000             
213                	2020-11-05 14:25:46	213.4000           	28.7200            	3.5940             	6.1288             	4.9663             	0.5860             	60.0300            	0.0000             	0.0000             	0.0000             
214                	2020-11-05 14:25:47	213.5000           	28.4700            	3.5950             	6.0783             	4.9032             	0.5910             	60.0300            	0.0000             	0.0000             	0.0000             
215                	2020-11-05 14:25:48	213.6000           	29.1700            	3.5920             	6.2307             	5.0933             	0.5760             	60.0300            	0.0000             	0.0000             	0.0000             
216                	2020-11-05 14:25:50	213.3000           	29.9400            	3.6350             	6.3862             	5.2516             	0.5690             	60.0300            	0.0000             	0.0000             	0.0000             
217                	2020-11-05 14:25:51	213.3000           	29.6500            	3.6000             	6.3243             	5.2007             	0.5690             	60.0300            	0.0000             	0.0000             	0.0000             
218                	2020-11-05 14:25:52	213.2000           	29.6500            	3.6020             	6.3214             	5.1983             	0.5690             	60.0200            	0.0000             	0.0000             	0.0000             
219                	2020-11-05 14:25:53	213.3000           	29.4100            	3.5940             	6.2732             	5.1412             	0.5730             	60.0200            	0.0000             	0.0000             	0.0000             
220                	2020-11-05 14:25:54	213.1000           	29.8200            	3.6160             	6.3546             	5.2301             	0.5680             	60.0200            	0.0000             	0.0000             	0.0000             
221                	2020-11-05 14:25:55	213.1000           	29.9300            	3.6280             	6.3781             	5.2493             	0.5680             	60.0200            	0.0000             	0.0000             	0.0000             
222                	2020-11-05 14:25:56	213.2000           	29.3800            	3.5920             	6.2638             	5.1335             	0.5730             	60.0100            	0.0000             	0.0000             	0.0000             
223                	2020-11-05 14:25:57	213.2000           	29.3800            	3.5920             	6.2638             	5.1335             	0.5730             	60.0100            	0.0000             	0.0000             	0.0000             
224                	2020-11-05 14:25:58	213.1000           	29.4900            	3.5970             	6.2843             	5.1547             	0.5720             	60.0100            	0.0000             	0.0000             	0.0000             
225                	2020-11-05 14:26:00	213.3000           	29.5800            	3.6030             	6.3094             	5.1797             	0.5710             	60.0200            	0.0000             	0.0000             	0.0000             
226                	2020-11-05 14:26:01	213.3000           	29.5100            	3.5900             	6.2945             	5.1718             	0.5700             	60.0200            	0.0000             	0.0000             	0.0000             
227                	2020-11-05 14:26:02	213.2000           	29.6600            	3.6300             	6.3235             	5.1825             	0.5730             	60.0300            	0.0000             	0.0000             	0.0000             
228                	2020-11-05 14:26:03	213.2000           	29.5900            	3.6310             	6.3086             	5.1614             	0.5750             	60.0200            	0.0000             	0.0000             	0.0000             
229                	2020-11-05 14:26:04	213.2000           	29.5100            	3.6260             	6.2915             	5.1430             	0.5760             	60.0200            	0.0000             	0.0000             	0.0000             
230                	2020-11-05 14:26:05	213.2000           	29.4200            	3.6210             	6.2723             	5.1229             	0.5770             	60.0200            	0.0000             	0.0000             	0.0000             
231                	2020-11-05 14:26:06	213.3000           	29.0400            	3.5940             	6.1942             	5.0503             	0.5790             	60.0200            	0.0000             	0.0000             	0.0000             
232                	2020-11-05 14:26:08	213.4000           	29.0400            	3.6300             	6.1971             	5.0261             	0.5850             	60.0200            	0.0000             	0.0000             	0.0000             
233                	2020-11-05 14:26:09	213.4000           	29.0900            	3.6340             	6.2078             	5.0347             	0.5850             	60.0200            	0.0000             	0.0000             	0.0000             
234                	2020-11-05 14:26:10	212.8000           	29.0200            	3.6210             	6.1755             	5.0040             	0.5860             	60.0200            	0.0000             	0.0000             	0.0000             
235                	2020-11-05 14:26:11	213.2000           	29.1400            	3.6350             	6.2126             	5.0431             	0.5840             	60.0200            	0.0000             	0.0000             	0.0000             
236                	2020-11-05 14:26:12	213.1000           	29.0800            	3.6300             	6.1969             	5.0259             	0.5850             	60.0200            	0.0000             	0.0000             	0.0000             
237                	2020-11-05 14:26:13	212.7000           	29.4100            	3.6670             	6.2555             	5.0689             	0.5860             	60.0200            	0.0000             	0.0000             	0.0000             
238                	2020-11-05 14:26:14	213.0000           	29.0800            	3.6330             	6.1940             	5.0191             	0.5860             	60.0200            	0.0000             	0.0000             	0.0000             
239                	2020-11-05 14:26:15	213.0000           	29.1000            	3.6320             	6.1983             	5.0270             	0.5850             	60.0100            	0.0000             	0.0000             	0.0000             
240                	2020-11-05 14:26:16	212.9000           	29.2100            	3.6330             	6.2188             	5.0481             	0.5840             	60.0100            	0.0000             	0.0000             	0.0000             
241                	2020-11-05 14:26:18	213.1000           	29.2400            	3.6230             	6.2310             	5.0715             	0.5810             	60.0200            	0.0000             	0.0000             	0.0000             
242                	2020-11-05 14:26:19	213.1000           	29.5300            	3.6660             	6.2928             	5.1173             	0.5820             	60.0200            	0.0000             	0.0000             	0.0000             
243                	2020-11-05 14:26:20	213.2000           	28.5200            	3.6030             	6.0805             	4.9005             	0.5920             	60.0200            	0.0000             	0.0000             	0.0000             
244                	2020-11-05 14:26:21	213.2000           	28.5100            	3.6030             	6.0783             	4.8988             	0.5920             	60.0200            	0.0000             	0.0000             	0.0000             
245                	2020-11-05 14:26:22	213.2000           	28.4200            	3.6370             	6.0591             	4.8473             	0.6000             	60.0200            	0.0000             	0.0000             	0.0000             
246                	2020-11-05 14:26:23	213.0000           	28.9100            	3.6410             	6.1578             	4.9673             	0.5910             	60.0100            	0.0000             	0.0000             	0.0000             
247                	2020-11-05 14:26:24	213.2000           	29.3500            	3.6400             	6.2574             	5.0929             	0.5810             	60.0200            	0.0000             	0.0000             	0.0000             
248                	2020-11-05 14:26:25	213.2000           	29.5000            	3.6260             	6.2894             	5.1413             	0.5760             	60.0200            	0.0000             	0.0000             	0.0000             
249                	2020-11-05 14:26:27	213.2000           	28.9600            	3.6020             	6.1743             	5.0164             	0.5830             	60.0200            	0.0000             	0.0000             	0.0000             
250                	2020-11-05 14:26:28	213.2000           	28.7700            	3.6020             	6.1338             	4.9658             	0.5870             	60.0200            	0.0000             	0.0000             	0.0000             
251                	2020-11-05 14:26:29	213.1000           	28.6300            	3.5970             	6.1011             	4.9305             	0.5890             	60.0100            	0.0000             	0.0000             	0.0000             
252                	2020-11-05 14:26:30	213.2000           	28.6000            	3.5950             	6.0975             	4.9320             	0.5880             	60.0200            	0.0000             	0.0000             	0.0000             
253                	2020-11-05 14:26:31	213.3000           	28.5500            	3.5980             	6.0897             	4.9213             	0.5890             	60.0100            	0.0000             	0.0000             	0.0000             
254                	2020-11-05 14:26:32	213.4000           	28.7100            	3.6010             	6.1267             	4.9601             	0.5870             	60.0200            	0.0000             	0.0000             	0.0000             
255                	2020-11-05 14:26:33	213.4000           	28.6500            	3.6010             	6.1139             	4.9453             	0.5880             	60.0100            	0.0000             	0.0000             	0.0000             
256                	2020-11-05 14:26:34	213.4000           	28.8500            	3.6080             	6.1566             	4.9888             	0.5860             	60.0100            	0.0000             	0.0000             	0.0000             
257                	2020-11-05 14:26:35	213.3000           	28.8500            	3.5980             	6.1537             	4.9953             	0.5840             	60.0200            	0.0000             	0.0000             	0.0000             
258                	2020-11-05 14:26:36	213.2000           	29.1000            	3.6030             	6.2041             	5.0540             	0.5800             	60.0100            	0.0000             	0.0000             	0.0000             
259                	2020-11-05 14:26:38	213.2000           	28.9500            	3.5970             	6.1721             	5.0191             	0.5820             	60.0100            	0.0000             	0.0000             	0.0000             
260                	2020-11-05 14:26:39	213.1000           	29.1100            	3.6040             	6.2033             	5.0533             	0.5800             	60.0100            	0.0000             	0.0000             	0.0000             
261                	2020-11-05 14:26:40	213.0000           	29.2400            	3.6150             	6.2281             	5.0735             	0.5800             	60.0100            	0.0000             	0.0000             	0.0000             
262                	2020-11-05 14:26:41	213.2000           	29.1300            	3.6040             	6.2105             	5.0592             	0.5800             	60.0100            	0.0000             	0.0000             	0.0000             
263                	2020-11-05 14:26:42	213.2000           	29.5200            	3.6090             	6.2937             	5.1580             	0.5730             	60.0200            	0.0000             	0.0000             	0.0000             
264                	2020-11-05 14:26:43	213.2000           	29.8800            	3.5980             	6.3704             	5.2605             	0.5640             	60.0200            	0.0000             	0.0000             	0.0000             
265                	2020-11-05 14:26:44	213.1000           	29.8000            	3.5980             	6.3504             	5.2353             	0.5660             	60.0300            	0.0000             	0.0000             	0.0000             
266                	2020-11-05 14:26:45	213.3000           	29.6500            	3.6040             	6.3243             	5.2007             	0.5690             	60.0200            	0.0000             	0.0000             	0.0000             
