No.                	Time               	Voltage[ V ]       	Current[ mA ]      	Active Power[ W ]  	Apparent Power[ VA ]	Reactive Power[ Var ]	Power Factor[ PF ] 	Frequency[ Hz ]    	Watt Hours[ Wh ]   	CO2[ g ]           	Cost[ Dollar ]     
1                  	2020-11-05 12:49:31	214.9000           	29.6400            	3.7640             	6.3696             	5.1429             	0.5900             	60.0100            	0.0000             	0.0000             	0.0000             
2                  	2020-11-05 12:49:32	214.8000           	29.8400            	3.7920             	6.4096             	5.1705             	0.5910             	60.0100            	0.0000             	0.0000             	0.0000             
3                  	2020-11-05 12:49:34	214.9000           	29.8800            	3.7990             	6.4212             	5.1798             	0.5910             	60.0200            	0.0000             	0.0000             	0.0000             
4                  	2020-11-05 12:49:35	214.9000           	30.0000            	3.8050             	6.4470             	5.2053             	0.5900             	60.0200            	0.0000             	0.0000             	0.0000             
5                  	2020-11-05 12:49:36	215.0000           	29.7700            	3.7760             	6.4005             	5.1537             	0.5930             	60.0200            	0.0000             	0.0000             	0.0000             
6                  	2020-11-05 12:49:37	215.1000           	29.5900            	3.7650             	6.3648             	5.1343             	0.5910             	60.0300            	0.0000             	0.0000             	0.0000             
7                  	2020-11-05 12:49:38	214.9000           	29.9000            	3.7930             	6.4255             	5.1880             	0.5900             	60.0300            	0.0000             	0.0000             	0.0000             
8                  	2020-11-05 12:49:39	214.9000           	29.9800            	3.8010             	6.4427             	5.1971             	0.5910             	60.0300            	0.0000             	0.0000             	0.0000             
9                  	2020-11-05 12:49:40	214.8000           	29.2300            	3.7660             	6.2786             	5.0276             	0.5990             	60.0400            	0.0000             	0.0000             	0.0000             
10                 	2020-11-05 12:49:42	214.7000           	30.2900            	3.8700             	6.5033             	5.2316             	0.5940             	60.0400            	0.0000             	0.0000             	0.0000             
11                 	2020-11-05 12:49:43	214.8000           	29.1900            	3.7680             	6.2700             	5.0160             	0.6000             	60.0400            	0.0000             	0.0000             	0.0000             
12                 	2020-11-05 12:49:44	214.7000           	29.7600            	3.8210             	6.3895             	5.1259             	0.5970             	60.0500            	0.0000             	0.0000             	0.0000             
13                 	2020-11-05 12:49:45	214.7000           	30.4600            	3.8740             	6.5398             	5.2706             	0.5920             	60.0500            	0.0000             	0.0000             	0.0000             
14                 	2020-11-05 12:49:46	214.6000           	29.3000            	3.7730             	6.2878             	5.0349             	0.5990             	60.0500            	0.0000             	0.0000             	0.0000             
15                 	2020-11-05 12:49:47	214.7000           	29.0500            	3.7600             	6.2370             	4.9802             	0.6020             	60.0400            	0.0000             	0.0000             	0.0000             
16                 	2020-11-05 12:49:48	214.6000           	29.0500            	3.7650             	6.2341             	4.9732             	0.6030             	60.0400            	0.0000             	0.0000             	0.0000             
17                 	2020-11-05 12:49:49	214.6000           	29.1500            	3.7590             	6.2556             	5.0045             	0.6000             	60.0500            	0.0000             	0.0000             	0.0000             
18                 	2020-11-05 12:49:51	214.6000           	29.4300            	3.7960             	6.3157             	5.0525             	0.6000             	60.0400            	0.0000             	0.0000             	0.0000             
19                 	2020-11-05 12:49:52	214.6000           	30.4000            	3.8790             	6.5238             	5.2482             	0.5940             	60.0400            	0.0000             	0.0000             	0.0000             
20                 	2020-11-05 12:49:53	214.6000           	29.2900            	3.7700             	6.2856             	5.0332             	0.5990             	60.0400            	0.0000             	0.0000             	0.0000             
21                 	2020-11-05 12:49:54	214.7000           	29.1800            	3.7670             	6.2649             	5.0073             	0.6010             	60.0400            	0.0000             	0.0000             	0.0000             
22                 	2020-11-05 12:49:55	214.8000           	29.1500            	3.7650             	6.2614             	5.0044             	0.6010             	60.0500            	0.0000             	0.0000             	0.0000             
23                 	2020-11-05 12:49:56	214.9000           	29.3000            	3.7920             	6.2966             	5.0278             	0.6020             	60.0400            	0.0000             	0.0000             	0.0000             
24                 	2020-11-05 12:49:58	214.9000           	29.1900            	3.7780             	6.2729             	5.0089             	0.6020             	60.0400            	0.0000             	0.0000             	0.0000             
25                 	2020-11-05 12:49:59	215.0000           	29.1100            	3.7670             	6.2587             	5.0022             	0.6010             	60.0400            	0.0000             	0.0000             	0.0000             
26                 	2020-11-05 12:50:00	214.9000           	29.1200            	3.7620             	6.2579             	5.0016             	0.6010             	60.0300            	0.0000             	0.0000             	0.0000             
27                 	2020-11-05 12:50:01	214.9000           	29.1600            	3.7730             	6.2665             	5.0085             	0.6010             	60.0300            	0.0000             	0.0000             	0.0000             
28                 	2020-11-05 12:50:02	214.9000           	29.1000            	3.7640             	6.2536             	4.9982             	0.6010             	60.0300            	0.0000             	0.0000             	0.0000             
29                 	2020-11-05 12:50:03	214.9000           	29.1100            	3.7690             	6.2557             	4.9952             	0.6020             	60.0300            	0.0000             	0.0000             	0.0000             
30                 	2020-11-05 12:50:05	214.8000           	29.1000            	3.7690             	6.2507             	4.9911             	0.6020             	60.0300            	0.0000             	0.0000             	0.0000             
31                 	2020-11-05 12:50:06	214.9000           	29.1700            	3.7710             	6.2686             	5.0102             	0.6010             	60.0200            	0.0000             	0.0000             	0.0000             
32                 	2020-11-05 12:50:07	214.9000           	29.2100            	3.7680             	6.2772             	5.0218             	0.6000             	60.0200            	0.0000             	0.0000             	0.0000             
33                 	2020-11-05 12:50:08	214.9000           	29.9300            	3.8080             	6.4320             	5.1885             	0.5910             	60.0300            	0.0000             	0.0000             	0.0000             
34                 	2020-11-05 12:50:09	214.9000           	29.5500            	3.7700             	6.3503             	5.1133             	0.5930             	60.0300            	0.0000             	0.0000             	0.0000             
35                 	2020-11-05 12:50:10	214.8000           	29.3800            	3.7760             	6.3108             	5.0581             	0.5980             	60.0300            	0.0000             	0.0000             	0.0000             
36                 	2020-11-05 12:50:11	214.9000           	29.2000            	3.7680             	6.2751             	5.0201             	0.6000             	60.0300            	0.0000             	0.0000             	0.0000             
37                 	2020-11-05 12:50:12	214.9000           	30.4600            	3.9140             	6.5459             	5.2514             	0.5970             	60.0200            	0.0000             	0.0000             	0.0000             
38                 	2020-11-05 12:50:13	214.9000           	29.5600            	3.8080             	6.3524             	5.0867             	0.5990             	60.0300            	0.0000             	0.0000             	0.0000             
39                 	2020-11-05 12:50:14	214.8000           	29.5700            	3.8010             	6.3516             	5.0908             	0.5980             	60.0200            	0.0000             	0.0000             	0.0000             
40                 	2020-11-05 12:50:16	214.9000           	29.4600            	3.7870             	6.3310             	5.0742             	0.5980             	60.0400            	0.0000             	0.0000             	0.0000             
41                 	2020-11-05 12:50:17	214.9000           	29.4000            	3.7790             	6.3181             	5.0639             	0.5980             	60.0300            	0.0000             	0.0000             	0.0000             
42                 	2020-11-05 12:50:18	214.9000           	29.2600            	3.7730             	6.2880             	5.0351             	0.5990             	60.0200            	0.0000             	0.0000             	0.0000             
43                 	2020-11-05 12:50:19	214.9000           	29.3200            	3.7800             	6.3009             	5.0454             	0.5990             	60.0300            	0.0000             	0.0000             	0.0000             
44                 	2020-11-05 12:50:20	214.8000           	29.6800            	3.8070             	6.3753             	5.1145             	0.5970             	60.0300            	0.0000             	0.0000             	0.0000             
45                 	2020-11-05 12:50:21	214.8000           	29.3300            	3.7760             	6.3001             	5.0448             	0.5990             	60.0300            	0.0000             	0.0000             	0.0000             
46                 	2020-11-05 12:50:22	214.7000           	29.3000            	3.7700             	6.2907             	5.0373             	0.5990             	60.0300            	0.0000             	0.0000             	0.0000             
47                 	2020-11-05 12:50:23	214.8000           	29.1700            	3.7680             	6.2657             	5.0079             	0.6010             	60.0300            	0.0000             	0.0000             	0.0000             
48                 	2020-11-05 12:50:24	214.7000           	29.1400            	3.7730             	6.2564             	4.9957             	0.6020             	60.0300            	0.0000             	0.0000             	0.0000             
49                 	2020-11-05 12:50:26	214.7000           	29.3300            	3.7680             	6.2972             	5.0471             	0.5980             	60.0300            	0.0000             	0.0000             	0.0000             
50                 	2020-11-05 12:50:27	214.8000           	29.6600            	3.8000             	6.3710             	5.1158             	0.5960             	60.0200            	0.0000             	0.0000             	0.0000             
51                 	2020-11-05 12:50:28	214.7000           	29.5200            	3.7730             	6.3379             	5.0940             	0.5950             	60.0300            	0.0000             	0.0000             	0.0000             
52                 	2020-11-05 12:50:29	214.7000           	30.1100            	3.7890             	6.4646             	5.2430             	0.5850             	60.0300            	0.0000             	0.0000             	0.0000             
53                 	2020-11-05 12:50:30	214.7000           	30.0800            	3.7830             	6.4582             	5.2378             	0.5850             	60.0200            	0.0000             	0.0000             	0.0000             
54                 	2020-11-05 12:50:31	214.7000           	29.8300            	3.7730             	6.4045             	5.1757             	0.5890             	60.0200            	0.0000             	0.0000             	0.0000             
55                 	2020-11-05 12:50:32	214.7000           	30.2200            	3.8070             	6.4882             	5.2575             	0.5860             	60.0200            	0.0000             	0.0000             	0.0000             
56                 	2020-11-05 12:50:33	214.7000           	30.8500            	3.8830             	6.6235             	5.3719             	0.5850             	60.0200            	0.0000             	0.0000             	0.0000             
57                 	2020-11-05 12:50:34	214.7000           	29.8300            	3.7750             	6.4045             	5.1757             	0.5890             	60.0300            	0.0000             	0.0000             	0.0000             
58                 	2020-11-05 12:50:35	214.7000           	29.5400            	3.7730             	6.3422             	5.1021             	0.5940             	60.0200            	0.0000             	0.0000             	0.0000             
59                 	2020-11-05 12:50:36	214.6000           	29.3300            	3.7680             	6.2942             	5.0448             	0.5980             	60.0200            	0.0000             	0.0000             	0.0000             
60                 	2020-11-05 12:50:37	214.7000           	29.5300            	3.7790             	6.3401             	5.0957             	0.5950             	60.0200            	0.0000             	0.0000             	0.0000             
61                 	2020-11-05 12:50:38	214.7000           	29.5900            	3.7840             	6.3530             	5.1060             	0.5950             	60.0100            	0.0000             	0.0000             	0.0000             
62                 	2020-11-05 12:50:40	214.7000           	29.4100            	3.7700             	6.3143             	5.0703             	0.5960             	60.0100            	0.0000             	0.0000             	0.0000             
63                 	2020-11-05 12:50:41	214.7000           	29.5500            	3.7750             	6.3444             	5.0991             	0.5950             	60.0100            	0.0000             	0.0000             	0.0000             
64                 	2020-11-05 12:50:42	214.6000           	29.5300            	3.7790             	6.3371             	5.0886             	0.5960             	59.9900            	0.0000             	0.0000             	0.0000             
65                 	2020-11-05 12:50:43	214.6000           	30.3300            	3.8700             	6.5088             	5.2361             	0.5940             	59.9900            	0.0000             	0.0000             	0.0000             
66                 	2020-11-05 12:50:44	214.7000           	29.8000            	3.8090             	6.3981             	5.1423             	0.5950             	59.9900            	0.0000             	0.0000             	0.0000             
67                 	2020-11-05 12:50:45	214.6000           	29.4400            	3.7770             	6.3178             	5.0684             	0.5970             	59.9900            	0.0000             	0.0000             	0.0000             
68                 	2020-11-05 12:50:46	214.5000           	29.3600            	3.7760             	6.2977             	5.0429             	0.5990             	59.9900            	0.0000             	0.0000             	0.0000             
69                 	2020-11-05 12:50:47	214.6000           	29.3300            	3.7740             	6.2942             	5.0401             	0.5990             	59.9900            	0.0000             	0.0000             	0.0000             
70                 	2020-11-05 12:50:49	214.7000           	29.4300            	3.7870             	6.3186             	5.0596             	0.5990             	59.9900            	0.0000             	0.0000             	0.0000             
71                 	2020-11-05 12:50:50	214.5000           	29.8400            	3.8200             	6.4007             	5.1396             	0.5960             	59.9900            	0.0000             	0.0000             	0.0000             
72                 	2020-11-05 12:50:51	214.5000           	29.8600            	3.8270             	6.4050             	5.1383             	0.5970             	59.9900            	0.0000             	0.0000             	0.0000             
73                 	2020-11-05 12:50:52	214.5000           	29.8100            	3.8080             	6.3942             	5.1392             	0.5950             	60.0000            	0.0000             	0.0000             	0.0000             
74                 	2020-11-05 12:50:53	214.5000           	30.2300            	3.8910             	6.4843             	5.1875             	0.6000             	60.0100            	0.0000             	0.0000             	0.0000             
75                 	2020-11-05 12:50:54	214.4000           	29.1100            	3.7760             	6.2412             	4.9741             	0.6040             	60.0100            	0.0000             	0.0000             	0.0000             
76                 	2020-11-05 12:50:55	214.4000           	29.2600            	3.7850             	6.2733             	5.0045             	0.6030             	60.0100            	0.0000             	0.0000             	0.0000             
77                 	2020-11-05 12:50:57	214.4000           	29.5700            	3.8040             	6.3398             	5.0766             	0.5990             	60.0100            	0.0000             	0.0000             	0.0000             
78                 	2020-11-05 12:50:58	214.5000           	29.5600            	3.7860             	6.3406             	5.0914             	0.5960             	60.0100            	0.0000             	0.0000             	0.0000             
79                 	2020-11-05 12:50:59	214.6000           	29.4100            	3.7780             	6.3114             	5.0586             	0.5980             	60.0100            	0.0000             	0.0000             	0.0000             
80                 	2020-11-05 12:51:00	214.6000           	29.3500            	3.7790             	6.2985             	5.0435             	0.5990             	60.0100            	0.0000             	0.0000             	0.0000             
81                 	2020-11-05 12:51:01	214.7000           	29.3700            	3.7760             	6.3057             	5.0540             	0.5980             	60.0100            	0.0000             	0.0000             	0.0000             
82                 	2020-11-05 12:51:02	214.8000           	29.7900            	3.8200             	6.3989             	5.1382             	0.5960             	60.0200            	0.0000             	0.0000             	0.0000             
83                 	2020-11-05 12:51:03	214.8000           	30.0000            	3.8420             	6.4440             	5.1792             	0.5950             	60.0200            	0.0000             	0.0000             	0.0000             
84                 	2020-11-05 12:51:04	214.9000           	29.4900            	3.7890             	6.3374             	5.0841             	0.5970             	60.0200            	0.0000             	0.0000             	0.0000             
85                 	2020-11-05 12:51:05	214.8000           	29.3800            	3.7810             	6.3108             	5.0581             	0.5980             	60.0200            	0.0000             	0.0000             	0.0000             
86                 	2020-11-05 12:51:06	214.8000           	29.4600            	3.7810             	6.3280             	5.0766             	0.5970             	60.0200            	0.0000             	0.0000             	0.0000             
87                 	2020-11-05 12:51:08	214.9000           	29.4600            	3.7880             	6.3310             	5.0742             	0.5980             	60.0300            	0.0000             	0.0000             	0.0000             
88                 	2020-11-05 12:51:09	215.0000           	29.4500            	3.7820             	6.3318             	5.0843             	0.5960             	60.0300            	0.0000             	0.0000             	0.0000             
89                 	2020-11-05 12:51:10	215.0000           	29.7200            	3.7910             	6.3898             	5.1451             	0.5930             	60.0300            	0.0000             	0.0000             	0.0000             
90                 	2020-11-05 12:51:11	215.0000           	29.5300            	3.7800             	6.3490             	5.1028             	0.5950             	60.0300            	0.0000             	0.0000             	0.0000             
91                 	2020-11-05 12:51:12	214.9000           	29.5700            	3.7840             	6.3546             	5.1073             	0.5950             	60.0400            	0.0000             	0.0000             	0.0000             
92                 	2020-11-05 12:51:13	214.8000           	29.5100            	3.7760             	6.3387             	5.0946             	0.5950             	60.0400            	0.0000             	0.0000             	0.0000             
93                 	2020-11-05 12:51:14	214.8000           	29.8500            	3.8130             	6.4118             	5.1581             	0.5940             	60.0400            	0.0000             	0.0000             	0.0000             
94                 	2020-11-05 12:51:15	214.7000           	29.6800            	3.7880             	6.3723             	5.1263             	0.5940             	60.0400            	0.0000             	0.0000             	0.0000             
95                 	2020-11-05 12:51:16	214.7000           	29.7700            	3.7880             	6.3916             	5.1512             	0.5920             	60.0300            	0.0000             	0.0000             	0.0000             
96                 	2020-11-05 12:51:18	214.9000           	29.6300            	3.7830             	6.3675             	5.1224             	0.5940             	60.0300            	0.0000             	0.0000             	0.0000             
97                 	2020-11-05 12:51:19	214.8000           	29.4500            	3.7830             	6.3259             	5.0749             	0.5970             	60.0300            	0.0000             	0.0000             	0.0000             
98                 	2020-11-05 12:51:20	214.7000           	29.9000            	3.8100             	6.4195             	5.1690             	0.5930             	60.0300            	0.0000             	0.0000             	0.0000             
99                 	2020-11-05 12:51:21	214.8000           	29.7000            	3.7980             	6.3796             	5.1274             	0.5950             	60.0300            	0.0000             	0.0000             	0.0000             
100                	2020-11-05 12:51:22	214.7000           	29.7900            	3.7910             	6.3959             	5.1547             	0.5920             	60.0400            	0.0000             	0.0000             	0.0000             
101                	2020-11-05 12:51:23	214.7000           	30.1200            	3.8310             	6.4668             	5.2118             	0.5920             	60.0300            	0.0000             	0.0000             	0.0000             
102                	2020-11-05 12:51:25	214.7000           	29.9800            	3.8140             	6.4367             	5.1876             	0.5920             	60.0300            	0.0000             	0.0000             	0.0000             
103                	2020-11-05 12:51:26	214.6000           	30.0100            	3.8080             	6.4401             	5.1951             	0.5910             	60.0300            	0.0000             	0.0000             	0.0000             
104                	2020-11-05 12:51:27	214.7000           	29.5700            	3.7800             	6.3487             	5.1026             	0.5950             	60.0400            	0.0000             	0.0000             	0.0000             
105                	2020-11-05 12:51:28	214.8000           	29.7400            	3.7830             	6.3882             	5.1485             	0.5920             	60.0300            	0.0000             	0.0000             	0.0000             
106                	2020-11-05 12:51:29	214.8000           	29.7800            	3.7830             	6.3967             	5.1648             	0.5900             	60.0400            	0.0000             	0.0000             	0.0000             
107                	2020-11-05 12:51:30	214.8000           	29.7800            	3.7880             	6.3967             	5.1601             	0.5910             	60.0400            	0.0000             	0.0000             	0.0000             
108                	2020-11-05 12:51:31	215.0000           	29.4800            	3.7830             	6.3382             	5.0895             	0.5960             	60.0400            	0.0000             	0.0000             	0.0000             
109                	2020-11-05 12:51:32	214.9000           	29.5100            	3.7820             	6.3417             	5.0923             	0.5960             	60.0400            	0.0000             	0.0000             	0.0000             
110                	2020-11-05 12:51:34	215.0000           	29.7900            	3.7920             	6.4048             	5.1619             	0.5920             	60.0300            	0.0000             	0.0000             	0.0000             
111                	2020-11-05 12:51:35	214.9000           	30.2100            	3.7840             	6.4921             	5.2793             	0.5820             	60.0400            	0.0000             	0.0000             	0.0000             
112                	2020-11-05 12:51:36	215.1000           	30.9300            	3.8950             	6.6530             	5.3958             	0.5850             	60.0300            	0.0000             	0.0000             	0.0000             
113                	2020-11-05 12:51:37	214.9000           	29.5600            	3.7840             	6.3524             	5.1056             	0.5950             	60.0400            	0.0000             	0.0000             	0.0000             
114                	2020-11-05 12:51:38	215.1000           	29.8700            	3.8160             	6.4250             	5.1735             	0.5930             	60.0400            	0.0000             	0.0000             	0.0000             
115                	2020-11-05 12:51:39	215.0000           	29.6000            	3.7970             	6.3640             	5.1102             	0.5960             	60.0300            	0.0000             	0.0000             	0.0000             
116                	2020-11-05 12:51:40	215.0000           	29.5000            	3.7920             	6.3425             	5.0882             	0.5970             	60.0300            	0.0000             	0.0000             	0.0000             
117                	2020-11-05 12:51:42	215.0000           	29.4800            	3.7820             	6.3382             	5.0895             	0.5960             	60.0200            	0.0000             	0.0000             	0.0000             
118                	2020-11-05 12:51:43	215.0000           	29.4600            	3.7880             	6.3339             	5.0813             	0.5970             	60.0300            	0.0000             	0.0000             	0.0000             
119                	2020-11-05 12:51:44	215.0000           	29.7600            	3.8270             	6.3984             	5.1283             	0.5980             	60.0300            	0.0000             	0.0000             	0.0000             
120                	2020-11-05 12:51:45	215.0000           	29.9000            	3.8280             	6.4285             	5.1668             	0.5950             	60.0300            	0.0000             	0.0000             	0.0000             
121                	2020-11-05 12:51:46	215.0000           	30.5300            	3.9040             	6.5640             	5.2805             	0.5940             	60.0300            	0.0000             	0.0000             	0.0000             
122                	2020-11-05 12:51:47	214.9000           	29.4300            	3.7850             	6.3245             	5.0691             	0.5980             	60.0300            	0.0000             	0.0000             	0.0000             
123                	2020-11-05 12:51:48	215.0000           	29.3800            	3.7910             	6.3167             	5.0534             	0.6000             	60.0300            	0.0000             	0.0000             	0.0000             
124                	2020-11-05 12:51:49	215.0000           	29.1100            	3.7950             	6.2587             	4.9785             	0.6060             	60.0200            	0.0000             	0.0000             	0.0000             
125                	2020-11-05 12:51:51	215.0000           	29.7800            	3.8220             	6.4027             	5.1413             	0.5960             	60.0200            	0.0000             	0.0000             	0.0000             
126                	2020-11-05 12:51:52	215.0000           	29.6600            	3.7940             	6.3769             	5.1300             	0.5940             	60.0200            	0.0000             	0.0000             	0.0000             
127                	2020-11-05 12:51:53	214.9000           	29.6900            	3.7930             	6.3804             	5.1328             	0.5940             	60.0200            	0.0000             	0.0000             	0.0000             
128                	2020-11-05 12:51:54	214.9000           	29.7200            	3.7920             	6.3868             	5.1427             	0.5930             	60.0200            	0.0000             	0.0000             	0.0000             
129                	2020-11-05 12:51:55	215.0000           	29.7300            	3.7930             	6.3919             	5.1468             	0.5930             	60.0200            	0.0000             	0.0000             	0.0000             
130                	2020-11-05 12:51:56	215.0000           	30.7400            	3.9000             	6.6091             	5.3362             	0.5900             	60.0200            	0.0000             	0.0000             	0.0000             
131                	2020-11-05 12:51:57	215.0000           	29.6400            	3.7990             	6.3726             	5.1171             	0.5960             	60.0200            	0.0000             	0.0000             	0.0000             
132                	2020-11-05 12:51:59	215.0000           	29.5600            	3.8080             	6.3554             	5.0891             	0.5990             	60.0200            	0.0000             	0.0000             	0.0000             
133                	2020-11-05 12:52:00	214.9000           	29.6300            	3.8050             	6.3675             	5.1083             	0.5970             	60.0200            	0.0000             	0.0000             	0.0000             
134                	2020-11-05 12:52:01	215.0000           	29.9700            	3.8340             	6.4436             	5.1836             	0.5940             	60.0200            	0.0000             	0.0000             	0.0000             
135                	2020-11-05 12:52:02	214.9000           	30.0300            	3.7940             	6.4534             	5.2246             	0.5870             	60.0200            	0.0000             	0.0000             	0.0000             
136                	2020-11-05 12:52:03	214.6000           	30.6100            	3.7960             	6.5689             	5.3651             	0.5770             	60.0100            	0.0000             	0.0000             	0.0000             
137                	2020-11-05 12:52:04	214.7000           	30.7000            	3.7970             	6.5913             	5.3927             	0.5750             	60.0100            	0.0000             	0.0000             	0.0000             
138                	2020-11-05 12:52:06	214.9000           	30.8500            	3.8200             	6.6297             	5.4194             	0.5760             	60.0100            	0.0000             	0.0000             	0.0000             
139                	2020-11-05 12:52:07	214.7000           	31.5500            	3.9020             	6.7738             	5.5420             	0.5750             	60.0100            	0.0000             	0.0000             	0.0000             
140                	2020-11-05 12:52:08	214.8000           	30.2400            	3.7920             	6.4956             	5.2775             	0.5830             	60.0100            	0.0000             	0.0000             	0.0000             
141                	2020-11-05 12:52:09	214.8000           	30.2100            	3.7990             	6.4891             	5.2629             	0.5850             	60.0100            	0.0000             	0.0000             	0.0000             
142                	2020-11-05 12:52:10	214.7000           	29.9800            	3.7890             	6.4367             	5.2064             	0.5880             	60.0100            	0.0000             	0.0000             	0.0000             
143                	2020-11-05 12:52:11	214.8000           	30.0700            	3.7950             	6.4590             	5.2292             	0.5870             	60.0000            	0.0000             	0.0000             	0.0000             
144                	2020-11-05 12:52:12	214.8000           	30.5600            	3.8280             	6.5643             	5.3333             	0.5830             	60.0000            	0.0000             	0.0000             	0.0000             
145                	2020-11-05 12:52:13	214.8000           	30.6300            	3.8300             	6.5793             	5.3549             	0.5810             	60.0300            	0.0000             	0.0000             	0.0000             
146                	2020-11-05 12:52:15	214.6000           	30.2100            	3.8000             	6.4831             	5.2580             	0.5850             	60.0100            	0.0000             	0.0000             	0.0000             
147                	2020-11-05 12:52:16	214.7000           	30.2100            	3.7890             	6.4861             	5.2698             	0.5830             	60.0100            	0.0000             	0.0000             	0.0000             
148                	2020-11-05 12:52:17	214.5000           	32.8400            	4.0550             	7.0442             	5.7632             	0.5750             	60.0000            	0.0000             	0.0000             	0.0000             
149                	2020-11-05 12:52:18	214.7000           	30.2800            	3.7910             	6.5011             	5.2866             	0.5820             	60.0000            	0.0000             	0.0000             	0.0000             
150                	2020-11-05 12:52:19	214.7000           	30.2500            	3.7960             	6.4947             	5.2721             	0.5840             	60.0000            	0.0000             	0.0000             	0.0000             
151                	2020-11-05 12:52:20	214.7000           	30.3000            	3.8280             	6.5054             	5.2620             	0.5880             	60.0000            	0.0000             	0.0000             	0.0000             
152                	2020-11-05 12:52:21	214.7000           	30.1400            	3.8300             	6.4711             	5.2200             	0.5910             	60.0000            	0.0000             	0.0000             	0.0000             
153                	2020-11-05 12:52:22	214.7000           	30.0100            	3.7990             	6.4431             	5.2069             	0.5890             	60.0000            	0.0000             	0.0000             	0.0000             
154                	2020-11-05 12:52:24	214.6000           	30.0000            	3.7920             	6.4380             	5.2074             	0.5880             	60.0000            	0.0000             	0.0000             	0.0000             
155                	2020-11-05 12:52:25	214.8000           	29.9700            	3.7950             	6.4376             	5.2024             	0.5890             	60.0000            	0.0000             	0.0000             	0.0000             
156                	2020-11-05 12:52:26	214.6000           	29.9900            	3.7930             	6.4359             	5.2104             	0.5870             	60.0100            	0.0000             	0.0000             	0.0000             
157                	2020-11-05 12:52:27	214.6000           	30.1700            	3.8080             	6.4745             	5.2417             	0.5870             	60.0100            	0.0000             	0.0000             	0.0000             
158                	2020-11-05 12:52:28	214.5000           	30.0400            	3.7940             	6.4436             	5.2120             	0.5880             	60.0100            	0.0000             	0.0000             	0.0000             
159                	2020-11-05 12:52:29	214.6000           	29.9200            	3.7940             	6.4208             	5.1842             	0.5900             	60.0100            	0.0000             	0.0000             	0.0000             
160                	2020-11-05 12:52:31	214.6000           	29.9800            	3.7940             	6.4337             	5.1993             	0.5890             	60.0100            	0.0000             	0.0000             	0.0000             
161                	2020-11-05 12:52:32	214.6000           	30.0000            	3.7930             	6.4380             	5.2074             	0.5880             	60.0100            	0.0000             	0.0000             	0.0000             
162                	2020-11-05 12:52:33	214.5000           	30.3500            	3.8310             	6.5101             	5.2657             	0.5880             	60.0100            	0.0000             	0.0000             	0.0000             
163                	2020-11-05 12:52:34	214.5000           	30.1100            	3.7920             	6.4586             	5.2288             	0.5870             	60.0100            	0.0000             	0.0000             	0.0000             
164                	2020-11-05 12:52:35	214.5000           	29.9900            	3.7900             	6.4329             	5.1986             	0.5890             	60.0100            	0.0000             	0.0000             	0.0000             
165                	2020-11-05 12:52:36	214.5000           	30.0800            	3.7950             	6.4522             	5.2236             	0.5870             	60.0100            	0.0000             	0.0000             	0.0000             
166                	2020-11-05 12:52:37	214.4000           	30.0500            	3.7940             	6.4427             	5.2113             	0.5880             	60.0100            	0.0000             	0.0000             	0.0000             
167                	2020-11-05 12:52:38	214.7000           	29.9100            	3.7930             	6.4217             	5.1849             	0.5900             	60.0100            	0.0000             	0.0000             	0.0000             
168                	2020-11-05 12:52:40	214.6000           	30.0300            	3.7980             	6.4444             	5.2080             	0.5890             	60.0100            	0.0000             	0.0000             	0.0000             
169                	2020-11-05 12:52:41	214.7000           	30.1200            	3.7960             	6.4668             	5.2354             	0.5870             	60.0100            	0.0000             	0.0000             	0.0000             
170                	2020-11-05 12:52:42	214.6000           	30.0600            	3.8020             	6.4509             	5.2132             	0.5890             	60.0100            	0.0000             	0.0000             	0.0000             
171                	2020-11-05 12:52:43	214.6000           	30.2300            	3.8000             	6.4874             	5.2615             	0.5850             	60.0200            	0.0000             	0.0000             	0.0000             
172                	2020-11-05 12:52:44	214.6000           	30.1000            	3.8000             	6.4595             	5.2248             	0.5880             	60.0200            	0.0000             	0.0000             	0.0000             
173                	2020-11-05 12:52:45	214.6000           	30.1800            	3.8070             	6.4766             	5.2434             	0.5870             	60.0300            	0.0000             	0.0000             	0.0000             
174                	2020-11-05 12:52:46	214.7000           	30.2600            	3.8020             	6.4968             	5.2738             	0.5840             	60.0200            	0.0000             	0.0000             	0.0000             
175                	2020-11-05 12:52:47	214.4000           	30.2900            	3.7930             	6.4942             	5.2763             	0.5830             	60.0200            	0.0000             	0.0000             	0.0000             
176                	2020-11-05 12:52:48	214.6000           	30.4700            	3.8070             	6.5389             	5.3173             	0.5820             	60.0200            	0.0000             	0.0000             	0.0000             
177                	2020-11-05 12:52:50	214.4000           	30.7000            	3.8290             	6.5821             	5.3572             	0.5810             	60.0200            	0.0000             	0.0000             	0.0000             
178                	2020-11-05 12:52:51	214.2000           	30.6400            	3.8290             	6.5631             	5.3323             	0.5830             	60.0200            	0.0000             	0.0000             	0.0000             
179                	2020-11-05 12:52:52	214.5000           	30.4800            	3.8070             	6.5380             	5.3166             	0.5820             	60.0200            	0.0000             	0.0000             	0.0000             
180                	2020-11-05 12:52:53	214.6000           	30.1900            	3.8060             	6.4788             	5.2451             	0.5870             	60.0100            	0.0000             	0.0000             	0.0000             
181                	2020-11-05 12:52:54	214.6000           	30.1300            	3.8040             	6.4659             	5.2300             	0.5880             	60.0100            	0.0000             	0.0000             	0.0000             
182                	2020-11-05 12:52:55	214.7000           	30.1400            	3.8090             	6.4711             	5.2342             	0.5880             	60.0100            	0.0000             	0.0000             	0.0000             
183                	2020-11-05 12:52:56	214.6000           	30.2600            	3.8010             	6.4938             	5.2667             	0.5850             	60.0200            	0.0000             	0.0000             	0.0000             
184                	2020-11-05 12:52:57	214.6000           	30.2100            	3.8020             	6.4831             	5.2533             	0.5860             	60.0200            	0.0000             	0.0000             	0.0000             
185                	2020-11-05 12:52:58	214.6000           	30.3100            	3.8150             	6.5045             	5.2707             	0.5860             	60.0100            	0.0000             	0.0000             	0.0000             
186                	2020-11-05 12:53:00	214.6000           	30.1900            	3.8130             	6.4788             	5.2404             	0.5880             	60.0200            	0.0000             	0.0000             	0.0000             
187                	2020-11-05 12:53:01	214.5000           	30.1600            	3.8040             	6.4693             	5.2375             	0.5870             	60.0200            	0.0000             	0.0000             	0.0000             
188                	2020-11-05 12:53:02	214.6000           	30.2600            	3.8150             	6.4938             	5.2573             	0.5870             	60.0200            	0.0000             	0.0000             	0.0000             
189                	2020-11-05 12:53:03	214.5000           	30.1000            	3.8440             	6.4565             	5.1940             	0.5940             	60.0200            	0.0000             	0.0000             	0.0000             
190                	2020-11-05 12:53:04	214.8000           	29.7800            	3.8040             	6.3967             	5.1460             	0.5940             	60.0200            	0.0000             	0.0000             	0.0000             
191                	2020-11-05 12:53:05	214.7000           	29.8200            	3.7990             	6.4024             	5.1552             	0.5930             	60.0200            	0.0000             	0.0000             	0.0000             
192                	2020-11-05 12:53:07	214.5000           	30.4000            	3.7940             	6.5208             	5.3073             	0.5810             	60.0200            	0.0000             	0.0000             	0.0000             
193                	2020-11-05 12:53:08	214.6000           	30.2500            	3.8000             	6.4916             	5.2649             	0.5850             	60.0200            	0.0000             	0.0000             	0.0000             
194                	2020-11-05 12:53:09	214.8000           	30.4300            	3.8400             	6.5364             	5.2918             	0.5870             	60.0200            	0.0000             	0.0000             	0.0000             
195                	2020-11-05 12:53:10	214.7000           	30.2200            	3.8060             	6.4882             	5.2575             	0.5860             	60.0200            	0.0000             	0.0000             	0.0000             
196                	2020-11-05 12:53:11	214.6000           	30.8900            	3.8910             	6.6290             	5.3715             	0.5860             	60.0300            	0.0000             	0.0000             	0.0000             
197                	2020-11-05 12:53:12	214.4000           	30.0400            	3.8130             	6.4406             	5.1907             	0.5920             	60.0300            	0.0000             	0.0000             	0.0000             
198                	2020-11-05 12:53:14	214.6000           	29.9600            	3.8010             	6.4294             	5.1864             	0.5910             	60.0200            	0.0000             	0.0000             	0.0000             
199                	2020-11-05 12:53:15	214.5000           	30.1000            	3.8280             	6.4565             	5.2035             	0.5920             	60.0200            	0.0000             	0.0000             	0.0000             
200                	2020-11-05 12:53:16	214.7000           	30.2300            	3.8260             	6.4904             	5.2451             	0.5890             	60.0200            	0.0000             	0.0000             	0.0000             
201                	2020-11-05 12:53:17	214.6000           	30.2700            	3.8300             	6.4959             	5.2496             	0.5890             	60.0200            	0.0000             	0.0000             	0.0000             
202                	2020-11-05 12:53:18	214.7000           	30.4600            	3.8400             	6.5398             	5.2945             	0.5870             	60.0200            	0.0000             	0.0000             	0.0000             
203                	2020-11-05 12:53:19	214.7000           	30.0800            	3.8050             	6.4582             	5.2238             	0.5880             	60.0200            	0.0000             	0.0000             	0.0000             
204                	2020-11-05 12:53:21	214.7000           	30.2600            	3.8510             	6.4968             	5.2360             	0.5920             	60.0200            	0.0000             	0.0000             	0.0000             
205                	2020-11-05 12:53:22	214.6000           	29.9600            	3.8000             	6.4294             	5.1911             	0.5900             	60.0200            	0.0000             	0.0000             	0.0000             
206                	2020-11-05 12:53:23	214.6000           	29.9000            	3.8050             	6.4165             	5.1713             	0.5920             	60.0100            	0.0000             	0.0000             	0.0000             
207                	2020-11-05 12:53:24	214.5000           	29.8400            	3.8050             	6.4007             	5.1491             	0.5940             	60.0100            	0.0000             	0.0000             	0.0000             
208                	2020-11-05 12:53:25	214.7000           	29.9700            	3.8090             	6.4346             	5.1906             	0.5910             	60.0100            	0.0000             	0.0000             	0.0000             
209                	2020-11-05 12:53:26	214.5000           	29.9600            	3.8090             	6.4264             	5.1793             	0.5920             	60.0100            	0.0000             	0.0000             	0.0000             
210                	2020-11-05 12:53:27	214.6000           	30.2600            	3.8470             	6.4938             	5.2336             	0.5920             	60.0200            	0.0000             	0.0000             	0.0000             
211                	2020-11-05 12:53:28	214.5000           	30.3600            	3.8460             	6.5122             	5.2580             	0.5900             	60.0100            	0.0000             	0.0000             	0.0000             
212                	2020-11-05 12:53:29	214.5000           	30.0100            	3.8120             	6.4371             	5.1879             	0.5920             	60.0100            	0.0000             	0.0000             	0.0000             
213                	2020-11-05 12:53:31	214.6000           	29.9100            	3.8060             	6.4187             	5.1731             	0.5920             	60.0100            	0.0000             	0.0000             	0.0000             
214                	2020-11-05 12:53:32	214.5000           	33.8000            	4.1820             	7.2501             	5.9266             	0.5760             	60.0200            	0.0000             	0.0000             	0.0000             
215                	2020-11-05 12:53:33	214.4000           	29.9000            	3.8170             	6.4106             	5.1523             	0.5950             	60.0200            	0.0000             	0.0000             	0.0000             
216                	2020-11-05 12:53:34	214.4000           	29.9200            	3.8060             	6.4148             	5.1700             	0.5920             	60.0200            	0.0000             	0.0000             	0.0000             
217                	2020-11-05 12:53:35	214.4000           	29.9300            	3.8020             	6.4170             	5.1717             	0.5920             	60.0200            	0.0000             	0.0000             	0.0000             
218                	2020-11-05 12:53:37	214.5000           	30.3100            	3.8380             	6.5015             	5.2493             	0.5900             	60.0200            	0.0000             	0.0000             	0.0000             
219                	2020-11-05 12:53:38	214.4000           	30.0200            	3.8030             	6.4363             	5.1967             	0.5900             	60.0200            	0.0000             	0.0000             	0.0000             
220                	2020-11-05 12:53:39	214.6000           	30.1400            	3.8100             	6.4680             	5.2270             	0.5890             	60.0200            	0.0000             	0.0000             	0.0000             
221                	2020-11-05 12:53:40	214.5000           	30.3500            	3.8120             	6.5101             	5.2799             	0.5850             	60.0200            	0.0000             	0.0000             	0.0000             
222                	2020-11-05 12:53:41	214.4000           	30.2200            	3.8080             	6.4792             	5.2454             	0.5870             	60.0000            	0.0000             	0.0000             	0.0000             
223                	2020-11-05 12:53:42	214.4000           	30.2500            	3.8100             	6.4856             	5.2507             	0.5870             	60.0200            	0.0000             	0.0000             	0.0000             
224                	2020-11-05 12:53:43	214.5000           	30.6200            	3.8500             	6.5680             	5.3221             	0.5860             	60.0200            	0.0000             	0.0000             	0.0000             
225                	2020-11-05 12:53:44	214.5000           	30.0800            	3.8080             	6.4522             	5.2095             	0.5900             	60.0200            	0.0000             	0.0000             	0.0000             
226                	2020-11-05 12:53:45	214.5000           	30.2200            	3.8080             	6.4822             	5.2479             	0.5870             	60.0300            	0.0000             	0.0000             	0.0000             
227                	2020-11-05 12:53:46	214.5000           	30.8400            	3.8410             	6.6152             	5.3888             	0.5800             	60.0200            	0.0000             	0.0000             	0.0000             
228                	2020-11-05 12:53:48	214.4000           	30.9100            	3.8310             	6.6271             	5.4126             	0.5770             	60.0200            	0.0000             	0.0000             	0.0000             
229                	2020-11-05 12:53:49	214.6000           	30.9900            	3.8460             	6.6505             	5.4270             	0.5780             	60.0200            	0.0000             	0.0000             	0.0000             
230                	2020-11-05 12:53:50	214.5000           	30.9300            	3.8450             	6.6345             	5.4093             	0.5790             	60.0200            	0.0000             	0.0000             	0.0000             
231                	2020-11-05 12:53:51	214.5000           	30.7300            	3.8340             	6.5916             	5.3649             	0.5810             	60.0200            	0.0000             	0.0000             	0.0000             
232                	2020-11-05 12:53:52	214.5000           	30.5300            	3.8140             	6.5487             	5.3253             	0.5820             	60.0300            	0.0000             	0.0000             	0.0000             
233                	2020-11-05 12:53:53	214.8000           	31.2000            	3.8910             	6.7018             	5.4594             	0.5800             	60.0200            	0.0000             	0.0000             	0.0000             
234                	2020-11-05 12:53:54	215.0000           	30.3300            	3.8160             	6.5210             	5.2887             	0.5850             	60.0200            	0.0000             	0.0000             	0.0000             
235                	2020-11-05 12:53:55	215.0000           	30.2900            	3.8140             	6.5123             	5.2817             	0.5850             	60.0300            	0.0000             	0.0000             	0.0000             
236                	2020-11-05 12:53:56	215.0000           	30.1500            	3.8090             	6.4822             	5.2479             	0.5870             	60.0300            	0.0000             	0.0000             	0.0000             
237                	2020-11-05 12:53:57	214.9000           	30.3100            	3.8240             	6.5136             	5.2781             	0.5860             	60.0300            	0.0000             	0.0000             	0.0000             
238                	2020-11-05 12:53:59	214.9000           	31.7500            	3.9710             	6.8231             	5.5484             	0.5820             	60.0300            	0.0000             	0.0000             	0.0000             
239                	2020-11-05 12:54:00	214.7000           	30.4100            	3.8180             	6.5290             	5.3000             	0.5840             	60.0200            	0.0000             	0.0000             	0.0000             
240                	2020-11-05 12:54:01	214.9000           	30.6100            	3.8190             	6.5781             	5.3586             	0.5800             	60.0200            	0.0000             	0.0000             	0.0000             
241                	2020-11-05 12:54:02	214.8000           	30.6300            	3.8150             	6.5793             	5.3643             	0.5790             	60.0200            	0.0000             	0.0000             	0.0000             
242                	2020-11-05 12:54:03	214.8000           	30.8100            	3.8480             	6.6180             	5.3864             	0.5810             	60.0200            	0.0000             	0.0000             	0.0000             
243                	2020-11-05 12:54:04	214.6000           	31.0300            	3.8550             	6.6590             	5.4340             	0.5780             	60.0200            	0.0000             	0.0000             	0.0000             
244                	2020-11-05 12:54:05	214.6000           	30.4400            	3.8170             	6.5324             	5.3027             	0.5840             	60.0200            	0.0000             	0.0000             	0.0000             
245                	2020-11-05 12:54:06	214.6000           	30.2000            	3.8120             	6.4809             	5.2469             	0.5870             	60.0200            	0.0000             	0.0000             	0.0000             
246                	2020-11-05 12:54:08	214.7000           	30.0400            	3.8140             	6.4496             	5.2027             	0.5910             	60.0200            	0.0000             	0.0000             	0.0000             
247                	2020-11-05 12:54:09	214.8000           	30.7800            	3.8520             	6.6115             	5.3764             	0.5820             	60.0200            	0.0000             	0.0000             	0.0000             
248                	2020-11-05 12:54:10	214.7000           	30.9900            	3.8520             	6.6536             	5.4295             	0.5780             	60.0200            	0.0000             	0.0000             	0.0000             
249                	2020-11-05 12:54:11	214.7000           	31.0100            	3.8530             	6.6578             	5.4330             	0.5780             	60.0200            	0.0000             	0.0000             	0.0000             
250                	2020-11-05 12:54:12	214.5000           	30.9200            	3.8480             	6.6323             	5.4075             	0.5790             	60.0100            	0.0000             	0.0000             	0.0000             
251                	2020-11-05 12:54:13	214.7000           	30.9500            	3.8480             	6.6450             	5.4225             	0.5780             	60.0100            	0.0000             	0.0000             	0.0000             
252                	2020-11-05 12:54:14	214.6000           	30.5300            	3.8150             	6.5517             	5.3278             	0.5820             	60.0100            	0.0000             	0.0000             	0.0000             
253                	2020-11-05 12:54:16	214.6000           	30.6700            	3.8180             	6.5818             	5.3663             	0.5790             	60.0100            	0.0000             	0.0000             	0.0000             
254                	2020-11-05 12:54:17	214.7000           	30.6300            	3.8130             	6.5763             	5.3618             	0.5790             	60.0200            	0.0000             	0.0000             	0.0000             
255                	2020-11-05 12:54:18	214.9000           	30.4600            	3.8180             	6.5459             	5.3183             	0.5830             	60.0100            	0.0000             	0.0000             	0.0000             
256                	2020-11-05 12:54:19	215.0000           	30.4300            	3.8190             	6.5424             	5.3156             	0.5830             	60.0100            	0.0000             	0.0000             	0.0000             
257                	2020-11-05 12:54:20	215.1000           	30.7300            	3.8430             	6.6100             	5.3799             	0.5810             	60.0200            	0.0000             	0.0000             	0.0000             
258                	2020-11-05 12:54:22	215.0000           	30.8200            	3.8530             	6.6263             	5.3932             	0.5810             	60.0100            	0.0000             	0.0000             	0.0000             
259                	2020-11-05 12:54:23	215.0000           	30.8100            	3.8560             	6.6241             	5.3914             	0.5810             	60.0200            	0.0000             	0.0000             	0.0000             
260                	2020-11-05 12:54:24	215.1000           	30.6700            	3.8450             	6.5971             	5.3647             	0.5820             	60.0200            	0.0000             	0.0000             	0.0000             
261                	2020-11-05 12:54:25	215.1000           	30.6000            	3.8150             	6.5821             	5.3665             	0.5790             	60.0200            	0.0000             	0.0000             	0.0000             
262                	2020-11-05 12:54:26	215.0000           	30.5500            	3.8470             	6.5682             	5.3271             	0.5850             	60.0200            	0.0000             	0.0000             	0.0000             
263                	2020-11-05 12:54:27	214.9000           	30.6900            	3.8450             	6.5953             	5.3632             	0.5820             	60.0200            	0.0000             	0.0000             	0.0000             
264                	2020-11-05 12:54:28	215.0000           	30.7500            	3.8540             	6.6113             	5.3762             	0.5820             	60.0200            	0.0000             	0.0000             	0.0000             
265                	2020-11-05 12:54:29	215.0000           	30.5000            	3.8430             	6.5575             	5.3184             	0.5850             	60.0100            	0.0000             	0.0000             	0.0000             
